25 3755
6 3755
11 3748
11 3755
11 3787
15 3755
20 3755
24 3748
24 3792
47 3720
47 3755
53 3717
53 3755
29 3717
29 3720
75 3755
109 3752
109 3792
122 3772
122 3776
127 3713
127 3769
132 3769
147 3787
178 3755
182 3787
215 3755
263 3726
302 3724
306 3713
306 3720
311 3755
319 3748
319 3752
319 3796
341 3755
371 3755
371 3796
391 3776
398 3792
432 3796
456 3755
457 3724
457 3726
457 3755
457 3769
457 3796
465 3717
536 3755
559 3755
600 3755
600 3769
634 3755
634 3796
659 3755
664 3755
686 3755
688 3720
706 3755
722 3755
722 3796
737 3726
737 3792
763 3752
764 3755
766 3720
766 3724
766 3726
766 3748
766 3752
766 3769
766 3772
766 3776
766 3787
766 3792
766 3796
769 3755
788 3755
781 3755
784 3720
784 3755
789 3748
789 3755
810 3755
813 3713
813 3724
813 3748
822 3748
826 3755
825 3748
825 3796
852 3755
879 3745
904 3755
908 3755
935 3796
959 3755
960 3769
974 3769
988 3745
988 3769
996 3796
1024 3748
1029 3755
1032 3720
1032 3787
1037 3724
1055 3755
1074 3792
1098 3726
1125 3769
1125 3796
1129 3755
1133 3724
1133 3748
1133 3787
1133 3796
1137 3748
1137 3755
1137 3796
1151 3726
1151 3752
1151 3792
1151 3796
1164 3755
1166 3724
1166 3755
1166 3796
1167 3720
1167 3755
1193 3755
1196 3769
1204 3755
1211 3720
1235 3755
1241 3755
1261 3755
1286 3755
1297 3755
1305 3713
1305 3717
1305 3769
1305 3772
1319 3726
1319 3755
1319 3787
1331 3755
1336 3792
1350 3755
1354 3769
1358 3755
1368 3717
1368 3755
1368 3772
1368 3785
1369 3755
1370 3755
1374 3720
1374 3726
1374 3752
1374 3755
1382 3745
1377 3755
1381 3748
1381 3755
1384 3717
1384 3755
1390 3755
1428 3717
1457 3748
1469 3755
1483 3755
1496 3772
1521 3755
1522 3724
1538 3755
1542 3776
1549 3720
1549 3745
1549 3755
1549 3787
1549 3796
1566 3748
1608 3796
1622 3792
1639 3792
1564 3755
1667 3796
1744 3776
1748 3755
1749 3755
1754 3787
1772 3755
1783 3748
1789 3796
1799 3796
1807 3796
1814 3720
1816 3755
1838 3787
1875 3717
1896 3748
1931 3755
1951 3769
1982 3792
1990 3785
2009 3755
2016 3748
2065 3769
2118 3752
2129 3724
2133 3755
2135 3724
2135 3748
2135 3787
2135 3792
2144 3720
2145 3787
2156 3745
2160 3776
2215 3792
2217 3785
2217 3787
2223 3720
2225 3755
2237 3748
2240 3796
2249 3726
2252 3745
2256 3720
2256 3737
2256 3769
2256 3776
2256 3785
2256 3787
2257 3796
2290 3717
2290 3720
2290 3737
2290 3745
2290 3769
2290 3772
2297 3770
2298 3724
2323 3724
2326 3717
2326 3720
2326 3745
2326 3769
2326 3787
2328 3713
2328 3769
2357 3755
2369 3755
2369 3796
2371 3748
2371 3796
2375 3724
2376 3755
2381 3720
2379 3772
2379 3787
2384 3787
2384 3796
2387 3724
2387 3796
2398 3720
2411 3772
2485 3748
2485 3752
2485 3796
2497 3745
2497 3772
2504 3720
2516 3792
2549 3752
2560 3717
2560 3770
2564 3720
2565 3717
2565 3720
2565 3726
2565 3748
2565 3752
2565 3769
2565 3770
2565 3787
2565 3792
2565 3796
2576 3769
2474 3755
2618 3755
2623 3772
2619 3752
2647 3755
2651 3769
2651 3772
2651 3785
2651 3787
2653 3748
2653 3772
2658 3713
2658 3724
2658 3745
2658 3752
2658 3769
2658 3772
2674 3717
2700 3717
2700 3787
2686 3769
2686 3785
2702 3755
2702 3796
2688 3720
2688 3724
2688 3748
2688 3769
2688 3772
2688 3792
2688 3796
2660 3752
2693 3792
2695 3720
2696 3748
2696 3796
2724 3772
2730 3755
2731 3755
2733 3755
2729 3755
2734 3755
2747 3769
2747 3772
2747 3776
2747 3785
2760 3787
2778 3724
2790 3785
2654 3717
2654 3769
2834 3726
2838 3776
2851 3796
2859 3717
2859 3724
2859 3748
2871 3717
2871 3720
2871 3748
2871 3755
2871 3796
2872 3717
2872 3720
2883 3755
2909 3726
2923 3724
2932 3724
2940 3769
2940 3772
2940 3792
2967 3717
2967 3724
2967 3748
2967 3787
2967 3796
2968 3724
2972 3720
2972 3748
2972 3755
2972 3796
2974 3720
2985 3748
2988 3772
2988 3796
2991 3787
3009 3724
3010 3717
3010 3769
3010 3772
3010 3776
3024 3748
3026 3720
3026 3724
3026 3748
3028 3776
3028 3785
3032 3724
3032 3787
3034 3724
2713 3717
2713 3720
2713 3787
3057 3787
3059 3748
3073 3726
3084 3717
3084 3720
3084 3752
3084 3776
3087 3748
3092 3726
3092 3796
2842 3720
2842 3737
3127 3701
3159 3748
3168 3720
3168 3787
3176 3796
3192 3717
3192 3748
3197 3717
3256 3717
3256 3769
3258 3787
3276 3717
3284 3785
3291 3787
3297 3717
1529 3755
3313 3720
3343 3772
3350 3748
3352 3717
3352 3724
3357 3769
3378 3720
3380 3769
3381 3726
3381 3792
3392 3769
3393 3752
3394 3737
3394 3745
3394 3769
3394 3772
3394 3776
3394 3785
3402 3720
3402 3724
3402 3748
3404 3792
3390 3748
3390 3796
3409 3752
3443 3720
3443 3724
3447 3752
3447 3796
3449 3726
3449 3748
3449 3792
3449 3796
3452 3748
3452 3796
3453 3748
3453 3796
3454 3724
3455 3748
3456 3748
3456 3792
3456 3796
3457 3726
3457 3785
3461 3755
3461 3796
3463 3748
3479 3748
3481 3737
3482 3769
3482 3772
3498 3755
3498 3796
3518 3720
3519 3796
3523 3769
3523 3776
3525 3772
3527 3772
3540 3717
3567 3717
3568 3720
3568 3787
3568 3796
3569 3720
3578 3708
3586 3770
3528 3737
3528 3745
3593 3726
3601 3748
3601 3785
3611 3737
3611 3769
3614 3776
3614 3796
3615 3720
3615 3796
3631 3787
3633 3720
3634 3755
3635 3787
3641 3720
3641 3724
3641 3748
3641 3792
3641 3796
3642 3792
3642 3796
3643 3748
3643 3796
3645 3720
3658 3796
3660 3720
3660 3724
3682 3769
3682 3772
3682 3787
3691 3769
3691 3792
3700 3701
3711 3713
3712 3713
3724 3787
3728 3720
3728 3724
3744 3745
3748 3796
3764 3769
3770 3769
3771 3772
3774 3776
3775 3720
3775 3776
3787 3724
3787 3748
3787 3796
3796 3724
3796 3748
3796 3755
3796 3797
3795 3797
3794 3748
3794 3796
3794 3797
3803 3748
3812 3717
3812 3720
3813 3717
3813 3724
3814 3720
3815 3717
3854 3748
3854 3796
3877 3792
3912 3787
3916 3755
3916 3796
3917 3787
3920 3787
3948 3720
3948 3787
3949 3717
3949 3720
3955 3720
3965 3752
3969 3785
3973 3717
3973 3787
3976 3792
3976 3796
3977 3720
4023 3720
4034 3717
4035 3717
4036 3717
4036 3720
4036 3796
4037 3717
4040 3748
4040 3755
4040 3796
4041 3796
4042 3787
4044 3724
4045 3724
4045 3726
4045 3748
4045 3785
4045 3796
4046 3748
4065 3724
4065 3792
4070 3796
4073 3724
4073 3796
4080 3720
4099 3755
4099 3796
4116 3755
4076 3748
4076 3787
4124 3724
4127 3724
4127 3787
4136 3787
4138 3785
4150 3748
4151 3796
4152 3724
3819 3787
4199 3787
3995 3796
4211 3796
4219 3748
4222 3724
4221 3796
4275 3748
4276 3796
4295 3796
4315 3748
4329 3724
4351 3724
4355 3796
4363 3796
4415 3748
4432 3796
4441 3752
4459 3748
4483 3796
4511 3724
4498 3724
4534 3796
4547 3796
4564 3796
4574 3748
4587 3748
4598 3755
4625 3796
4626 3796
4632 3752
4632 3770
4632 3796
4633 3748
4653 3755
4653 3796
4661 3796
4662 3796
4663 3748
4665 3748
4669 3796
4681 3748
4688 3748
4709 3796
4717 3796
4718 3796
4712 3726
4712 3755
4749 3748
4750 3748
4751 3748
4754 3748
4752 3748
4753 3748
4756 3755
4764 3796
4792 3796
4818 3796
4824 3755
4829 3792
4856 3755
4894 3796
4899 3796
4943 3726
4948 3752
4948 3796
4964 3796
4967 3755
4967 3792
4967 3796
4974 3796
4981 3752
4982 3755
4982 3796
5002 3796
5006 3796
5011 3796
5020 3755
5029 3796
5037 3796
5059 3726
5079 3755
5079 3792
5079 3796
5095 3792
4828 3752
4828 3792
4828 3796
5171 3796
5172 3755
5172 3796
5173 3796
5174 3796
5175 3796
4795 3752
4795 3796
5176 3755
5176 3796
5177 3796
5178 3796
4310 3752
4310 3755
4310 3796
5179 3792
5179 3796
5180 3796
5181 3796
5182 3796
5183 3796
5184 3796
5185 3792
5185 3796
5186 3796
5187 3796
5188 3792
5188 3796
5189 3755
5189 3796
5190 3796
5191 3796
5192 3796
5250 3755
5439 3792
5472 3752
5484 3755
5524 3726
5524 3752
5524 3792
5531 3792
5543 3792
5553 3792
5608 3755
5617 3755
5620 3755
5396 3755
5671 3770
5676 3755
5697 3792
5702 3726
5714 3792
5739 3792
5775 3752
5796 3792
5800 3792
5802 3726
5802 3752
5811 3726
5814 3770
5816 3726
5816 3792
5818 3792
5824 3792
5915 3752
6032 3726
6217 3792
6243 3752
6280 3726
6305 3770
6334 3792
6346 3792
6359 3726
6359 3792
6327 3726
6327 3792
6486 3726
6494 3752
6494 3792
6500 3792
6596 3752
6619 3726
6615 3726
6615 3792
6624 3726
6624 3752
6635 3752
6649 3792
6714 3726
6784 3792
6801 3752
6620 3726
6620 3792
6861 3792
6862 3792
6863 3792
6864 3792
6866 3792
6902 3752
6906 3726
6907 3726
6907 3752
6916 3770
6941 3726
6993 3752
7052 3726
7052 3752
7055 3752
7086 3726
7092 3726
7104 3726
7106 3726
7113 3752
6994 3726
7188 3726
5143 3726
7231 3752
7280 3752
7449 3752
7511 3752
7598 3752
7605 3752
7614 3752
7675 3770
7691 3752
7744 3770
7768 3752
7769 3752
7808 3752
7808 3770
7818 3752
7882 3752
