6 4942
11 4938
11 4962
24 4944
24 4953
24 4999
36 4929
72 4994
86 4962
103 4929
103 4944
68 4944
68 4981
109 4940
109 4994
110 4981
122 4953
122 4964
122 4977
122 4999
113 4940
127 4999
172 4994
290 4983
319 4954
319 4962
319 4994
335 4994
383 4977
407 4980
456 4981
457 4929
457 4940
457 4944
457 4953
457 4964
457 4980
457 4986
457 4994
457 4999
580 4983
583 4977
634 4929
634 4994
663 4980
695 4962
695 4999
722 4980
737 4953
737 4983
697 4953
697 4962
697 4964
749 4953
749 4981
763 4953
766 4929
766 4938
766 4944
766 4953
766 4962
766 4964
766 4977
766 4980
766 4981
766 4983
766 4986
766 4994
766 4999
788 4980
789 4929
789 4953
789 4977
789 4999
813 4999
825 4986
841 4964
854 4929
879 4938
879 4962
947 4962
950 4994
974 4962
974 4981
988 4962
988 4999
994 4953
996 4929
996 4964
1006 4983
1043 4953
1051 4953
1074 4994
1097 4953
1098 4940
1098 4981
1133 4929
1133 4938
1133 4942
1133 4946
1133 4953
1133 4962
1133 4983
1133 4999
1151 4954
1151 4964
1151 4981
1151 4986
1166 4953
1166 4981
1169 4999
1204 4938
1207 4994
1247 4953
1267 4938
1305 4938
1305 4953
1305 4993
1320 4980
1360 4953
1374 4964
1374 4977
1374 4981
1385 4999
1463 4944
1466 4964
1467 4964
1470 4983
1492 4964
1506 4953
1542 4981
1542 4994
1592 4953
1691 4981
1734 4929
1734 4954
1799 4981
1814 4944
1922 4983
1951 4994
1972 4929
2068 4981
2135 4953
2145 4953
2172 4980
2181 4983
2237 4938
2237 4962
2240 4981
2256 4946
2257 4938
2258 4980
2258 4994
2297 4981
2297 4983
2326 4938
2326 4962
2328 4994
2369 4929
2369 4964
2369 4977
2369 4983
2371 4964
2381 4977
2384 4999
2387 4964
2410 4929
2440 4981
2456 4981
2456 4983
2485 4938
2485 4964
2485 4977
2504 4953
2504 4962
2504 4981
2504 4999
2506 4983
2542 4981
2549 4929
2566 4994
2557 4953
2557 4999
2560 4999
2564 4953
2565 4929
2565 4938
2565 4940
2565 4944
2565 4953
2565 4964
2565 4981
2565 4983
2565 4986
2565 4999
2576 4981
2605 4986
2617 4980
2651 4938
2651 4962
2651 4993
2651 4999
2657 4953
2658 4942
2658 4962
2658 4964
2658 4981
2658 4983
2677 4944
2686 4999
2702 4953
2702 4983
2688 4929
2688 4953
2688 4954
2688 4962
2688 4964
2688 4977
2688 4983
2688 4986
2688 4993
2688 4999
2660 4980
2667 4929
2667 4964
2667 4980
2693 4953
2693 4980
2775 4981
2802 4964
2811 4929
2832 4953
2851 4940
2871 4929
2871 4953
2871 4962
2871 4964
2871 4999
2935 4938
2935 4962
2935 4983
2935 4999
2940 4980
2967 4938
2967 4953
2967 4962
2967 4999
2968 4983
2972 4929
2972 4934
2972 4938
2972 4964
2972 4986
2972 4987
2972 4992
2972 4999
2983 4940
2989 4999
3000 4994
3015 4980
3026 4962
3026 4983
3026 4999
3028 4962
3028 4964
3028 4983
3028 4987
3028 4999
3032 4953
3032 4981
3092 4962
3142 4940
3142 4964
3172 4964
3192 4983
3191 4964
3191 4977
3191 4986
3208 4999
3227 4983
3256 4953
3291 4999
3297 4940
3321 4964
3321 4999
3345 4964
3350 4962
3352 4929
3352 4953
3352 4962
3352 4964
3352 4999
3375 4977
3381 4944
3381 4980
3402 4953
3404 4940
3390 4964
3390 4986
3390 4993
3417 4983
3433 4962
3447 4934
3447 4953
3447 4954
3447 4962
3447 4964
3447 4977
3447 4983
3447 4986
3447 4994
3447 4999
3449 4929
3449 4938
3449 4953
3449 4962
3449 4964
3449 4980
3449 4986
3449 4999
3452 4929
3452 4938
3452 4942
3452 4964
3452 4987
3452 4999
3453 4929
3453 4938
3453 4962
3453 4964
3453 4980
3453 4981
3453 4983
3453 4986
3453 4999
3454 4938
3454 4953
3454 4999
3455 4938
3455 4942
3455 4953
3455 4962
3455 4987
3456 4929
3456 4938
3456 4962
3456 4964
3456 4980
3456 4999
3457 4938
3457 4992
3459 4929
3459 4986
3461 4964
3461 4977
3461 4986
3462 4962
3466 4986
3472 4999
3479 4929
3479 4938
3479 4999
3498 4953
3498 4977
3498 4986
3535 4994
3567 4929
3568 4953
3568 4999
3586 4981
3586 4994
3593 4999
3601 4977
3607 4953
3614 4929
3614 4938
3614 4953
3614 4962
3614 4999
3615 4953
3624 4946
3634 4964
3636 4953
3641 4929
3641 4962
3641 4977
3642 4980
3660 4938
3660 4953
3660 4983
3666 4977
3666 4986
3691 4944
3728 4977
3728 4983
3743 4962
3786 4964
3787 4942
3787 4953
3787 4962
3787 4977
3787 4980
3787 4999
3792 4938
3792 4999
3794 4938
3794 4953
3803 4962
3806 4964
3813 4964
3835 4962
3854 4999
3871 4999
3869 4999
3872 4999
3917 4977
3917 4999
3956 4983
3969 4940
3969 4962
3976 4954
3976 4966
3976 4977
4001 4994
4024 4986
4036 4929
4036 4938
4036 4953
4036 4962
4036 4981
4036 4986
4040 4966
4040 4981
4041 4938
4041 4964
4041 4987
4044 4938
4044 4962
4044 4987
4044 4991
4044 4993
4045 4938
4045 4944
4045 4953
4045 4994
4045 4999
4046 4929
4046 4993
4046 4999
4077 4929
4077 4964
4077 4977
4065 4938
4065 4962
4065 4999
4072 4938
4073 4929
4073 4964
4099 4977
4099 4993
4127 4938
4127 4999
4130 4983
4138 4929
4138 4964
4138 4986
4144 4983
4162 4981
4191 4987
3995 4964
4212 4983
4212 4999
4219 4929
4219 4962
4219 4964
4219 4987
4221 4977
4255 4962
4276 4929
4276 4964
4285 4962
4315 4964
4315 4983
4316 4987
4335 4981
4347 4983
4355 4953
4428 4938
4441 4938
4441 4953
4441 4962
4441 4964
4441 4980
4441 4981
4441 4994
4441 4999
4455 4987
4468 4977
4483 4929
4483 4940
4483 4986
4483 4993
4526 4983
4526 4991
4536 4953
4536 4962
4536 4964
4536 4983
4536 4986
4536 4993
4536 4999
4547 4938
4547 4946
4547 4953
4547 4962
4547 4999
4550 4929
4550 4964
4550 4986
4564 4929
4576 4977
4587 4953
4587 4999
4600 4999
4487 4964
4487 4977
4487 4991
4632 4940
4632 4964
4632 4980
4632 4994
4653 4964
4653 4977
4653 4983
4653 4994
4659 4999
4662 4953
4662 4962
4663 4999
4673 4980
4673 4994
4681 4962
4681 4993
4682 4953
4682 4999
4686 4964
4687 4983
4688 4938
4688 4942
4688 4953
4688 4962
4688 4983
4688 4999
4709 4981
4715 4964
4718 4964
4712 4987
4725 4983
4746 4983
4756 4942
4756 4964
4748 4987
4781 4999
4782 4953
4792 4981
4814 4938
4814 4962
4814 4993
4814 4999
4813 4994
4818 4938
4818 4983
4824 4929
4824 4981
4824 4986
4829 4929
4832 4991
4842 4999
4843 4977
4859 4953
4859 4999
4846 4964
4850 4999
4881 4977
4885 4983
4891 4942
4894 4964
4894 4993
4898 4987
4898 4993
4898 4999
4899 4929
4899 4980
4899 4986
4899 4994
4901 4962
4937 4938
4937 4953
4937 4993
4937 4999
4943 4938
4943 4962
4944 4986
4948 4929
4948 4940
4948 4964
4948 4980
4948 4981
4948 4983
4952 4938
4952 4953
4960 4962
4963 4938
4963 4993
4967 4929
4967 4944
4967 4964
4967 4980
4967 4986
4967 4994
4967 4999
4974 4929
4976 4999
4981 4983
4982 4964
4982 4983
4983 4981
4992 4993
4864 4999
5002 4964
5002 4966
5002 4981
5002 4992
5006 4964
5008 4983
5011 4977
5012 4964
5012 4983
5022 4994
5020 4929
5020 4964
5020 4977
5028 4981
5028 4986
5029 4929
5031 4983
5032 4983
5053 4981
5079 4929
5079 4940
5079 4944
5079 4964
5079 4980
5079 4981
5079 4983
5079 4986
5079 4994
5089 4980
5106 4983
5110 4964
4828 4944
5119 4964
5160 4929
5166 4981
5171 4964
5171 4994
5173 4940
5175 4964
4795 4929
5176 4929
5176 4964
5176 4977
5176 4986
5177 4981
5177 4994
5178 4986
4310 4929
4310 4980
4310 4981
4310 4983
4310 4986
5179 4964
5179 4980
5184 4929
5184 4964
5184 4986
5185 4980
5185 4986
5186 4944
5188 4929
5188 4944
5188 4964
5188 4981
5188 4986
5188 4994
5189 4929
5189 4940
5189 4964
5189 4986
5190 4929
5190 4964
5190 4986
5196 4964
5197 4964
5203 4929
5263 4964
5263 4986
5285 4977
5289 4980
5295 4977
5296 4929
5301 4994
5313 4977
5324 4929
5382 4929
5405 4977
5423 4980
5423 4994
5427 4964
5445 4940
5454 4981
5477 4929
5478 4929
5478 4964
5480 4929
5480 4964
5479 4929
5484 4980
5487 4981
5494 4977
5495 4977
5496 4977
5462 4977
5497 4977
5524 4944
5524 4980
5524 4981
5524 4983
5524 4994
5531 4994
5543 4944
5543 4980
5577 4964
5582 4944
5582 4964
5582 4980
5582 4994
5584 4964
5584 4983
5589 4964
5605 4981
5608 4986
5612 4986
5614 4940
5674 4986
5675 4986
5696 4980
5696 4994
5697 4944
5697 4980
5697 4994
5714 4981
5773 4944
5773 4992
5776 4992
5796 4981
5796 4983
5796 4994
5799 4980
5800 4934
5800 4940
5800 4944
5800 4983
5802 4944
5802 4966
5802 4980
5802 4981
5802 4983
5802 4992
5802 4994
5806 4966
5807 4934
5812 4980
5814 4940
5816 4944
5817 4980
5819 4940
5819 4994
5820 4981
5820 4983
5822 4994
5823 4983
5857 4981
5857 4994
5859 4940
5915 4981
5998 4944
5998 4994
6006 4983
6020 4940
6023 4994
6032 4944
6032 4981
6043 4981
6072 4940
6072 4983
6114 4981
6174 4940
6197 4980
6198 4992
6218 4940
6218 4981
6218 4994
6241 4983
6270 4944
6272 4940
6272 4944
6305 4994
6317 4980
6359 4980
6360 4980
6327 4944
6394 4994
6467 4994
6486 4944
6486 4966
6486 4992
6494 4940
6494 4983
6502 4981
6504 4994
6510 4994
6513 4994
6514 4994
6515 4994
6460 4966
6460 4981
6563 4981
6552 4944
6596 4940
6596 4981
6596 4983
6618 4934
6618 4940
6618 4944
6618 4992
6619 4944
6615 4944
6615 4992
6624 4981
6649 4944
6702 4944
6772 4940
6772 4983
6774 4981
6774 4983
6620 4944
6620 4992
6913 4944
6914 4940
6914 4966
6907 4944
6907 4983
6916 4940
6934 4940
6934 4944
6941 4940
6951 4940
6951 4983
6976 4944
6976 4981
6993 4981
7019 4981
7021 4981
7044 4940
7052 4934
7052 4981
7053 4940
7047 4981
7047 4983
7055 4983
7056 4983
7057 4940
7057 4981
7057 4983
7038 4944
7080 4944
7080 4983
7082 4944
6946 4934
6946 4992
7086 4940
7086 4966
7086 4983
7088 4940
5015 4940
7131 4940
7225 4966
7231 4981
7280 4981
7280 4983
7301 4983
7294 4940
7294 4983
7350 4940
7350 4981
7386 4940
7391 4940
7391 4983
7400 4940
7418 4981
7421 4940
7425 4940
7449 4940
7511 4981
7511 4983
7578 4981
7598 4981
7675 4983
7676 4940
7677 4940
7678 4940
7691 4983
7727 4981
7727 4983
7733 4940
7733 4981
7743 4940
7744 4940
7744 4983
7747 4981
7750 4940
7759 4981
7759 4983
7842 4981
7843 4983
7860 4983
7863 4981
7864 4981
7864 4983
7865 4981
7877 4940
7882 4940
7907 4983
7919 4940
8036 4940
8046 4940
8047 4940
8053 4940
8061 4940
8085 4940
8107 4940
8152 4940
8156 4940
8190 4940
8050 4940
8241 4940
8263 4940
8270 4940
8272 4940
8273 4940
