6 3892
11 3800
11 3806
11 3807
11 3812
11 3830
11 3843
11 3847
11 3871
11 3892
12 3843
24 3800
24 3843
24 3854
24 3898
44 3813
47 3803
47 3897
53 3812
29 3843
59 3807
66 3803
77 3812
86 3897
71 3800
71 3804
71 3892
71 3897
87 3873
87 3892
87 3897
90 3897
68 3806
68 3807
68 3816
68 3892
68 3897
109 3830
109 3897
122 3812
122 3843
122 3847
122 3871
122 3887
127 3804
127 3897
136 3897
143 3803
172 3812
172 3892
173 3830
173 3843
173 3897
178 3897
203 3835
259 3804
259 3835
306 3804
306 3812
306 3847
311 3843
311 3892
319 3830
319 3843
319 3854
319 3897
331 3892
346 3812
346 3871
346 3887
407 3835
432 3803
412 3813
457 3803
457 3807
457 3812
457 3830
457 3843
457 3847
457 3849
457 3854
457 3871
457 3887
457 3897
465 3812
465 3843
534 3800
546 3811
583 3897
582 3812
600 3804
600 3835
634 3803
634 3892
643 3803
643 3871
663 3897
695 3807
695 3892
719 3808
722 3812
722 3897
737 3842
749 3873
749 3892
763 3806
766 3803
766 3804
766 3806
766 3812
766 3813
766 3830
766 3835
766 3842
766 3843
766 3854
766 3856
766 3871
766 3873
766 3887
766 3897
766 3898
788 3873
788 3897
784 3892
789 3830
789 3843
789 3854
789 3897
805 3800
813 3847
813 3854
813 3875
822 3854
825 3800
825 3816
825 3822
825 3835
825 3892
836 3847
841 3803
854 3873
856 3803
856 3849
852 3873
879 3812
879 3843
879 3871
879 3875
879 3892
879 3897
896 3843
896 3856
988 3800
988 3804
988 3807
988 3809
988 3812
988 3825
988 3847
988 3849
988 3871
988 3892
993 3800
993 3888
994 3885
994 3892
996 3806
996 3813
996 3897
1037 3843
1062 3812
1063 3873
1064 3803
1064 3822
1074 3830
1074 3842
1111 3897
1113 3835
1132 3871
1132 3897
1133 3806
1133 3812
1133 3813
1133 3835
1133 3843
1133 3854
1133 3873
1133 3898
1137 3854
1137 3898
1151 3807
1151 3842
1151 3885
1151 3892
1151 3897
922 3807
1164 3873
1166 3803
1166 3807
1166 3812
1166 3813
1166 3830
1166 3843
1166 3873
1166 3885
1166 3887
1166 3892
1166 3893
1166 3897
1167 3835
1169 3807
1169 3871
1204 3843
1204 3854
1210 3807
1215 3873
1221 3807
1236 3807
1241 3800
1247 3843
1247 3873
1267 3800
1279 3892
1285 3898
1291 3885
1291 3887
1297 3800
1305 3800
1305 3803
1305 3804
1305 3807
1305 3812
1305 3847
1305 3887
1306 3867
1319 3871
1353 3835
1356 3813
1368 3843
1374 3830
1374 3843
1374 3871
1374 3887
1374 3897
1382 3875
1381 3897
1395 3892
1419 3807
1428 3811
1428 3835
1428 3843
1463 3892
1470 3813
1470 3897
1492 3897
1496 3830
1496 3892
1522 3800
1522 3804
1522 3806
1522 3807
1522 3809
1522 3812
1522 3847
1522 3856
1522 3887
1537 3812
1537 3897
1542 3803
1542 3809
1542 3873
1542 3892
1542 3897
1549 3800
1549 3803
1549 3804
1549 3807
1549 3812
1549 3813
1549 3835
1549 3842
1549 3847
1549 3880
1549 3892
1549 3897
1550 3800
1550 3812
1566 3854
1585 3807
1596 3842
1608 3804
1608 3812
1608 3813
1608 3843
1608 3871
1608 3887
1623 3812
1667 3897
1680 3813
1687 3806
1691 3807
1701 3897
1717 3873
1730 3804
1749 3843
1762 3830
1767 3803
1767 3807
1767 3813
1767 3847
1769 3803
1769 3898
1772 3812
1751 3812
1751 3887
1795 3843
1796 3897
1799 3803
1799 3830
1813 3800
1813 3812
1814 3842
1820 3807
1820 3892
1823 3830
1835 3892
1847 3897
1874 3835
1879 3885
1885 3892
1888 3843
1891 3807
1896 3807
1896 3887
1901 3847
1922 3812
1922 3813
1922 3830
1922 3843
1922 3871
1922 3887
1922 3892
1924 3835
1935 3830
1947 3800
1947 3887
1947 3892
1972 3800
1972 3807
1972 3842
1972 3843
1972 3847
1972 3892
1984 3887
1990 3830
1794 3892
2001 3897
2009 3871
2016 3892
2033 3835
2062 3803
2065 3843
2102 3843
2109 3843
2116 3804
2118 3806
2118 3812
2118 3892
2118 3898
2120 3835
2129 3800
2129 3812
2135 3807
2135 3873
2135 3880
2135 3887
2145 3800
2145 3807
2145 3843
2145 3873
2160 3812
2172 3897
2193 3811
2223 3892
2230 3875
2229 3813
2237 3800
2237 3807
2237 3812
2237 3847
2237 3871
2237 3887
2237 3892
2240 3842
2252 3811
2256 3800
2256 3803
2256 3811
2256 3822
2256 3849
2256 3871
2256 3893
2256 3897
2257 3885
2257 3892
2258 3873
2264 3843
2276 3897
2290 3800
2290 3803
2290 3807
2290 3809
2290 3811
2290 3812
2290 3822
2290 3843
2290 3847
2290 3849
2290 3867
2290 3887
2290 3892
2297 3807
2298 3806
2299 3892
2323 3803
2323 3847
2323 3871
2323 3897
2326 3800
2326 3804
2326 3807
2326 3812
2326 3813
2326 3843
2326 3847
2326 3871
2326 3887
2326 3892
2326 3898
2328 3800
2328 3892
2364 3809
2364 3885
2365 3812
2369 3808
2369 3813
2369 3830
2369 3897
2369 3898
2371 3887
2381 3892
2384 3871
2387 3897
2398 3800
2398 3892
2411 3893
2411 3898
2440 3892
2456 3842
2456 3873
2473 3812
2485 3800
2485 3854
2485 3873
2485 3892
2485 3897
2488 3873
2488 3892
2504 3800
2504 3843
2504 3892
2506 3892
2508 3892
2516 3892
2535 3897
2542 3804
2542 3812
2542 3847
2542 3871
2549 3812
2566 3843
2557 3854
2557 3898
2560 3803
2560 3812
2560 3843
2560 3847
2564 3830
2565 3803
2565 3804
2565 3806
2565 3807
2565 3812
2565 3813
2565 3816
2565 3843
2565 3847
2565 3849
2565 3854
2565 3856
2565 3867
2565 3871
2565 3885
2565 3887
2565 3892
2565 3893
2565 3898
2576 3813
2585 3842
2585 3873
2585 3892
2474 3898
2605 3807
2605 3812
2605 3856
2612 3813
2612 3897
2613 3803
2613 3807
2614 3847
2614 3849
2623 3856
2623 3867
2623 3892
2619 3800
2651 3800
2651 3803
2651 3807
2651 3809
2651 3811
2651 3822
2651 3825
2651 3847
2651 3849
2651 3854
2651 3856
2651 3867
2651 3871
2651 3887
2651 3898
2653 3800
2653 3807
2653 3813
2653 3854
2653 3875
2655 3835
2657 3811
2658 3806
2658 3807
2658 3812
2658 3847
2658 3849
2658 3885
2674 3812
2677 3809
2699 3804
2699 3812
2699 3871
2699 3887
2700 3800
2700 3804
2700 3807
2700 3812
2700 3816
2700 3843
2700 3887
2700 3892
2700 3898
2686 3804
2686 3843
2702 3813
2702 3843
2688 3800
2688 3803
2688 3804
2688 3806
2688 3807
2688 3812
2688 3813
2688 3835
2688 3843
2688 3847
2688 3849
2688 3854
2688 3873
2688 3888
2688 3892
2688 3897
2688 3898
2660 3807
2660 3843
2660 3871
2660 3873
2660 3887
2689 3812
2667 3897
2691 3892
2693 3813
2693 3843
2696 3854
2711 3822
2724 3804
2724 3847
2740 3803
2740 3804
2740 3807
2747 3800
2747 3807
2747 3892
2746 3843
2765 3897
2774 3897
2790 3800
2790 3803
2790 3807
2790 3809
2790 3856
2790 3893
2790 3897
2822 3847
2654 3800
2654 3822
2654 3867
2654 3898
2799 3847
2831 3813
2832 3812
2832 3835
2838 3892
2855 3842
2859 3803
2859 3812
2859 3843
2859 3856
2859 3871
2871 3803
2871 3806
2871 3812
2871 3813
2871 3816
2871 3843
2871 3847
2871 3854
2871 3871
2871 3887
2871 3892
2871 3897
2871 3898
2872 3800
2872 3803
2872 3807
2872 3816
2872 3843
2872 3847
2872 3871
2872 3892
2883 3897
2467 3871
2568 3835
2905 3830
2909 3835
2909 3897
2932 3812
2935 3835
2935 3854
2940 3800
2940 3803
2940 3804
2940 3807
2940 3847
2940 3892
2940 3897
2958 3892
2958 3898
2967 3806
2967 3813
2967 3843
2967 3847
2967 3854
2967 3871
2972 3800
2972 3816
2972 3835
2972 3843
2972 3854
2972 3873
2972 3885
2972 3898
2988 3847
2988 3873
2988 3897
2989 3854
3000 3830
3009 3812
3010 3807
3010 3847
3010 3871
3010 3887
3010 3892
3018 3806
3024 3898
3026 3813
3026 3843
3026 3847
3026 3854
3026 3875
3026 3892
3026 3897
3028 3880
3028 3892
3028 3897
3028 3898
3031 3803
3031 3847
3032 3803
3032 3813
3032 3843
3032 3871
3032 3885
3032 3887
3032 3897
3035 3830
3035 3871
2713 3800
2713 3812
2713 3813
2713 3843
2713 3871
2713 3887
2713 3892
2713 3898
3056 3803
3055 3812
3055 3888
3059 3854
2356 3800
2356 3843
2356 3887
2356 3892
2976 3888
3073 3892
3063 3807
3084 3803
3084 3807
3084 3847
3084 3892
2842 3800
2842 3812
3110 3800
3110 3897
2003 3849
2003 3892
3120 3807
3144 3812
3168 3806
3168 3812
3168 3843
3168 3897
3175 3847
3175 3892
3180 3812
3188 3871
3192 3843
3191 3897
3196 3804
3208 3871
3209 3804
3242 3809
3258 3804
3258 3806
3258 3807
3258 3811
3258 3812
3258 3847
3258 3856
3262 3807
3274 3835
3275 3892
3276 3843
3284 3871
3291 3807
3297 3871
3301 3847
3301 3871
3301 3887
3301 3892
3313 3816
3317 3800
3326 3898
3334 3812
3343 3888
3350 3812
3350 3843
3350 3897
3352 3800
3352 3808
3352 3812
3352 3813
3352 3835
3352 3843
3352 3847
3352 3887
3352 3892
3352 3897
3375 3898
3378 3854
3381 3803
3381 3873
3388 3835
3392 3800
3392 3816
3392 3892
3394 3800
3394 3811
3394 3812
3394 3813
3394 3822
3394 3867
3394 3898
3402 3843
3404 3808
3404 3897
3390 3854
3417 3871
3443 3813
3443 3875
3439 3885
3439 3898
3447 3843
3447 3897
3447 3898
3449 3806
3449 3812
3449 3813
3449 3835
3449 3843
3449 3854
3449 3873
3449 3897
3449 3898
3450 3812
3451 3813
3451 3835
3452 3812
3452 3813
3452 3854
3453 3806
3453 3812
3453 3813
3453 3835
3453 3843
3453 3854
3453 3897
3453 3898
3454 3806
3454 3813
3454 3843
3454 3854
3454 3887
3454 3898
3455 3843
3455 3898
3456 3806
3456 3812
3456 3843
3456 3873
3456 3897
3457 3812
3457 3843
3457 3856
3457 3871
3457 3887
3457 3892
3458 3843
3458 3847
3458 3873
3458 3887
3458 3892
3458 3897
3459 3830
3459 3897
3459 3898
3460 3830
3461 3835
3461 3898
3463 3806
3463 3812
3469 3804
3479 3843
3481 3807
3481 3867
3483 3897
3477 3800
3477 3812
3477 3816
3477 3843
3477 3847
3478 3873
3488 3892
3498 3835
3498 3897
3519 3800
3519 3892
3522 3806
3523 3804
3523 3807
3525 3807
3526 3887
3527 3803
3527 3804
3527 3812
3527 3822
3527 3871
3527 3887
3527 3892
3527 3893
3386 3892
3541 3803
3541 3807
3541 3809
3541 3812
3541 3847
3541 3849
3541 3871
3541 3887
3541 3888
3541 3892
3541 3893
3555 3887
3555 3892
3556 3804
3556 3807
3556 3892
3557 3871
3560 3803
3560 3843
3561 3856
3562 3800
3562 3807
3562 3822
3562 3892
3568 3800
3568 3812
3568 3813
3568 3843
3568 3897
3569 3803
3569 3804
3569 3807
3569 3871
3586 3830
3586 3873
3586 3897
3528 3804
3593 3803
3601 3830
3601 3897
3603 3803
3611 3847
3614 3843
3614 3854
3614 3897
3614 3898
3615 3803
3615 3804
3615 3806
3615 3807
3615 3812
3615 3822
3615 3843
3615 3847
3615 3887
3615 3893
3622 3892
3624 3800
3624 3811
3624 3892
3630 3812
3630 3898
3631 3812
3631 3813
3631 3816
3631 3871
3633 3800
3633 3803
3633 3804
3633 3807
3633 3812
3633 3822
3633 3871
3633 3887
3633 3893
3633 3898
3634 3897
3635 3813
3641 3800
3641 3813
3641 3854
3641 3897
3641 3898
3642 3807
3642 3830
3642 3842
3642 3873
3642 3897
3643 3800
3645 3816
3659 3871
3659 3887
3659 3892
3660 3804
3660 3806
3660 3813
3660 3854
3660 3887
3661 3812
3661 3871
3666 3812
3666 3813
3666 3843
3666 3897
3678 3822
3678 3847
3678 3856
3678 3871
3682 3800
3682 3803
3682 3806
3682 3813
3682 3816
3682 3847
3682 3871
3682 3887
3682 3898
3686 3871
3691 3832
3691 3847
3691 3885
3705 3804
3724 3800
3724 3816
3724 3867
3571 3897
3728 3843
3728 3887
3731 3803
3731 3804
3731 3807
3731 3822
3748 3812
3748 3854
3754 3800
3770 3800
3770 3808
3780 3887
3786 3897
3787 3813
3787 3885
3787 3897
3796 3813
3796 3843
3796 3854
3794 3854
3798 3887
3799 3892
3801 3803
3802 3803
3802 3892
3805 3807
3806 3807
3806 3835
3810 3811
3812 3816
3813 3816
3813 3873
3814 3800
3814 3816
3814 3822
3814 3843
3815 3812
3815 3816
3833 3892
3842 3812
3843 3847
3844 3847
3845 3847
3845 3887
3848 3849
3854 3813
3869 3871
3870 3871
3870 3888
3872 3871
3648 3887
3885 3887
3886 3887
3888 3892
3889 3892
3890 3892
3891 3892
3897 3898
3902 3835
3917 3806
3925 3897
3948 3812
3949 3800
3949 3812
3949 3843
3956 3898
3958 3897
3960 3806
3961 3800
3969 3835
3969 3854
3969 3897
3973 3813
3973 3898
3976 3830
3976 3897
3977 3800
3978 3800
3979 3800
3985 3830
4000 3843
4007 3843
4024 3898
4034 3843
4036 3873
4036 3885
4040 3812
4041 3897
2981 3897
4044 3835
4044 3843
4044 3854
4044 3898
4045 3803
4045 3806
4045 3812
4045 3843
4045 3854
4045 3873
4045 3897
4045 3898
4046 3835
4046 3885
4056 3835
4077 3812
4077 3813
4077 3897
4065 3809
4065 3830
4065 3843
4065 3854
4065 3873
4065 3898
4070 3808
4072 3812
4072 3898
4073 3808
4073 3835
4073 3854
4073 3897
4082 3897
4098 3897
4099 3830
4099 3843
4099 3897
4076 3813
4076 3898
4127 3812
4136 3813
4144 3812
4144 3813
4150 3835
4151 3843
4151 3897
4152 3806
4152 3843
4198 3898
4199 3898
3995 3897
4211 3813
4212 3808
4219 3813
4219 3835
4219 3843
4219 3897
4219 3898
4222 3806
4222 3812
4255 3854
4295 3813
4297 3898
4316 3843
4335 3813
4342 3898
4347 3806
4353 3897
4355 3843
4355 3897
4364 3873
4363 3806
4363 3835
4429 3812
4429 3854
4433 3812
4441 3813
4441 3843
4441 3897
4441 3898
4448 3812
4486 3808
4486 3897
4507 3806
4492 3806
4508 3806
4509 3806
4511 3835
4526 3843
4530 3897
4535 3812
4536 3813
4536 3854
4536 3898
4538 3812
4542 3897
4547 3854
4550 3897
4563 3843
4563 3898
4564 3898
4574 3897
4576 3897
4587 3835
4587 3873
4598 3885
4487 3897
4632 3843
4632 3873
4632 3885
4633 3835
4651 3835
4653 3897
4662 3835
4673 3842
4673 3897
4682 3854
4682 3898
4686 3885
4686 3897
4688 3843
4688 3854
4688 3898
4717 3842
4712 3873
4712 3885
4712 3897
4725 3813
4725 3843
4725 3898
4737 3830
4746 3835
4746 3854
4759 3835
4748 3835
4748 3898
4764 3873
4781 3873
4814 3854
4814 3897
4813 3842
4813 3897
4859 3854
4859 3898
4879 3885
4894 3808
4894 3873
4898 3854
4899 3813
4899 3842
4899 3843
4899 3897
4937 3854
4937 3898
4943 3813
4944 3898
4948 3813
4948 3843
4948 3897
4963 3854
4963 3898
4964 3854
4965 3854
4966 3854
4967 3803
4967 3813
4967 3830
4967 3842
4967 3843
4967 3854
4967 3873
4967 3897
4973 3843
4973 3898
4974 3843
4974 3897
4976 3843
4976 3898
4982 3813
4982 3897
4985 3898
4986 3898
5002 3803
5002 3842
5002 3897
5008 3813
5022 3830
5022 3842
5022 3873
5022 3897
5020 3808
5020 3897
5028 3897
5059 3809
5079 3830
5079 3842
5079 3897
5089 3897
5103 3873
5103 3897
5111 3813
5110 3813
5110 3873
5110 3897
4828 3873
5119 3813
5123 3873
5150 3897
5160 3897
5166 3873
5171 3897
5173 3809
5173 3885
4795 3842
4795 3897
5176 3897
5177 3897
4310 3830
4310 3897
5179 3803
5179 3873
5179 3897
5181 3897
5184 3897
5185 3830
5185 3873
5185 3897
5188 3803
5188 3830
5188 3842
5189 3803
5189 3842
5189 3873
5189 3885
5189 3897
5196 3885
5196 3897
5200 3897
5233 3897
5243 3897
5301 3873
5323 3897
5423 3897
5430 3830
5427 3873
5435 3897
5439 3873
5439 3897
5445 3885
5446 3885
5487 3873
5524 3803
5524 3809
5524 3830
5524 3842
5524 3873
5524 3885
5524 3897
5526 3803
5531 3803
5531 3842
5531 3873
5531 3885
5531 3897
5543 3830
5543 3873
5563 3873
5562 3897
5579 3897
5582 3803
5582 3830
5589 3873
5589 3897
5600 3897
5608 3897
5692 3803
5696 3873
5697 3803
5697 3830
5697 3842
5697 3873
5697 3897
5714 3897
5721 3873
5739 3897
5773 3803
5796 3803
5796 3830
5796 3842
5796 3897
5797 3897
5798 3897
5799 3897
5800 3830
5800 3897
5801 3897
5802 3803
5802 3830
5802 3842
5802 3885
5802 3897
5803 3897
5806 3873
5806 3885
5806 3897
5804 3897
5805 3897
5807 3803
5807 3897
5808 3897
5809 3897
5810 3873
5810 3897
5811 3830
5811 3897
5812 3897
5813 3897
5814 3830
5814 3897
5815 3897
5816 3842
5816 3897
5817 3897
5818 3873
5818 3897
5819 3830
5819 3842
5819 3897
5820 3897
5821 3897
5822 3873
5822 3897
5823 3897
5859 3830
5934 3873
5935 3873
5952 3885
5998 3803
6020 3873
6075 3873
6217 3842
6220 3803
6239 3873
6240 3873
6241 3873
6242 3873
6270 3803
6270 3885
6280 3885
6305 3803
6305 3842
6305 3885
6359 3830
6360 3809
6327 3803
6327 3809
6501 3842
6518 3885
6548 3842
6563 3803
6608 3830
6618 3803
6613 3809
6615 3809
6615 3885
6624 3885
6665 3830
6711 3803
6714 3809
6714 3885
6758 3830
6760 3830
6759 3830
6761 3830
6766 3885
6772 3885
6784 3885
6620 3803
6620 3809
6886 3803
6913 3803
6914 3885
6907 3885
6991 3809
6993 3885
7052 3803
7055 3885
7057 3885
7038 3809
7080 3885
7090 3803
7092 3885
7110 3885
7231 3885
7400 3885
