11 4417
11 4422
11 4424
11 4463
11 4485
24 4463
24 4485
36 4483
27 4400
27 4448
87 4400
87 4453
87 4485
68 4453
68 4485
109 4401
109 4441
109 4483
110 4435
122 4400
122 4417
122 4422
122 4453
122 4463
127 4424
127 4453
136 4412
178 4483
166 4463
270 4432
291 4466
310 4471
310 4482
311 4435
150 4403
346 4424
371 4424
432 4400
449 4400
449 4402
457 4400
457 4401
457 4412
457 4441
457 4448
457 4482
457 4483
457 4488
546 4424
546 4453
546 4463
600 4441
634 4400
634 4424
663 4400
663 4424
663 4480
663 4485
667 4463
695 4480
737 4401
737 4432
737 4441
742 4424
749 4400
766 4400
766 4422
766 4435
766 4448
766 4453
766 4463
766 4471
766 4480
766 4482
766 4485
766 4488
788 4453
784 4424
789 4400
789 4441
789 4448
789 4482
798 4417
798 4424
813 4402
816 4463
825 4412
825 4417
825 4463
844 4453
852 4453
879 4402
879 4448
879 4463
879 4485
947 4400
988 4401
988 4432
993 4424
996 4400
996 4424
996 4448
1006 4422
1041 4453
1041 4468
1042 4412
1043 4424
1051 4453
1074 4412
1075 4448
1098 4401
1098 4483
1111 4400
1128 4424
1132 4424
1133 4400
1133 4402
1133 4403
1133 4412
1133 4417
1133 4422
1133 4424
1133 4448
1133 4463
1133 4466
1133 4468
1133 4482
1133 4485
1142 4400
1151 4422
1151 4435
1166 4412
1166 4417
1166 4463
1166 4480
1166 4483
1179 4463
1193 4463
1210 4400
1210 4424
1228 4463
1236 4463
1286 4432
1285 4463
1375 4480
1374 4435
1374 4448
1463 4453
1468 4424
1470 4400
1492 4422
1496 4400
1496 4402
1496 4411
1496 4463
1522 4400
1522 4424
1522 4453
1522 4463
1542 4422
1542 4448
1542 4483
1542 4485
1549 4400
1549 4448
1549 4463
1549 4468
1550 4424
1594 4480
1661 4402
1661 4453
1661 4482
1691 4435
1701 4483
1700 4441
1700 4453
1717 4453
1748 4424
1748 4463
1748 4480
1762 4412
1762 4441
1767 4453
1796 4483
1808 4453
1814 4422
1835 4424
1835 4468
1847 4400
1972 4448
1985 4485
2001 4448
2109 4424
2109 4463
2118 4400
2118 4448
2118 4463
2120 4466
2129 4424
2129 4463
2135 4448
2135 4463
2145 4400
2145 4424
2145 4485
2223 4401
2229 4402
2229 4411
2229 4417
2229 4422
2229 4424
2237 4417
2237 4422
2237 4424
2237 4448
2237 4453
2237 4463
2237 4485
2240 4471
2256 4400
2264 4417
2276 4400
2290 4402
2297 4400
2297 4453
2298 4417
2298 4424
2299 4448
2323 4400
2326 4402
2326 4411
2326 4417
2326 4424
2326 4468
2326 4480
2328 4483
2364 4424
2369 4401
2369 4432
2369 4448
2381 4453
2379 4480
2387 4400
2387 4448
2410 4400
2411 4412
2440 4400
2452 4401
2485 4432
2485 4485
2504 4400
2504 4485
2506 4412
2535 4480
2542 4463
2547 4402
2547 4453
2549 4482
2559 4453
2559 4463
2565 4400
2565 4401
2565 4412
2565 4417
2565 4422
2565 4424
2565 4432
2565 4435
2565 4448
2565 4453
2565 4463
2565 4468
2565 4482
2565 4485
2565 4488
2585 4448
2599 4400
2605 4483
2609 4482
2646 4422
2651 4400
2651 4422
2651 4424
2651 4448
2651 4453
2651 4463
2651 4485
2658 4401
2658 4402
2658 4417
2658 4424
2658 4435
2658 4453
2658 4463
2658 4471
2658 4480
2658 4482
2699 4466
2686 4483
2688 4400
2688 4417
2688 4424
2688 4448
2688 4453
2688 4463
2688 4468
2688 4480
2688 4482
2688 4485
2688 4488
2660 4424
2660 4463
2660 4485
2689 4435
2667 4483
2693 4448
2696 4411
2727 4400
2747 4402
2747 4480
2747 4485
2790 4400
2790 4448
2790 4466
2832 4422
2832 4424
2832 4463
2832 4468
2832 4480
2832 4485
2851 4432
2859 4402
2859 4412
2859 4463
2859 4468
2871 4400
2871 4466
2871 4468
2871 4482
2883 4448
2912 4463
2932 4463
2935 4466
2940 4485
2951 4411
2951 4463
2958 4400
2964 4424
2967 4422
2967 4453
2967 4471
2967 4485
2972 4400
2972 4411
2972 4412
2972 4422
2972 4448
2972 4453
2972 4468
2972 4482
2972 4485
2983 4432
2988 4483
2988 4488
3009 4400
3009 4422
3010 4400
2707 4417
2707 4422
2707 4463
3026 4448
3026 4453
3026 4480
3028 4403
3028 4468
3028 4485
3032 4402
3032 4417
3032 4424
3032 4432
3032 4453
3032 4463
3032 4466
3032 4471
3032 4483
3034 4453
3034 4463
2713 4402
2713 4412
2713 4417
2713 4422
2713 4424
2713 4453
2713 4463
2713 4485
3041 4483
3088 4432
3092 4400
3092 4448
3092 4468
3103 4485
2842 4453
2842 4485
3108 4485
3109 4400
3109 4401
3109 4402
3142 4432
3168 4424
3168 4463
3188 4424
3188 4466
3191 4400
3209 4482
3258 4424
3258 4453
3258 4463
3258 4480
3274 4448
3274 4466
3274 4483
3274 4485
3291 4424
3297 4401
3350 4448
3350 4485
3352 4400
3352 4412
3352 4417
3352 4422
3352 4424
3352 4448
3352 4471
3352 4480
3352 4482
3352 4485
3306 4453
3366 4448
3366 4466
3378 4463
3381 4488
3394 4400
3394 4402
3394 4424
3402 4400
3402 4453
3402 4463
3402 4480
3402 4485
3404 4448
3404 4482
3417 4448
3445 4422
3439 4402
3439 4403
3447 4400
3447 4448
3447 4483
3449 4400
3449 4422
3449 4448
3449 4453
3449 4463
3449 4466
3449 4482
3449 4483
3449 4485
3451 4402
3451 4403
3451 4417
3451 4422
3451 4466
3451 4471
3452 4400
3452 4402
3452 4424
3452 4480
3453 4400
3453 4417
3453 4448
3453 4463
3453 4466
3453 4468
3453 4482
3453 4485
3453 4488
3454 4412
3454 4424
3454 4463
3454 4485
3456 4400
3456 4402
3456 4417
3456 4422
3456 4424
3456 4448
3456 4453
3456 4463
3456 4483
3456 4485
3457 4417
3457 4422
3457 4466
3457 4468
3458 4483
3459 4400
3459 4448
3460 4463
3462 4466
3463 4466
3463 4485
3469 4485
3479 4422
3479 4480
3479 4483
3479 4485
3496 4485
3498 4448
3519 4400
3519 4448
3521 4453
3521 4482
3521 4485
3522 4441
3541 4417
3541 4424
3560 4402
3560 4463
3560 4481
3560 4485
3568 4417
3568 4448
3568 4483
3587 4488
3586 4401
3586 4435
3586 4441
3586 4483
3591 4480
3601 4400
3614 4400
3614 4422
3614 4448
3614 4482
3614 4483
3615 4417
3615 4422
3615 4424
3615 4463
3615 4480
3615 4485
3624 4422
3624 4448
3624 4485
3631 4424
3634 4448
3635 4402
3635 4403
3635 4453
3641 4400
3641 4488
3642 4483
3642 4488
3645 4403
3645 4417
3645 4422
3645 4463
3658 4448
3659 4411
3659 4417
3659 4424
3660 4422
3660 4424
3660 4453
3660 4463
3660 4485
3666 4422
3666 4448
3666 4466
3691 4424
3691 4448
3691 4481
3724 4412
3724 4422
3724 4424
3724 4463
3724 4480
3724 4485
3571 4463
3728 4400
3728 4417
3728 4463
3728 4480
3731 4453
3731 4480
3762 4453
3767 4403
3777 4402
3777 4413
3777 4417
3777 4424
3787 4400
3787 4483
3796 4482
3798 4485
3806 4417
3806 4463
3812 4448
3812 4468
3813 4424
3813 4463
3813 4480
3814 4402
3835 4466
3843 4448
3854 4485
3897 4485
3902 4466
3910 4401
3917 4422
3917 4485
3956 4402
3956 4463
3956 4468
3958 4485
3960 4453
3969 4480
3969 4485
3976 4401
3976 4402
3992 4463
4008 4448
4027 4402
4036 4488
4037 4402
4040 4400
4040 4401
4040 4402
4044 4466
4044 4468
4044 4485
4045 4417
4045 4453
4045 4463
4045 4485
4056 4424
4056 4453
4056 4463
4077 4400
4077 4448
4077 4463
4077 4480
4065 4402
4065 4417
4065 4422
4065 4424
4065 4453
4065 4463
4065 4468
4065 4485
4066 4480
4068 4448
4070 4400
4070 4417
4070 4422
4070 4424
4070 4448
4070 4453
4070 4463
4070 4468
4070 4480
4070 4482
4071 4483
4073 4400
4073 4448
4074 4402
4074 4417
4074 4424
4098 4485
4099 4466
4099 4483
4111 4422
4111 4424
4111 4453
4076 4480
4123 4402
4124 4424
4127 4402
4127 4424
4127 4463
4137 4402
4138 4417
4138 4422
4138 4424
4138 4453
4138 4463
4138 4466
4138 4480
4138 4485
4142 4402
4142 4422
4142 4424
4142 4480
4147 4463
4148 4403
4148 4411
4151 4400
4151 4422
4151 4463
4152 4424
4152 4485
3819 4424
4194 4485
4191 4400
4197 4412
4199 4463
3995 4448
3995 4482
4211 4402
4211 4417
4211 4471
4212 4448
4212 4483
4214 4422
4214 4424
4219 4400
4219 4401
4222 4463
4221 4483
4232 4485
4234 4424
4276 4400
4297 4400
4315 4402
4317 4402
4320 4417
4324 4402
4325 4424
4329 4463
4335 4448
4335 4485
4347 4435
4353 4400
4353 4448
4355 4400
4355 4448
4355 4483
4364 4400
4364 4432
4363 4453
4363 4463
4383 4401
4393 4402
4394 4402
4399 4402
4322 4402
4395 4402
4400 4402
4396 4402
4397 4402
4398 4400
4398 4401
4398 4402
4412 4417
4414 4417
4415 4417
4416 4417
4422 4424
4422 4453
4423 4424
4429 4468
4429 4485
4437 4468
4438 4400
4441 4400
4441 4401
4441 4435
4441 4448
4441 4482
4441 4483
4448 4400
4449 4453
4451 4453
4452 4453
4450 4453
4458 4463
4459 4463
4460 4463
4461 4463
2047 4463
4462 4463
4464 4422
4465 4422
4468 4448
4470 4471
4473 4480
4474 4480
4477 4480
4476 4480
4478 4480
4475 4480
4479 4480
4482 4485
4483 4485
4488 4400
4550 4400
4550 4448
4564 4448
4566 4400
4576 4448
4586 4466
4587 4448
4587 4483
4595 4468
4598 4401
4600 4400
4632 4412
4632 4435
4632 4482
4632 4483
4636 4468
4653 4400
4653 4448
4653 4468
4653 4482
4673 4483
4686 4441
4715 4400
4717 4448
4717 4483
4718 4482
4712 4483
4726 4448
4726 4468
4748 4468
4764 4488
4792 4400
4829 4400
4829 4448
4829 4482
4846 4400
4846 4448
4894 4448
4894 4483
4899 4400
4899 4448
4899 4482
4899 4483
4948 4400
4948 4401
4948 4432
4948 4435
4948 4448
4948 4482
4964 4448
4967 4400
4967 4448
4967 4482
4967 4483
4967 4488
4970 4482
4976 4482
5002 4400
5002 4448
5002 4483
5013 4448
5022 4441
5022 4488
5020 4400
5020 4441
5020 4482
5029 4400
5048 4488
5079 4400
5079 4401
5079 4448
5079 4468
5079 4483
5106 4400
5103 4401
5103 4435
5103 4483
5110 4400
5110 4448
5110 4483
4828 4448
4828 4482
4828 4488
5125 4483
5140 4448
5140 4482
5142 4448
5150 4400
5155 4400
5155 4448
5155 4468
5155 4482
5171 4483
5173 4432
4795 4401
4795 4432
5176 4400
5177 4483
4310 4400
4310 4448
4310 4483
5179 4483
5184 4400
5184 4448
5184 4482
5185 4483
5185 4488
5188 4483
5188 4488
5189 4400
5189 4441
5189 4448
5189 4483
5190 4400
5190 4448
5194 4483
5199 4483
5200 4432
5200 4448
5203 4400
5217 4448
5243 4400
5246 4400
5255 4448
5263 4448
5282 4400
5285 4448
5295 4400
5296 4400
5301 4483
5313 4448
5314 4448
5315 4448
5316 4448
5317 4448
5378 4401
5380 4400
5381 4400
5382 4400
5384 4400
5385 4400
5386 4400
5387 4400
5423 4483
5439 4401
5439 4441
5439 4488
5487 4435
5524 4432
5524 4435
5524 4483
5524 4488
5531 4412
5531 4441
5531 4488
5543 4483
5543 4488
5684 4483
5691 4483
5697 4401
5697 4412
5697 4483
5697 4488
5708 4483
5775 4435
5796 4483
5796 4488
5802 4401
5802 4435
5802 4483
5802 4488
5804 4483
5811 4412
5811 4488
5814 4401
5814 4432
5817 4483
5818 4401
5818 4432
5818 4483
5818 4488
5823 4412
5857 4401
5857 4432
5859 4401
5915 4435
5920 4435
5922 4432
5961 4483
5969 4435
5981 4483
6006 4483
6020 4435
6032 4432
6047 4488
6082 4441
6212 4435
6218 4401
6243 4483
6286 4483
6305 4412
6305 4441
6323 4483
6325 4483
6326 4483
6359 4488
6380 4401
6327 4441
6383 4483
6458 4488
6483 4441
6522 4488
6550 4401
6560 4401
6560 4435
6123 4488
6596 4401
6596 4432
6596 4435
6608 4441
6615 4488
6624 4435
6627 4412
6649 4488
6665 4412
6665 4441
6695 4412
6696 4412
6736 4401
6736 4488
6766 4401
6772 4488
6867 4488
6875 4432
6907 4401
6907 4432
6918 4435
6951 4401
6951 4432
6993 4435
7052 4435
7053 4401
7047 4401
7047 4432
7047 4435
7049 4435
7057 4401
7086 4401
7086 4432
7198 4401
7231 4435
7238 4432
7241 4432
7280 4401
7280 4432
7386 4401
7391 4401
7376 4435
7578 4435
7665 4432
7685 4401
7733 4401
7733 4432
7744 4401
7744 4432
7766 4435
7772 4432
7835 4435
7856 4432
7856 4435
7884 4401
7901 4401
7901 4432
7902 4432
7906 4401
8005 4401
8046 4401
8046 4432
8047 4401
8047 4432
8085 4401
8085 4432
8107 4432
8211 4401
8211 4432
8222 4401
8050 4432
8227 4401
8241 4432
8242 4432
8243 4432
