6 2651
11 2604
11 2612
11 2619
11 2625
11 2643
11 2646
11 2653
11 2655
11 2657
11 2665
11 2669
11 2685
11 2686
11 2696
14 2643
14 2653
15 2643
15 2651
20 2693
21 2685
24 2612
24 2619
24 2625
24 2660
24 2667
24 2696
24 2697
36 2619
36 2620
36 2625
36 2651
36 2655
36 2685
36 2689
42 2625
44 2643
44 2652
49 2643
53 2657
53 2686
56 2651
60 2625
27 2696
66 2625
66 2651
86 2643
71 2646
87 2623
89 2657
94 2643
103 2667
103 2686
68 2612
68 2618
68 2643
68 2653
68 2654
68 2697
122 2619
122 2623
122 2625
122 2646
122 2651
122 2653
122 2654
122 2657
122 2660
122 2665
122 2667
122 2685
122 2693
122 2697
113 2643
127 2625
127 2643
127 2652
127 2654
127 2685
127 2687
128 2625
128 2643
128 2651
128 2654
132 2643
143 2620
143 2625
157 2657
161 2619
161 2625
172 2623
172 2625
172 2651
172 2653
172 2654
172 2660
172 2662
172 2686
172 2693
180 2604
180 2625
180 2643
180 2657
182 2625
182 2653
182 2696
182 2697
185 2625
203 2660
215 2619
215 2625
215 2685
236 2625
255 2625
259 2660
275 2619
275 2625
275 2654
275 2669
275 2685
285 2643
290 2654
290 2697
306 2646
306 2653
306 2654
306 2657
306 2660
306 2665
306 2686
306 2693
310 2625
310 2643
310 2669
310 2685
310 2693
311 2605
311 2625
311 2643
311 2654
311 2655
311 2660
311 2672
315 2625
319 2629
319 2660
319 2689
319 2696
335 2612
339 2651
341 2625
341 2670
348 2612
346 2685
356 2660
367 2643
371 2625
371 2643
371 2693
383 2674
406 2657
407 2617
407 2625
407 2693
425 2643
432 2604
432 2643
432 2669
432 2696
412 2625
447 2685
457 2605
457 2612
457 2620
457 2625
457 2651
457 2653
457 2654
457 2687
457 2689
457 2693
457 2696
467 2625
546 2625
546 2643
546 2660
553 2654
554 2654
554 2697
556 2612
556 2623
556 2654
556 2657
587 2625
600 2617
600 2625
600 2643
600 2652
600 2660
634 2618
634 2625
634 2653
634 2654
646 2697
635 2660
637 2651
643 2654
649 2643
650 2625
650 2655
650 2669
662 2655
664 2651
663 2643
689 2643
695 2625
695 2643
695 2654
695 2686
704 2625
704 2643
704 2655
704 2660
704 2662
706 2625
707 2625
707 2643
710 2625
710 2651
710 2657
722 2607
722 2618
722 2625
722 2629
722 2643
722 2647
722 2651
722 2653
722 2654
722 2662
722 2670
722 2697
727 2643
737 2620
742 2669
749 2651
749 2654
763 2612
763 2625
763 2643
763 2651
763 2653
764 2625
766 2605
766 2617
766 2619
766 2623
766 2625
766 2646
766 2653
766 2654
766 2658
766 2660
766 2662
766 2667
766 2674
766 2685
766 2689
766 2693
766 2696
766 2697
762 2651
769 2625
769 2651
769 2660
771 2643
788 2654
784 2617
784 2625
784 2643
784 2651
784 2653
784 2654
784 2660
784 2665
784 2685
784 2693
789 2625
789 2643
789 2669
789 2689
789 2696
798 2612
802 2643
805 2689
813 2619
813 2643
813 2653
813 2654
813 2655
813 2660
813 2665
813 2669
813 2674
813 2687
813 2693
813 2696
826 2617
826 2623
826 2625
826 2629
826 2638
826 2643
826 2651
826 2654
826 2662
826 2670
826 2697
825 2619
825 2625
825 2653
825 2660
825 2667
825 2674
825 2686
836 2625
841 2618
841 2625
844 2646
842 2686
854 2629
854 2638
854 2651
854 2660
856 2619
856 2643
856 2651
856 2660
856 2662
856 2669
856 2674
856 2686
856 2693
852 2653
861 2625
861 2685
865 2617
865 2625
865 2643
865 2654
865 2660
865 2669
865 2685
865 2687
879 2612
879 2646
879 2653
879 2655
879 2657
879 2674
904 2604
904 2643
787 2651
928 2646
937 2625
941 2618
943 2654
946 2619
946 2653
946 2654
946 2669
946 2670
946 2685
946 2689
946 2697
947 2623
947 2625
947 2651
947 2689
948 2619
948 2689
950 2605
954 2619
954 2643
956 2669
961 2625
961 2660
974 2654
974 2667
975 2625
978 2625
982 2625
982 2651
982 2693
986 2625
988 2612
988 2617
988 2619
988 2623
988 2625
988 2646
988 2651
988 2653
988 2654
988 2655
988 2657
988 2660
988 2662
988 2667
988 2674
988 2686
988 2693
988 2697
993 2619
993 2625
993 2654
993 2655
993 2685
993 2686
993 2693
994 2625
994 2654
996 2620
996 2625
996 2651
996 2653
996 2654
996 2657
996 2665
996 2669
996 2685
996 2693
1006 2651
1009 2674
1024 2625
1024 2657
1024 2696
1029 2625
1031 2619
1034 2612
1035 2697
1039 2685
1037 2625
1037 2654
1037 2665
1042 2643
1042 2665
1042 2669
1043 2660
1044 2686
1050 2617
1050 2651
1051 2660
1055 2620
1055 2625
1055 2654
1062 2653
1062 2657
1062 2685
1062 2697
1063 2658
1075 2653
1095 2697
1097 2625
1097 2651
1097 2653
1097 2685
1098 2620
1098 2625
1098 2650
1098 2651
1098 2654
1098 2658
1098 2669
1098 2672
1098 2685
1098 2697
1100 2657
1105 2654
1102 2625
1102 2654
1124 2625
1124 2685
1125 2625
1132 2651
1133 2612
1133 2625
1133 2646
1133 2651
1133 2653
1133 2696
1133 2697
1135 2617
1135 2625
1135 2685
1137 2653
1137 2696
1137 2697
1151 2604
1151 2623
1151 2625
1151 2643
1151 2654
1151 2660
1151 2665
1151 2667
1151 2669
1151 2685
1151 2686
1151 2697
1166 2604
1166 2619
1166 2623
1166 2625
1166 2643
1166 2646
1166 2650
1166 2651
1166 2653
1166 2654
1166 2658
1166 2660
1166 2662
1166 2665
1166 2669
1166 2674
1166 2685
1166 2686
1166 2693
1167 2619
1167 2625
1167 2647
1167 2650
1167 2651
1167 2662
1167 2665
1167 2685
1167 2686
1169 2619
1169 2625
1169 2643
1200 2617
1200 2618
1200 2625
1200 2647
1200 2651
1200 2654
1200 2660
1200 2697
1202 2625
1204 2651
1204 2662
1204 2696
1210 2604
1210 2625
1210 2654
1210 2657
1210 2660
1210 2669
1210 2685
1210 2697
1211 2643
1211 2653
1212 2625
1215 2604
1215 2625
1215 2643
1221 2667
1221 2685
1228 2625
1228 2651
1228 2685
1236 2625
1236 2685
1242 2685
1247 2620
1247 2625
1247 2657
1259 2623
1259 2657
1259 2660
1259 2693
1267 2619
1267 2660
1279 2654
1279 2655
1279 2674
1282 2618
1286 2619
1286 2625
1286 2651
1286 2657
1286 2686
1293 2665
1296 2625
1297 2647
1297 2653
1297 2697
1305 2617
1305 2619
1305 2623
1305 2625
1305 2646
1305 2654
1305 2657
1305 2662
1305 2667
1305 2674
1305 2686
1305 2693
1305 2696
1305 2697
1319 2625
1319 2653
1319 2662
1319 2693
1335 2605
1335 2625
1360 2625
1360 2654
1362 2643
1357 2674
1358 2654
1367 2623
1367 2653
1367 2660
1367 2667
1367 2674
1368 2654
1368 2662
1374 2623
1374 2625
1374 2643
1374 2654
1374 2658
1374 2665
1374 2685
1374 2687
1382 2654
1382 2657
1380 2625
1381 2653
1381 2696
1381 2697
1384 2653
1384 2655
1384 2660
1384 2686
1385 2612
1390 2654
1390 2665
1395 2625
1395 2667
1395 2685
1395 2686
1395 2697
1419 2617
1419 2623
1419 2657
1419 2665
1419 2669
1419 2670
1419 2685
1424 2625
1428 2617
1428 2625
1428 2629
1428 2679
1428 2685
1428 2693
1184 2643
1457 2696
1462 2625
1462 2643
1468 2646
1466 2669
1470 2620
1470 2625
1470 2653
1470 2662
1474 2657
1487 2619
1487 2623
1487 2625
1487 2638
1487 2643
1487 2651
1487 2665
1487 2669
1492 2612
1492 2618
1492 2619
1492 2653
1495 2651
1496 2605
1496 2618
1496 2625
1496 2646
1496 2657
1496 2660
1496 2667
1496 2685
1500 2604
1500 2625
1500 2660
1501 2651
1501 2662
1506 2654
1506 2674
1504 2651
1521 2625
1521 2653
1521 2685
1522 2618
1522 2619
1522 2625
1522 2643
1522 2651
1522 2653
1522 2654
1522 2665
1522 2667
1538 2618
1538 2643
1538 2653
1538 2665
1537 2625
1537 2655
1537 2693
1542 2646
1542 2654
1542 2658
1542 2689
1552 2604
1552 2617
1552 2625
1552 2651
1547 2607
1547 2625
1547 2629
1547 2651
1547 2669
1549 2604
1549 2605
1549 2607
1549 2618
1549 2619
1549 2623
1549 2625
1549 2629
1549 2643
1549 2650
1549 2651
1549 2653
1549 2654
1549 2655
1549 2657
1549 2660
1549 2662
1549 2665
1549 2667
1549 2669
1549 2670
1549 2685
1549 2686
1549 2687
1549 2693
1549 2697
1550 2612
1555 2604
1555 2625
1555 2665
1566 2638
1566 2653
1566 2665
1566 2685
1566 2696
1583 2618
1583 2625
1583 2643
1583 2654
1583 2660
1583 2665
1583 2669
1583 2670
1583 2697
1585 2604
1592 2625
1592 2654
1596 2625
1596 2693
1608 2604
1608 2617
1608 2625
1608 2643
1608 2653
1608 2654
1608 2662
1608 2669
1608 2685
1608 2697
1614 2625
1614 2654
1621 2625
1621 2646
1621 2651
1623 2625
1623 2685
1623 2693
1639 2651
1639 2686
1644 2651
1661 2658
1564 2618
1668 2685
1684 2625
1684 2651
1691 2657
1701 2620
1701 2625
1701 2643
1701 2686
1697 2643
1700 2607
1700 2618
1700 2638
1700 2643
1700 2646
1700 2650
1700 2665
1700 2669
1709 2643
1717 2625
1717 2669
1717 2674
1688 2653
1732 2651
1730 2625
1730 2643
1733 2651
1733 2657
1734 2625
1734 2696
1744 2657
1748 2643
1748 2665
1748 2669
1749 2604
1749 2625
1749 2643
1749 2651
1749 2653
1749 2654
1749 2662
1749 2674
1754 2625
1762 2620
1767 2620
1767 2625
1767 2654
1767 2678
1767 2686
1769 2617
1769 2619
1769 2625
1769 2643
1769 2654
1769 2655
1769 2697
1772 2618
1772 2619
1772 2625
1772 2638
1772 2647
1772 2670
1772 2685
1777 2625
1781 2625
1781 2657
1751 2625
1751 2651
1751 2654
1783 2618
1783 2625
1783 2653
1792 2625
1799 2655
1799 2697
1811 2625
1811 2643
1811 2651
1811 2654
1811 2693
1803 2697
1808 2604
1808 2605
1808 2629
1808 2645
1808 2646
1808 2651
1808 2652
1808 2669
1813 2655
1814 2620
1814 2625
1814 2651
1814 2653
1814 2654
1814 2657
1814 2660
1814 2697
1816 2625
1820 2625
1820 2643
1820 2645
1820 2654
1820 2660
1820 2665
1820 2685
1820 2686
1820 2693
1820 2697
1835 2625
1835 2660
1837 2617
1837 2654
1837 2697
1833 2654
1847 2625
1847 2693
1875 2619
1875 2625
1875 2686
1875 2693
1885 2617
1885 2619
1885 2625
1885 2655
1885 2657
1885 2697
1891 2618
1891 2619
1891 2625
1896 2650
1896 2651
1896 2696
1919 2617
1919 2625
1922 2604
1922 2607
1922 2617
1922 2618
1922 2623
1922 2625
1922 2646
1922 2647
1922 2650
1922 2654
1922 2665
1922 2669
1922 2670
1922 2697
1925 2651
1925 2654
1928 2654
1931 2654
1943 2625
1948 2625
1951 2625
1951 2653
1951 2657
1951 2686
1961 2654
1966 2686
1967 2693
1972 2619
1972 2620
1972 2623
1972 2625
1972 2651
1972 2653
1972 2654
1972 2655
1972 2657
1972 2660
1972 2667
1972 2674
1972 2686
1972 2693
1972 2697
1977 2685
1980 2623
1980 2625
1980 2685
1985 2623
1985 2625
1985 2643
1985 2646
1985 2655
1985 2674
1990 2693
1991 2625
1991 2665
1991 2685
1992 2625
1992 2665
1997 2604
1794 2625
2001 2625
2009 2646
2009 2651
2009 2660
2009 2669
2010 2658
2016 2643
2016 2653
2016 2697
2033 2654
2037 2643
698 2653
2049 2657
2062 2625
2062 2651
2062 2654
2062 2693
2063 2625
2063 2643
2063 2685
2065 2619
2065 2623
2065 2660
2069 2685
2071 2625
2072 2604
2072 2618
2072 2619
2072 2625
2072 2643
2072 2665
2072 2669
2085 2685
2091 2643
2093 2604
2093 2607
2093 2625
2093 2643
2093 2685
2097 2607
2102 2638
2108 2625
2108 2651
2114 2617
2114 2625
2115 2645
2119 2625
2118 2617
2118 2651
2118 2653
2118 2655
2118 2657
2118 2667
2118 2685
2118 2693
2118 2696
2120 2607
2120 2619
2120 2625
2120 2650
2120 2657
2120 2667
2127 2625
2129 2625
2129 2657
2133 2604
2133 2619
2133 2625
2133 2643
2133 2646
2133 2665
2133 2669
2133 2685
2135 2625
2135 2651
2135 2654
2135 2657
2135 2658
2135 2693
2144 2653
2145 2620
2145 2651
2156 2670
2169 2669
2169 2685
2171 2651
2171 2660
2172 2685
2174 2607
2174 2618
2174 2619
2174 2620
2174 2625
2174 2651
2176 2651
2176 2654
2176 2662
2178 2625
2186 2665
2206 2672
2209 2657
2224 2625
2225 2625
2225 2651
2234 2654
2230 2619
2230 2625
2230 2638
2230 2651
2230 2654
2230 2685
2231 2604
2231 2607
2231 2618
2231 2629
2231 2643
2231 2650
2231 2657
2231 2670
2229 2604
2229 2607
2229 2612
2229 2625
2229 2629
2229 2646
2229 2651
2229 2654
2229 2662
2229 2674
2229 2697
2232 2618
2232 2629
2232 2647
2233 2604
2233 2625
2236 2625
2236 2651
2236 2654
2236 2662
2236 2697
2237 2612
2237 2619
2237 2646
2237 2651
2237 2654
2237 2657
2237 2660
2237 2667
2237 2674
2237 2686
2237 2693
2237 2696
2237 2697
2241 2604
2241 2665
2240 2625
2240 2651
2240 2657
2240 2665
2041 2654
2249 2618
2249 2625
2251 2625
2251 2651
2251 2654
2252 2652
2252 2654
2252 2674
2252 2693
2256 2619
2256 2625
2256 2647
2256 2650
2256 2651
2256 2652
2256 2654
2256 2657
2256 2667
2256 2669
2256 2670
2256 2685
2256 2687
2257 2667
2257 2686
2258 2605
2258 2625
2153 2625
2264 2654
2264 2697
2274 2625
2274 2654
2281 2625
2285 2625
2290 2619
2290 2651
2290 2652
2290 2653
2290 2654
2290 2655
2290 2657
2290 2660
2290 2667
2290 2674
2290 2686
2290 2687
2290 2693
2289 2669
2294 2619
2294 2625
2294 2638
2294 2665
2297 2619
2297 2625
2297 2651
2297 2654
2297 2657
2297 2660
2297 2667
2297 2685
2297 2693
2298 2646
2298 2654
2299 2619
2299 2620
2299 2625
2299 2651
2299 2665
2299 2687
2322 2619
2322 2625
2322 2643
2323 2625
2323 2651
2323 2653
2323 2654
2323 2657
2323 2660
2326 2612
2326 2619
2326 2623
2326 2646
2326 2653
2326 2654
2326 2655
2326 2657
2326 2660
2326 2667
2326 2674
2326 2686
2326 2687
2326 2693
2328 2604
2328 2619
2328 2620
2328 2643
2328 2652
2328 2653
2328 2654
2328 2657
2328 2660
2328 2665
2328 2667
2328 2669
2328 2685
2328 2693
2332 2625
2332 2651
2332 2653
2332 2657
2342 2651
2343 2643
2343 2650
2349 2625
2272 2619
2272 2625
2272 2643
2272 2651
2272 2654
2357 2625
2360 2653
2364 2660
2364 2667
2365 2618
2365 2646
2365 2651
2365 2657
2365 2660
2365 2665
2365 2685
2366 2625
2366 2643
2366 2665
2367 2604
2367 2625
2367 2643
2338 2654
2371 2625
2371 2646
2371 2653
2371 2654
2371 2657
2371 2662
2371 2696
2371 2697
2375 2612
2375 2685
2376 2620
2381 2625
2381 2643
2381 2651
2384 2625
2398 2619
2398 2625
2398 2638
2398 2651
2398 2655
2398 2660
2398 2686
2306 2643
2411 2653
2411 2654
2411 2657
2411 2660
2411 2667
2411 2674
2411 2686
2411 2687
2414 2625
2414 2643
2416 2647
2417 2643
2113 2625
2113 2685
2427 2629
2435 2618
2435 2625
2435 2654
2435 2657
2440 2654
2472 2618
2472 2662
2472 2685
2472 2697
2473 2625
2473 2662
2473 2669
2473 2685
2473 2697
2476 2617
2478 2650
2485 2605
2485 2619
2485 2625
2485 2646
2485 2647
2485 2653
2485 2654
2485 2655
2485 2657
2485 2660
2485 2667
2485 2674
2485 2686
2485 2696
2488 2625
2497 2625
2497 2657
2497 2662
2497 2685
2497 2693
2500 2629
2502 2655
2502 2660
2503 2607
2504 2605
2504 2619
2504 2655
2504 2660
2506 2657
2506 2658
2507 2617
2507 2625
2507 2651
2507 2693
2508 2625
2508 2669
2509 2619
2509 2625
2509 2638
2509 2685
2510 2617
2510 2625
2510 2651
2510 2654
2510 2660
2510 2674
2510 2693
2516 2605
2516 2657
2527 2625
2541 2617
2541 2625
2541 2651
2542 2623
2542 2660
2542 2693
2546 2638
2546 2654
2546 2660
2546 2665
2546 2674
2546 2693
2547 2625
2547 2646
2547 2653
2547 2654
2547 2660
2547 2662
2547 2667
2547 2674
2547 2687
2548 2646
2548 2657
2550 2697
899 2618
2566 2654
2566 2660
2566 2674
2557 2618
2559 2617
2559 2625
2559 2651
2559 2654
2559 2662
2559 2674
2560 2617
2560 2619
2560 2646
2560 2653
2560 2654
2560 2655
2560 2686
2564 2657
2564 2660
2564 2693
2565 2605
2565 2612
2565 2617
2565 2623
2565 2625
2565 2646
2565 2647
2565 2651
2565 2652
2565 2653
2565 2654
2565 2655
2565 2657
2565 2658
2565 2660
2565 2662
2565 2667
2565 2674
2565 2686
2565 2687
2565 2689
2565 2693
2565 2696
2565 2697
2572 2607
2572 2629
2574 2625
2576 2620
2576 2625
2576 2646
2576 2651
2576 2654
2576 2660
2576 2662
2576 2674
2576 2687
2576 2689
2576 2693
2576 2697
2578 2617
2578 2625
2587 2617
2587 2625
2583 2625
2585 2625
2585 2651
2585 2653
2586 2643
2593 2625
2593 2654
2593 2693
2594 2619
2594 2625
2594 2665
2595 2625
2595 2657
2595 2665
2596 2625
2596 2643
2598 2625
2598 2643
2474 2617
2474 2618
2474 2619
2474 2625
2474 2638
2474 2646
2474 2650
2474 2651
2474 2654
2474 2662
2474 2665
2474 2669
2474 2670
2474 2685
2474 2697
2599 2665
2603 2604
2605 2620
2605 2625
2606 2625
2607 2625
2608 2625
2609 2620
2609 2625
2610 2625
2611 2617
2611 2625
2612 2625
2613 2625
2613 2674
2613 2686
2614 2625
2615 2625
2616 2625
2617 2625
2617 2667
2617 2697
2618 2625
2618 2646
2618 2651
2618 2653
2618 2657
2618 2660
2618 2665
2618 2669
2623 2620
2623 2625
2623 2652
2623 2653
2623 2667
2619 2625
2619 2657
2619 2665
2619 2697
2620 2618
2620 2625
2620 2665
2633 2643
1863 2643
2634 2643
2635 2643
2636 2643
2637 2643
2639 2643
2640 2643
2638 2643
2641 2643
2642 2643
2644 2645
2646 2617
2646 2620
2646 2625
2646 2665
2649 2650
2651 2612
2651 2619
2651 2623
2651 2625
2651 2652
2651 2653
2651 2657
2651 2660
2651 2662
2651 2665
2651 2667
2651 2686
2651 2693
2653 2619
2653 2625
2653 2652
2653 2654
2653 2657
2653 2660
2653 2674
2653 2686
2653 2693
2653 2696
2655 2652
2655 2660
2656 2652
2657 2625
2657 2652
2657 2654
2657 2693
2658 2652
2658 2653
2658 2654
2658 2657
2658 2674
2658 2686
2658 2687
2658 2689
2658 2693
2658 2696
2659 2652
2659 2655
2659 2674
2659 2687
2661 2665
2662 2665
2663 2665
2664 2665
2668 2669
2672 2685
2674 2619
2674 2623
2674 2625
2674 2651
2674 2654
2674 2660
2674 2686
2674 2693
2674 2697
2676 2618
2682 2685
2683 2651
2683 2685
2684 2685
2708 2651
2699 2653
2699 2655
2699 2657
2699 2660
2699 2662
2699 2667
2700 2612
2700 2619
2700 2623
2700 2625
2700 2653
2700 2654
2700 2655
2700 2657
2700 2660
2700 2667
2700 2674
2700 2686
2700 2693
2701 2651
2701 2654
2686 2619
2686 2620
2686 2623
2686 2625
2686 2651
2686 2653
2686 2654
2686 2657
2686 2660
2686 2662
2686 2667
2686 2697
2687 2651
2687 2657
2687 2662
2702 2651
2703 2623
2703 2625
2703 2651
2703 2660
2688 2605
2688 2612
2688 2617
2688 2619
2688 2620
2688 2623
2688 2625
2688 2646
2688 2651
2688 2653
2688 2654
2688 2655
2688 2657
2688 2660
2688 2662
2688 2667
2688 2674
2688 2686
2688 2687
2688 2693
2688 2696
2688 2697
2704 2625
2704 2654
2704 2662
2704 2693
2704 2697
2660 2605
2660 2625
2660 2651
2660 2653
2660 2654
2660 2657
2660 2686
2660 2693
2660 2697
2689 2657
2667 2651
2690 2625
2690 2651
2690 2654
2690 2662
2691 2625
2691 2658
2691 2660
2692 2625
2692 2651
2693 2625
2693 2651
2693 2653
2693 2654
2693 2657
2693 2667
2694 2651
2695 2651
2695 2653
2695 2667
2696 2625
2696 2651
2696 2653
2697 2619
2697 2625
2697 2654
2697 2657
2698 2651
2698 2660
2711 2660
2719 2653
2727 2653
2737 2651
2740 2618
2740 2693
2744 2618
2747 2618
2747 2625
2747 2651
2747 2654
2747 2657
2747 2674
2747 2687
2747 2693
2746 2618
2746 2651
2757 2654
2762 2654
2765 2612
2768 2646
2774 2660
2775 2660
2790 2625
2790 2646
2790 2651
2790 2654
2790 2657
2790 2660
2790 2662
2790 2687
2790 2693
2790 2697
2792 2625
2792 2651
2804 2653
2804 2667
2804 2674
2807 2617
2807 2625
2815 2619
2815 2625
2815 2693
2819 2619
2819 2660
2822 2625
2822 2654
2654 2625
2654 2653
2654 2657
2654 2662
2654 2667
2654 2674
2654 2686
2654 2693
2654 2697
2799 2686
2831 2619
2831 2620
2831 2625
2831 2674
2838 2619
2838 2657
2838 2660
2840 2646
2856 2662
2859 2619
2860 2623
2871 2612
2871 2617
2871 2619
2871 2625
2871 2651
2871 2653
2871 2655
2871 2657
2871 2662
2871 2689
2871 2696
2871 2697
2872 2619
2872 2625
2872 2651
2872 2653
2872 2697
2875 2625
2880 2686
2883 2662
2901 2625
2900 2625
2900 2651
2900 2654
2900 2657
2903 2625
2906 2654
2908 2623
2909 2625
2909 2651
2909 2654
2909 2657
2909 2697
2912 2625
2912 2654
2923 2653
2923 2657
2925 2625
2925 2646
2925 2651
2932 2651
2932 2667
2935 2646
2939 2657
2940 2619
2940 2623
2940 2625
2940 2653
2940 2657
2940 2660
2940 2667
2940 2693
2941 2693
2947 2660
2948 2654
2948 2697
2951 2625
2951 2660
2953 2654
2958 2625
2958 2646
2964 2651
2964 2653
2964 2654
2964 2655
2964 2662
2967 2612
2967 2646
2967 2653
2967 2654
2967 2655
2967 2657
2967 2660
2967 2674
2967 2693
2967 2696
2967 2697
2968 2605
2968 2653
2968 2658
2968 2697
2972 2605
2972 2612
2972 2619
2972 2646
2972 2653
2972 2689
2972 2696
2969 2655
2988 2653
2988 2654
2988 2657
2988 2696
2995 2617
2999 2625
3007 2653
3000 2660
3000 2662
3001 2654
3009 2653
3009 2660
3009 2667
3009 2693
3005 2625
3005 2654
3006 2617
3006 2654
3006 2662
3010 2653
3010 2654
3010 2657
3010 2660
3010 2667
3010 2674
3010 2693
3010 2697
2707 2617
2707 2619
2707 2625
2707 2646
2707 2653
2707 2662
3016 2657
3018 2623
3018 2653
3020 2623
3020 2625
3020 2651
3020 2697
3024 2625
3024 2651
3024 2653
3024 2660
3024 2667
3026 2625
3026 2651
3026 2653
3026 2654
3026 2660
3026 2667
3026 2674
3026 2686
3026 2693
3026 2696
3026 2697
3028 2619
3028 2623
3028 2625
3028 2651
3028 2653
3028 2654
3028 2657
3028 2660
3028 2674
3028 2686
3028 2687
3028 2693
3031 2625
3031 2651
3031 2653
3031 2654
3031 2657
3031 2660
3031 2662
3031 2693
3031 2697
3032 2651
3032 2657
3032 2662
3032 2674
3032 2687
3033 2653
3033 2654
3033 2657
3033 2674
3033 2693
3033 2697
3034 2625
2713 2612
2713 2619
2713 2623
2713 2625
2713 2646
2713 2651
2713 2653
2713 2654
2713 2655
2713 2657
2713 2660
2713 2667
2713 2674
2713 2693
3037 2651
3039 2625
3039 2651
3039 2660
3041 2697
3049 2617
3056 2623
3056 2625
3056 2653
3056 2657
3056 2667
3056 2687
3053 2651
3053 2653
3055 2619
3055 2651
3055 2653
3055 2654
3055 2667
3055 2674
3055 2693
3057 2653
3059 2625
3059 2651
3059 2653
3059 2696
3059 2697
2356 2654
2356 2655
2356 2657
2356 2662
2356 2693
3062 2651
3062 2654
3062 2662
3062 2697
2976 2617
3072 2623
3072 2625
3072 2654
3072 2662
3072 2697
3073 2625
3073 2651
3073 2657
3073 2660
3081 2625
3084 2657
3087 2696
3087 2697
3089 2625
3092 2625
3092 2654
3092 2689
3092 2697
3098 2625
3098 2651
3098 2654
3098 2662
3098 2697
3095 2625
3096 2697
3107 2653
2842 2619
2842 2623
2842 2625
2842 2646
2842 2651
2842 2653
2842 2654
2842 2660
2842 2667
2842 2674
2842 2687
2842 2693
3108 2654
3108 2697
2003 2623
2003 2625
2003 2651
2003 2657
3119 2625
3120 2687
3124 2625
3125 2625
3125 2651
3125 2657
3125 2687
3127 2625
3127 2657
3127 2674
3127 2693
3129 2625
3142 2654
3142 2658
3144 2619
3144 2625
3144 2654
3144 2657
3144 2660
3144 2686
3144 2693
3146 2697
3147 2697
3148 2654
3148 2667
3148 2674
3148 2697
3150 2651
3150 2654
3159 2625
3159 2654
3162 2654
3162 2662
3168 2625
3168 2646
3168 2653
3168 2654
3168 2655
3171 2657
3175 2619
3175 2653
3175 2657
3175 2696
3180 2654
3180 2660
3181 2654
3190 2654
3182 2654
3183 2651
3183 2654
3184 2654
3185 2654
3186 2654
3187 2654
3188 2654
3188 2687
3189 2654
3192 2653
3192 2655
3192 2660
3192 2687
3192 2693
3192 2696
3196 2651
3196 2657
3199 2612
3202 2651
3202 2662
3203 2662
3204 2662
3209 2625
3209 2657
3209 2660
3209 2689
3225 2625
3227 2651
3250 2625
3252 2625
3252 2653
3252 2655
3252 2674
3252 2693
3255 2625
3258 2625
3258 2654
3258 2657
3258 2660
3258 2674
3258 2686
3260 2625
3260 2651
3262 2651
3262 2660
3268 2625
3268 2651
212 2625
3269 2625
3270 2625
3271 2625
2624 2625
3272 2625
3280 2625
3281 2625
3273 2625
3274 2620
3274 2625
3275 2625
3275 2657
3276 2612
3276 2623
3276 2625
3276 2653
3276 2655
3276 2667
3277 2625
3278 2625
3279 2625
3284 2623
3291 2619
3291 2623
3291 2660
3291 2687
3297 2655
3301 2657
3301 2674
3304 2623
3304 2657
3304 2693
3310 2658
3312 2651
3313 2651
3282 2651
3314 2651
3315 2651
3290 2651
3318 2651
3316 2651
3317 2619
3317 2651
3325 2653
3325 2667
3326 2653
3333 2657
3333 2660
3333 2674
3334 2646
3345 2623
3345 2660
3346 2657
3349 2667
3350 2619
3352 2619
3352 2646
3352 2653
3352 2654
3352 2655
3352 2657
3352 2660
3352 2667
3352 2674
3352 2687
3352 2689
3352 2693
3352 2696
3366 2657
3375 2653
3375 2657
3377 2654
3378 2657
3379 2653
3379 2660
3379 2667
3380 2654
3380 2657
3380 2660
3381 2623
3383 2653
3388 2646
3388 2657
3391 2660
3392 2619
3392 2657
3394 2646
3394 2653
3394 2654
3394 2657
3394 2660
3394 2687
3394 2693
3397 2654
3402 2623
3402 2646
3402 2653
3402 2654
3402 2689
3036 2653
3036 2660
3404 2623
3404 2654
3404 2657
3404 2667
3404 2693
3390 2605
3390 2696
3422 2660
3417 2653
3417 2657
3443 2693
3439 2619
3439 2620
3439 2653
3439 2655
3439 2657
3439 2667
3439 2674
3439 2693
3447 2605
3447 2658
3449 2605
3449 2646
3449 2689
3449 2696
3451 2612
3451 2653
3452 2605
3452 2696
3453 2605
3453 2646
3453 2689
3453 2696
3454 2612
3454 2619
3454 2653
3454 2657
3454 2693
3455 2696
3456 2612
3456 2658
3456 2689
3456 2696
3457 2612
3457 2619
3457 2654
3457 2657
3457 2686
3458 2654
3458 2657
3458 2686
3462 2696
3469 2686
3470 2623
3470 2654
3470 2667
3470 2674
3470 2693
3479 2612
3479 2619
3479 2646
3479 2653
3479 2657
3479 2667
3479 2687
3480 2654
3480 2657
3480 2660
3480 2687
3481 2653
3481 2660
3481 2686
3481 2687
3482 2654
3482 2667
3482 2687
3483 2654
3483 2657
3483 2674
3483 2687
3477 2619
3477 2623
3477 2653
3477 2654
3477 2674
3477 2687
3478 2687
3478 2693
3488 2655
3496 2623
3496 2660
2524 2693
3498 2605
3504 2623
3512 2653
3513 2660
3518 2657
3519 2619
3519 2657
3519 2686
3519 2693
3523 2654
3523 2657
3523 2693
3525 2657
3526 2654
3527 2619
3527 2657
3527 2686
3530 2660
3535 2653
3536 2660
3536 2667
3539 2660
3540 2660
3541 2646
3541 2653
3541 2655
3541 2657
3541 2660
3541 2667
3541 2686
3542 2660
3543 2657
3543 2660
3508 2660
3544 2657
3544 2660
3545 2660
3553 2653
3553 2654
3555 2667
3555 2693
3556 2686
3560 2653
3560 2667
3561 2667
3562 2619
3562 2657
3562 2667
3562 2674
3563 2667
3564 2667
3565 2667
3566 2667
3567 2619
3567 2654
3567 2657
3567 2667
3568 2612
3568 2653
3568 2657
3569 2653
3569 2654
3569 2657
3569 2693
3587 2674
3583 2657
3586 2658
3589 2657
3528 2654
3593 2654
3598 2654
3600 2674
3601 2657
3601 2696
3597 2696
3610 2674
3611 2654
3611 2657
3611 2674
3611 2693
3614 2605
3614 2689
3615 2619
3615 2646
3615 2653
3615 2655
3615 2657
3615 2686
3622 2657
3624 2619
3624 2653
3624 2655
3624 2657
3630 2612
3630 2657
3631 2619
3631 2653
3633 2657
3635 2655
3641 2653
3641 2696
3642 2605
3642 2620
3642 2658
3643 2605
3643 2619
3645 2646
3645 2653
3646 2657
3653 2693
3655 2693
3656 2693
3657 2693
3658 2620
3658 2693
3660 2619
3660 2653
3660 2654
3660 2696
3661 2619
3665 2658
3666 2655
3678 2686
3681 2654
3682 2619
3682 2653
3682 2655
3682 2657
3682 2686
3683 2654
3684 2654
3685 2654
3686 2654
3692 2654
3687 2654
3688 2654
3689 2654
3690 2654
3691 2654
3691 2658
3691 2689
3693 2654
3694 2654
3695 2654
3696 2654
3697 2654
3698 2654
3714 2653
3724 2612
3724 2646
3724 2653
3571 2653
3725 2657
3726 2655
3748 2653
3748 2696
3751 2619
3752 2619
3754 2657
3679 2657
3757 2657
3720 2657
3758 2657
3759 2657
3760 2657
3761 2657
3762 2657
3763 2657
3764 2657
3786 2605
3787 2612
3787 2619
3787 2653
3787 2658
3787 2696
3794 2612
3794 2696
3806 2612
3812 2655
3813 2605
3813 2646
3813 2653
3814 2653
3815 2655
3842 2619
3850 2655
3854 2619
3854 2653
3854 2696
3917 2646
3925 2653
3948 2619
3948 2646
3949 2653
3949 2655
3958 2619
3959 2619
3960 2619
3961 2619
3961 2655
3965 2646
3965 2653
3969 2689
3985 2655
4006 2655
4007 2655
4008 2655
4036 2605
4036 2653
4036 2696
4040 2605
4039 2653
4042 2653
2981 2653
2981 2658
4045 2689
4045 2696
4077 2653
4077 2696
4065 2612
4065 2620
4065 2646
4065 2653
4070 2605
4070 2646
4070 2653
4072 2696
4073 2653
4074 2653
4074 2696
4076 2696
4123 2612
4124 2612
4138 2612
4138 2646
4142 2612
4142 2646
4151 2696
4152 2646
4159 2653
4211 2646
4211 2696
4215 2612
4219 2696
4275 2696
4273 2612
4276 2605
4358 2612
4415 2696
4422 2646
4426 2696
4441 2689
4483 2658
4483 2689
4488 2658
4488 2689
4574 2620
4632 2658
4632 2689
4653 2605
4653 2689
4647 2696
4673 2620
4681 2696
4686 2689
4688 2696
4717 2658
4718 2689
4750 2696
4824 2605
4829 2689
4859 2689
4874 2620
4891 2696
4893 2696
4894 2689
4894 2696
4899 2689
4948 2605
4948 2658
4948 2689
4966 2689
4967 2605
4967 2620
4967 2689
4974 2689
4981 2658
4981 2689
5022 2620
5020 2620
5079 2605
5140 2620
5140 2689
5155 2689
5160 2620
4795 2658
5176 2605
5177 2620
4310 2605
4310 2620
5179 2605
5179 2620
5180 2605
5181 2605
5184 2605
5185 2605
5188 2605
5189 2605
5189 2620
5190 2605
5198 2689
5199 2658
5246 2620
5254 2689
5255 2689
5263 2605
5301 2605
5301 2620
5342 2658
5524 2658
5543 2658
5584 2620
5606 2605
5612 2620
5697 2620
5796 2658
5800 2658
5802 2620
5802 2658
4767 2620
5998 2620
6006 2620
6024 2658
6032 2658
6043 2658
6072 2658
6118 2620
6174 2658
6198 2620
6217 2620
6223 2620
6272 2620
6305 2620
6314 2620
6327 2620
6415 2620
6443 2620
6467 2620
6469 2620
6479 2620
6483 2620
6488 2620
6460 2620
6596 2658
6605 2620
6624 2620
6624 2658
6625 2620
6627 2620
6626 2620
6665 2658
6676 2658
6784 2658
6900 2658
6914 2658
6907 2658
6916 2658
6951 2658
7012 2658
7021 2658
7047 2658
7080 2658
7086 2658
7131 2658
7225 2658
7236 2658
7279 2658
7280 2658
7301 2658
7390 2658
7391 2658
7443 2658
7471 2658
7564 2658
7675 2658
7733 2658
7775 2658
7865 2658
7882 2658
7902 2658
7904 2658
7980 2658
7985 2658
