6 5323
20 5327
24 5327
24 5341
58 5378
72 5321
87 5308
87 5392
68 5323
68 5351
109 5321
122 5335
122 5392
132 5321
173 5335
311 5335
319 5335
339 5335
339 5341
425 5321
425 5384
447 5384
457 5305
457 5321
457 5335
457 5378
600 5341
722 5323
722 5326
722 5341
722 5392
737 5321
737 5341
737 5384
738 5301
759 5321
759 5392
763 5392
766 5323
766 5392
789 5323
789 5327
789 5335
789 5392
825 5301
825 5351
896 5335
996 5335
996 5392
1004 5305
1041 5308
1041 5309
1041 5326
1051 5335
1075 5341
1098 5321
1111 5392
1127 5335
1132 5335
1133 5301
1133 5335
1133 5392
1166 5301
1166 5305
1166 5309
1166 5321
1166 5327
1166 5384
1166 5392
1247 5321
1335 5305
1353 5341
1374 5301
1374 5321
1374 5323
1374 5335
1374 5341
1374 5384
1374 5392
1381 5323
1416 5384
1522 5301
1522 5321
1524 5321
1542 5301
1542 5308
1542 5323
1542 5327
1542 5335
1542 5341
1549 5305
1549 5312
1549 5341
1549 5384
1608 5335
1612 5378
1612 5384
1614 5341
1639 5335
1667 5301
1697 5335
1714 5335
1717 5341
1737 5301
1762 5321
1769 5327
1814 5305
1847 5392
1888 5321
1922 5305
1937 5341
1972 5323
1972 5327
1972 5341
2001 5392
2009 5341
2010 5301
2033 5341
2109 5327
2109 5392
2225 5335
2240 5321
2249 5378
2276 5393
2299 5323
2316 5375
2321 5375
2369 5303
2369 5305
2369 5321
2369 5327
2369 5375
2384 5341
2387 5341
2387 5354
2387 5392
2410 5392
2440 5335
2452 5378
2485 5323
2506 5311
2535 5335
2535 5375
2549 5301
2560 5341
2565 5321
2565 5335
2565 5341
2565 5364
2565 5378
2565 5384
2565 5392
2576 5301
2576 5305
2474 5311
2605 5301
2605 5321
2612 5387
2658 5378
2674 5312
2683 5305
2699 5335
2688 5305
2688 5308
2688 5321
2688 5323
2688 5327
2688 5335
2688 5341
2688 5368
2688 5392
2667 5301
2693 5375
2694 5335
2760 5311
2765 5341
2778 5323
2790 5323
2544 5321
2871 5308
2883 5387
2909 5387
2972 5305
2972 5326
2972 5335
2972 5387
2972 5392
3000 5311
3028 5350
3032 5323
3032 5327
3032 5335
3090 5335
3092 5309
3142 5378
3191 5321
3191 5323
3191 5335
3191 5341
3191 5387
3191 5392
3227 5301
3352 5308
3352 5323
3352 5327
3352 5335
3352 5341
3352 5364
3352 5392
3366 5308
3366 5311
3380 5378
3381 5335
3381 5384
3394 5301
3402 5335
3402 5392
3404 5323
3404 5341
3404 5375
3390 5321
3390 5335
3390 5388
3425 5375
3417 5335
3417 5341
3447 5305
3447 5308
3447 5312
3447 5323
3447 5341
3447 5364
3447 5368
3447 5375
3449 5301
3449 5305
3449 5327
3449 5335
3449 5341
3449 5392
3452 5301
3452 5335
3452 5375
3452 5392
3453 5306
3453 5311
3453 5323
3453 5335
3453 5341
3453 5354
3453 5375
3453 5392
3453 5393
3456 5335
3457 5327
3457 5341
3459 5301
3459 5305
3459 5321
3459 5363
3459 5393
3461 5321
3465 5301
3466 5301
3478 5335
3495 5375
3522 5305
3522 5375
3586 5335
3593 5384
3601 5392
3614 5326
3614 5335
3614 5387
3631 5392
3634 5323
3641 5321
3641 5327
3641 5335
3642 5301
3642 5305
3642 5321
3642 5335
3642 5384
3658 5335
3658 5341
3666 5305
3666 5323
3666 5327
3666 5335
3691 5335
3728 5327
3728 5341
3786 5321
3786 5341
3787 5305
3787 5321
3787 5327
3787 5378
3787 5392
3796 5301
3794 5392
3806 5327
3806 5392
3835 5335
3835 5341
3854 5301
3863 5308
3872 5384
3956 5321
3958 5301
3960 5327
3960 5392
3965 5321
3969 5323
3969 5351
3976 5303
3976 5306
3976 5327
3976 5341
3976 5364
3976 5387
3976 5388
4040 5323
4041 5375
4045 5301
4046 5384
4077 5308
4077 5392
4070 5305
4070 5308
4070 5321
4070 5323
4070 5327
4070 5341
4073 5312
4099 5321
4136 5301
4142 5301
4144 5301
4144 5321
4144 5392
3995 5321
4212 5311
4212 5326
4212 5350
4212 5362
4212 5375
4219 5301
4219 5323
4353 5326
4353 5327
4353 5335
4353 5387
4353 5392
4355 5323
4355 5341
4364 5335
4364 5392
4441 5323
4441 5378
4448 5308
4448 5309
4448 5312
4448 5335
4455 5306
4468 5321
4476 5311
4483 5301
4488 5392
4533 5323
4533 5341
4550 5321
4550 5323
4550 5335
4550 5341
4550 5364
4550 5392
4553 5392
4574 5301
4587 5350
4598 5301
4600 5341
4487 5301
4487 5306
4487 5392
4632 5327
4632 5335
4652 5335
4653 5305
4653 5308
4653 5309
4653 5326
4653 5327
4653 5351
4653 5354
4653 5363
4653 5392
4653 5393
4665 5305
4686 5308
4686 5387
4686 5392
4715 5321
2621 5305
4718 5305
4718 5306
4718 5341
4718 5354
4718 5375
4748 5301
4748 5323
4748 5335
4748 5354
4748 5364
4792 5326
4818 5375
4824 5301
4824 5310
4824 5321
4829 5326
4829 5327
4829 5335
4829 5341
4829 5392
4846 5341
4894 5323
4894 5335
4894 5375
4898 5368
4898 5392
4899 5301
4899 5323
4899 5327
4899 5341
4899 5392
4948 5311
4948 5321
4948 5326
4948 5327
4948 5335
4948 5378
4948 5388
4948 5392
4964 5321
4966 5335
4967 5301
4967 5335
4967 5387
4967 5392
4967 5393
4938 5323
4938 5341
4974 5351
4982 5321
4982 5327
5002 5393
5008 5303
5008 5323
5022 5301
5022 5335
5020 5308
5020 5312
5020 5321
5020 5323
5020 5327
5020 5335
5020 5341
5020 5350
5020 5368
5020 5375
5020 5392
5029 5323
5029 5327
5059 5384
5078 5341
5079 5301
5079 5306
5079 5310
5079 5321
5079 5327
5079 5335
5079 5368
5079 5393
5096 5327
5110 5301
5110 5323
5110 5327
5110 5335
5110 5341
5110 5392
4828 5321
4828 5326
4828 5335
5121 5301
5125 5327
5125 5341
5155 5311
5155 5363
5155 5392
5155 5393
5160 5392
5173 5384
4795 5392
5176 5301
5176 5308
5176 5321
5176 5326
5176 5392
4310 5301
4310 5308
4310 5311
4310 5321
4310 5323
4310 5327
4310 5335
4310 5341
5179 5335
5181 5321
5184 5335
5184 5392
5185 5321
5185 5378
5187 5301
5187 5321
5188 5321
5189 5301
5189 5305
5189 5321
5189 5326
5189 5327
5189 5335
5189 5341
5189 5351
5189 5387
5189 5392
5190 5321
5190 5335
5190 5341
5190 5387
5190 5392
5191 5392
5201 5378
5239 5305
5243 5308
5243 5392
5246 5392
5246 5393
5254 5321
5255 5323
5262 5301
5262 5308
5263 5305
5263 5321
5285 5312
5286 5335
5286 5375
5295 5321
5296 5323
5312 5305
5316 5387
5317 5326
5317 5327
5320 5326
5320 5387
5321 5301
5321 5326
5321 5327
5321 5341
5324 5323
5324 5327
5324 5392
5328 5327
5329 5327
5329 5335
5330 5327
5333 5335
5332 5335
5334 5301
5334 5335
5336 5341
5339 5341
5337 5341
5355 5354
5360 5392
5370 5375
5371 5375
5372 5375
5373 5375
5374 5375
5380 5392
5381 5392
5390 5392
5391 5392
5419 5301
5427 5321
5427 5335
5432 5378
5439 5321
5445 5305
5445 5321
5446 5321
5457 5301
5466 5387
5504 5301
5524 5301
5524 5335
5524 5378
5524 5384
5524 5393
5531 5301
5531 5321
5531 5335
5531 5384
5543 5335
5543 5384
5553 5335
5582 5384
5584 5321
5606 5321
5608 5301
5608 5335
5612 5335
5396 5301
5627 5321
5624 5321
5625 5321
5626 5321
5628 5321
5629 5321
5644 5335
5655 5393
5647 5301
5691 5301
5697 5301
5697 5321
5705 5301
5741 5301
5741 5321
5761 5305
5773 5384
5787 5301
5796 5321
5802 5384
5802 5393
5806 5335
5806 5393
5807 5384
5816 5321
5817 5321
5818 5321
5818 5335
5819 5301
5819 5378
5829 5301
5839 5301
5842 5305
5840 5305
5841 5305
5857 5321
5872 5378
5877 5301
4767 5301
5907 5301
5911 5301
5908 5301
5909 5301
5914 5335
5966 5335
6024 5335
6220 5335
6220 5384
6241 5393
6248 5335
6263 5335
6282 5335
6280 5335
6281 5335
6305 5321
6360 5384
6377 5321
6327 5384
6443 5321
6486 5393
6494 5393
6501 5321
6510 5384
6522 5321
6526 5321
6596 5378
6613 5384
6615 5321
6615 5384
6714 5321
6736 5321
6772 5321
6815 5321
6816 5321
6620 5384
6900 5378
6915 5384
6907 5378
7043 5378
7053 5378
7054 5393
7047 5378
6946 5393
7086 5378
7099 5393
7100 5384
7110 5384
7123 5384
7122 5384
7282 5378
7284 5378
7386 5378
7391 5393
7393 5378
7449 5378
7578 5378
7675 5378
7772 5378
7865 5378
7901 5378
8046 5378
8047 5378
8048 5378
8051 5378
8053 5378
8107 5378
8231 5378
8232 5378
8233 5378
