20 5714
20 5775
20 5780
24 5714
36 5714
36 5799
37 5780
42 5775
27 5743
71 5714
87 5732
87 5737
87 5775
87 5790
87 5798
68 5721
68 5732
68 5745
68 5780
109 5714
109 5739
109 5760
109 5798
109 5799
122 5790
113 5721
136 5738
136 5739
155 5745
173 5714
173 5760
173 5799
166 5738
231 5737
231 5743
259 5714
259 5773
298 5793
308 5714
310 5721
310 5753
311 5743
335 5743
371 5775
398 5739
425 5798
457 5705
457 5714
457 5721
457 5732
457 5737
457 5738
457 5739
457 5743
457 5753
457 5757
457 5760
457 5775
457 5776
457 5780
457 5792
457 5798
457 5799
600 5714
633 5773
634 5773
689 5790
695 5760
737 5738
737 5760
737 5772
742 5745
697 5790
766 5714
766 5721
766 5732
766 5737
766 5739
766 5743
766 5753
766 5773
766 5775
766 5776
766 5780
766 5790
766 5799
788 5709
788 5798
789 5721
789 5743
789 5753
813 5753
825 5737
825 5740
825 5743
825 5745
865 5743
879 5739
469 5714
896 5798
950 5757
996 5784
996 5790
1000 5798
1008 5714
1041 5743
1041 5790
1042 5799
1055 5714
1055 5780
1055 5790
1074 5714
1074 5739
1074 5799
1097 5743
1098 5738
1098 5760
1098 5772
1098 5773
1098 5776
1133 5753
1133 5773
1133 5775
1133 5780
1151 5714
1151 5721
1151 5743
1151 5775
1151 5776
1166 5714
1166 5721
1166 5743
1166 5772
1166 5773
1166 5780
1166 5784
1166 5790
1166 5798
1210 5799
1286 5757
1285 5760
1305 5739
1374 5714
1374 5721
1374 5732
1374 5737
1374 5743
1374 5760
1374 5773
1374 5780
1374 5790
1419 5732
1462 5780
1470 5706
1470 5714
1470 5798
1473 5714
1496 5732
1542 5714
1542 5739
1542 5743
1542 5760
1542 5780
1542 5798
1542 5799
1549 5714
1549 5721
1549 5732
1549 5775
1549 5776
1601 5714
1608 5714
1612 5772
1621 5739
1667 5737
1667 5760
1674 5732
1691 5714
1701 5714
1701 5775
1697 5714
1697 5732
1697 5773
1717 5780
1688 5798
1733 5714
1737 5760
1748 5738
1762 5714
1767 5714
1795 5773
1796 5739
1799 5798
1808 5714
1808 5721
1814 5737
1814 5798
1835 5714
1835 5799
1891 5784
2096 5799
2102 5780
2109 5790
2115 5721
2135 5743
2226 5773
2246 5714
2256 5709
2257 5732
2258 5721
2258 5732
2258 5753
2258 5760
2258 5773
2258 5784
2258 5790
2258 5798
2264 5714
2264 5775
2297 5714
2299 5714
2323 5799
2328 5714
2331 5714
2365 5721
2365 5773
2365 5775
2365 5780
2369 5714
2369 5739
2369 5745
2369 5775
2369 5799
2381 5721
2381 5743
2381 5799
2384 5753
2384 5775
2384 5790
2387 5780
2410 5721
2410 5743
2440 5760
2456 5760
2485 5721
2485 5790
2502 5773
2516 5743
2542 5714
2549 5743
2549 5773
2549 5784
2549 5790
2564 5714
2565 5714
2565 5739
2565 5760
2565 5772
2565 5773
2565 5776
2576 5713
2576 5721
2576 5732
2576 5739
2595 5760
2605 5713
2605 5721
2623 5705
2623 5772
2651 5775
2651 5780
2674 5743
2677 5739
2677 5773
2702 5705
2688 5732
2688 5737
2688 5739
2688 5743
2688 5753
2688 5756
2688 5775
2688 5780
2688 5784
2688 5790
2660 5732
2660 5773
2660 5790
2667 5738
2667 5753
2667 5798
2691 5757
2693 5714
2693 5739
2693 5780
2696 5743
2744 5784
2760 5784
2834 5793
2871 5737
2871 5775
2908 5753
2958 5772
2972 5705
2972 5721
2972 5732
2972 5737
2972 5738
2972 5743
2972 5756
2972 5757
2972 5775
2972 5776
2974 5743
2983 5738
2988 5775
3009 5756
3010 5780
2707 5705
2707 5721
2707 5737
2707 5775
3015 5732
3015 5756
3015 5775
3015 5780
3028 5738
3032 5776
3032 5799
3034 5790
2713 5721
2713 5732
3057 5775
3088 5738
3092 5705
3092 5714
3092 5775
3110 5743
3142 5738
3145 5790
3168 5790
3191 5737
3191 5743
3191 5775
3209 5756
3209 5757
3247 5773
3309 5721
3345 5775
3345 5784
3375 5743
3381 5714
3381 5739
3381 5760
3381 5776
3381 5798
3404 5732
3390 5705
3390 5732
3390 5737
3390 5743
3390 5756
3390 5775
3447 5705
3447 5737
3447 5743
3447 5760
3447 5775
3449 5732
3449 5737
3449 5743
3449 5753
3449 5775
3449 5780
3449 5790
3449 5798
3452 5753
3452 5790
3453 5714
3453 5721
3453 5737
3453 5739
3453 5743
3453 5775
3453 5780
3453 5784
3456 5714
3456 5739
3456 5743
3456 5760
3456 5775
3457 5753
3459 5739
3459 5780
3479 5732
3479 5737
3479 5743
3478 5732
3478 5775
3478 5799
3498 5721
3498 5743
3498 5753
3498 5780
3498 5790
3522 5790
3554 5705
3568 5757
3586 5714
3586 5739
3586 5753
3586 5760
3586 5799
3593 5776
3601 5721
3601 5732
3601 5737
3601 5743
3614 5714
3614 5732
3614 5737
3614 5739
3614 5743
3614 5753
3614 5775
3614 5798
3634 5773
3641 5714
3641 5739
3641 5743
3641 5753
3642 5705
3642 5713
3642 5714
3642 5721
3642 5732
3642 5737
3642 5739
3642 5743
3642 5745
3642 5753
3642 5756
3642 5760
3642 5773
3642 5775
3642 5780
3642 5784
3642 5790
3642 5799
3643 5743
3658 5799
3666 5743
3666 5790
3691 5739
3691 5760
3722 5773
3571 5799
3728 5775
3728 5780
3747 5790
3786 5705
3786 5721
3786 5737
3786 5760
3786 5778
3786 5780
3786 5790
3787 5760
3787 5784
3787 5790
3787 5798
3792 5714
3796 5737
3796 5743
3796 5775
3796 5780
3794 5753
3813 5721
3813 5739
3813 5743
3813 5780
3815 5721
3815 5732
3854 5737
3877 5772
3910 5773
3910 5780
3910 5799
3916 5705
3916 5714
3916 5775
3956 5775
4036 5732
4036 5737
4036 5743
4036 5780
4036 5790
4040 5732
4040 5743
4040 5745
4040 5757
4041 5737
4045 5739
4045 5753
4045 5773
4045 5775
4045 5776
4045 5780
4045 5790
4045 5799
4046 5773
4059 5760
4065 5760
4070 5706
4070 5721
4070 5732
4070 5737
4070 5756
4070 5775
4070 5784
4070 5790
4071 5775
4082 5784
4082 5790
4099 5714
4099 5743
4099 5760
4138 5732
4138 5737
4144 5721
4144 5732
4144 5743
4151 5714
4151 5743
4151 5799
3995 5743
3995 5757
3995 5780
4212 5737
4212 5740
4222 5790
4221 5714
4266 5780
4276 5737
4276 5743
4276 5775
4295 5743
4326 5714
4338 5714
4353 5713
4353 5732
4353 5743
4353 5775
4355 5713
4355 5737
4355 5775
4355 5778
4355 5780
4355 5784
4416 5714
4437 5775
4437 5776
4441 5780
4441 5798
4441 5799
4443 5799
4483 5706
4483 5739
4483 5743
4483 5745
4483 5753
4483 5760
4483 5790
4483 5799
4486 5726
4488 5743
4524 5773
4530 5743
4536 5743
4536 5775
4550 5705
4557 5743
4557 5780
4598 5705
4598 5756
4598 5773
4598 5776
4598 5784
4598 5790
4616 5799
4632 5743
4632 5753
4632 5760
4632 5780
4632 5798
4653 5737
4653 5743
4662 5760
4673 5738
4673 5798
4673 5799
4686 5705
4686 5743
4709 5775
4714 5775
4715 5790
4717 5743
4717 5760
4718 5743
4712 5743
4712 5753
4712 5776
4746 5760
4756 5737
4756 5760
4764 5721
4792 5732
4792 5739
4792 5745
4792 5756
4813 5799
4818 5790
4824 5706
4824 5721
4824 5732
4824 5737
4824 5743
4824 5745
4824 5753
4824 5775
4824 5780
4825 5775
4829 5739
4843 5714
4879 5760
4883 5714
4894 5713
4894 5799
4899 5743
4899 5753
4899 5775
4899 5780
4899 5799
4926 5760
4948 5721
4948 5732
4948 5737
4948 5743
4948 5773
4960 5799
4964 5760
4967 5705
4967 5714
4967 5721
4967 5732
4967 5737
4967 5739
4967 5743
4967 5753
4967 5775
4967 5776
4967 5780
4967 5790
4967 5792
4967 5798
4967 5799
4974 5743
4974 5775
4981 5714
4988 5790
4994 5760
5002 5721
5002 5737
5002 5773
5006 5743
5022 5738
5022 5739
5022 5753
5022 5760
5022 5798
5022 5799
5020 5706
5020 5740
5020 5760
5020 5772
5037 5743
5051 5775
5053 5760
5053 5775
5061 5760
5079 5709
5079 5714
5079 5732
5079 5737
5079 5739
5079 5743
5079 5756
5079 5760
5079 5775
5079 5780
5079 5798
5079 5799
5102 5773
5103 5714
5103 5799
5110 5798
4828 5714
4828 5738
4828 5739
4828 5757
5118 5743
5123 5737
5123 5760
5123 5775
5123 5799
5125 5753
5125 5790
5150 5743
5150 5775
5153 5753
5160 5709
5166 5714
5171 5775
5172 5780
5173 5714
5173 5738
5173 5772
5173 5773
5173 5784
5173 5790
5175 5721
5175 5743
5175 5775
5175 5790
4795 5773
5176 5705
5176 5721
5176 5732
5176 5737
5176 5743
5176 5756
5176 5757
5176 5760
5176 5775
5176 5780
5177 5709
5177 5714
5177 5798
5178 5753
4310 5721
4310 5732
4310 5739
4310 5743
4310 5760
4310 5775
4310 5798
5179 5721
5179 5732
5179 5737
5179 5738
5179 5739
5179 5743
5179 5753
5179 5756
5179 5760
5179 5775
5179 5776
5179 5778
5179 5798
5180 5743
5180 5775
5180 5780
5180 5790
5181 5784
5182 5743
5184 5743
5184 5775
5185 5714
5185 5753
5185 5760
5185 5798
5185 5799
5187 5721
5187 5775
5187 5784
5188 5714
5188 5732
5188 5737
5188 5739
5188 5743
5188 5775
5188 5776
5188 5780
5188 5790
5188 5798
5188 5799
5189 5705
5189 5737
5189 5738
5189 5743
5189 5745
5189 5753
5189 5754
5189 5756
5189 5760
5189 5775
5189 5798
5189 5799
5217 5743
5217 5760
5246 5756
5254 5714
5262 5713
5262 5754
5262 5756
5263 5705
5263 5721
5263 5743
5263 5756
5263 5784
5263 5790
5295 5780
5296 5732
5301 5753
5313 5775
5313 5780
5316 5714
5317 5780
5320 5743
5334 5721
5342 5705
5342 5721
5404 5757
5404 5784
5404 5790
5398 5714
5423 5709
5423 5798
5423 5799
5419 5705
5419 5737
5419 5775
5439 5738
5439 5739
5439 5773
5439 5799
5452 5739
5454 5743
5457 5757
5457 5760
5457 5780
5457 5792
5479 5773
5484 5780
5489 5780
5495 5737
5462 5780
5524 5714
5524 5739
5524 5760
5524 5773
5524 5776
5531 5714
5531 5732
5531 5739
5531 5753
5531 5760
5531 5775
5531 5776
5531 5780
5531 5799
5532 5772
5532 5780
5534 5775
5543 5739
5543 5753
5543 5798
5549 5714
5552 5780
5558 5705
5582 5714
5582 5776
5582 5799
5591 5799
5596 5738
5606 5745
5606 5775
5606 5780
5612 5757
5616 5732
5616 5760
5617 5772
5617 5780
5624 5713
5624 5778
5624 5782
5630 5739
5630 5760
5655 5709
5655 5714
5655 5738
5660 5799
5647 5706
5684 5743
5684 5798
5691 5743
5691 5753
5691 5780
5691 5784
5691 5790
5692 5773
5697 5714
5697 5738
5697 5739
5697 5743
5697 5773
5697 5776
5697 5798
5697 5799
5704 5705
5709 5799
5714 5743
5714 5760
5714 5798
5714 5799
5721 5776
5720 5721
5722 5721
5722 5737
5729 5732
5730 5732
5731 5732
5735 5737
5741 5743
4418 5745
5744 5745
5747 5799
5755 5756
5761 5780
5761 5784
5763 5775
5766 5767
5770 5784
5775 5773
5771 5760
5771 5773
5771 5775
5772 5775
5773 5745
5773 5760
5773 5772
5773 5775
5774 5775
5783 5784
5787 5753
5788 5790
5789 5790
5796 5714
5796 5739
5796 5760
5796 5772
5800 5739
5800 5760
5802 5714
5802 5738
5802 5739
5802 5760
5802 5773
5802 5776
5802 5798
5802 5799
5805 5738
5805 5799
5807 5776
5809 5753
5811 5739
5811 5760
5812 5760
5814 5714
5814 5738
5814 5739
5814 5760
5815 5798
5816 5798
5817 5709
5818 5760
5818 5798
5819 5753
5822 5799
5823 5798
5824 5739
5824 5773
5834 5753
5857 5714
5857 5799
5871 5739
5932 5799
5934 5753
5966 5772
5981 5799
5998 5773
5998 5776
5998 5799
6006 5714
6006 5776
6006 5799
6023 5799
6032 5739
6045 5773
6068 5753
6075 5753
6082 5714
6082 5799
6094 5753
6108 5753
6156 5714
6156 5798
6218 5798
6218 5799
6221 5738
6221 5760
6229 5714
6239 5760
6241 5760
6243 5739
6270 5714
6270 5739
6270 5773
6270 5799
6271 5799
6272 5739
6280 5760
6280 5773
6299 5760
6299 5773
6299 5776
6305 5714
6305 5738
6305 5739
6305 5760
6305 5773
6305 5799
6323 5739
6347 5773
6356 5714
6359 5714
6359 5739
6360 5798
6298 5709
6377 5798
6378 5798
6327 5714
6327 5772
6327 5773
6327 5776
6398 5714
6423 5738
6424 5738
6458 5760
6456 5714
6479 5714
6486 5739
6486 5773
6488 5739
6494 5714
6494 5760
6494 5799
6500 5714
6500 5799
6501 5739
6501 5799
6502 5799
6503 5799
6523 5714
6555 5760
6560 5776
6123 5760
6563 5714
6563 5739
6563 5745
6563 5773
6596 5738
6618 5773
6618 5776
6619 5760
6619 5773
6615 5739
6615 5760
6615 5773
6615 5776
6624 5760
6627 5760
6627 5773
6645 5714
6649 5739
6649 5760
6671 5760
6676 5738
6714 5714
6714 5745
6714 5760
6611 5739
6736 5739
6772 5714
6772 5739
6772 5773
6774 5739
6797 5714
6798 5714
6800 5714
6801 5714
6801 5773
6855 5773
6859 5776
6620 5739
6620 5773
6620 5776
6865 5739
6883 5776
6747 5773
6902 5739
6902 5773
6913 5772
6913 5773
6913 5776
6914 5760
6914 5773
6906 5760
6906 5773
6906 5776
6907 5760
6907 5773
6907 5776
6923 5739
6924 5739
6941 5745
6951 5738
6976 5776
7023 5772
7052 5738
7052 5760
7052 5776
7045 5760
7047 5738
7056 5738
7038 5772
7080 5773
6946 5745
7086 5738
7092 5745
7092 5773
5015 5760
7096 5773
7099 5760
7120 5776
7121 5776
7130 5773
7131 5773
7126 5773
7142 5773
7174 5773
7175 5773
7178 5773
7179 5773
7176 5773
7177 5773
7189 5760
7233 5760
7237 5738
7317 5760
7281 5760
7335 5760
7374 5760
7377 5760
7744 5738
7774 5738
8162 5738
8173 5738
8189 5738
7861 5738
