3 567
3 581
3 584
3 586
3 590
25 514
25 545
25 549
25 560
25 590
25 592
4 560
6 538
6 545
6 549
6 560
6 564
6 566
6 567
6 579
6 581
6 584
6 586
6 589
6 590
6 592
7 524
8 506
8 514
8 524
8 538
8 549
8 560
8 564
8 566
8 567
8 581
8 584
8 586
8 587
8 589
8 590
8 592
9 506
9 517
9 559
9 560
9 579
9 592
10 549
10 587
11 506
11 514
11 545
11 549
11 559
11 560
11 575
11 579
11 587
12 538
12 564
14 517
14 524
14 538
14 560
14 564
14 566
14 567
14 581
14 584
14 589
15 560
15 589
17 524
17 590
17 592
18 549
19 564
19 581
19 584
19 589
19 590
19 592
20 564
20 567
20 590
20 592
21 549
21 590
21 592
23 549
23 586
23 587
23 590
24 545
24 549
24 560
24 579
24 589
28 514
28 584
28 587
28 590
33 538
33 545
36 549
36 560
36 579
35 545
38 589
39 549
26 560
26 564
26 566
26 567
26 581
26 584
26 590
42 545
42 549
42 564
46 564
46 566
46 590
47 545
47 560
48 564
49 517
51 589
29 524
29 538
29 549
29 587
29 589
55 514
55 549
56 515
57 549
59 549
59 564
59 584
27 566
27 567
27 584
27 586
27 590
72 514
72 549
72 566
72 567
72 584
72 586
72 589
72 590
72 592
75 514
75 515
75 545
75 549
76 514
78 517
78 524
78 566
78 567
79 514
79 515
77 524
80 560
80 590
81 506
81 517
81 524
83 517
67 515
86 538
86 549
86 564
71 549
71 560
71 564
87 515
87 545
87 549
87 579
89 545
90 549
90 559
90 560
94 549
100 560
98 514
31 506
31 517
103 506
103 579
115 506
104 515
106 579
107 517
110 506
110 517
110 524
111 517
121 524
113 524
127 549
127 584
132 549
135 589
136 584
138 560
138 566
138 590
138 592
140 590
140 592
142 579
143 559
143 566
143 567
143 590
151 549
152 514
152 567
152 581
152 586
152 589
154 549
158 514
171 545
171 559
171 575
171 579
173 559
173 560
173 575
173 579
173 587
178 560
178 564
178 590
179 549
182 590
166 545
187 545
32 517
199 579
201 549
192 549
192 586
125 517
215 506
215 517
215 559
221 590
223 590
230 559
231 549
231 560
236 581
236 586
236 590
236 592
237 560
237 581
237 587
255 549
255 564
255 567
255 581
259 579
269 549
275 590
280 566
280 567
280 579
282 560
282 564
282 566
282 567
282 579
282 590
282 592
296 560
306 549
306 566
306 567
306 587
308 545
308 549
308 579
310 549
310 587
311 506
312 545
312 549
312 575
312 579
316 559
317 545
317 579
319 587
319 590
319 592
326 549
335 589
150 566
150 567
150 584
150 587
150 589
150 590
150 592
336 590
339 549
339 560
340 564
345 567
345 581
356 579
352 506
193 549
365 515
371 567
371 590
372 515
101 517
383 560
399 560
399 579
406 538
406 560
407 506
407 579
415 549
325 560
325 590
416 560
426 506
426 514
426 515
426 517
426 524
426 538
426 560
426 566
426 567
426 586
426 589
426 592
432 559
412 560
440 538
440 560
447 514
211 517
454 506
454 517
454 524
457 506
457 545
457 559
457 575
457 587
460 514
461 515
463 517
465 514
467 517
164 590
479 545
479 549
488 549
489 514
489 524
499 560
507 506
513 514
511 514
509 514
516 517
519 524
520 524
525 524
521 524
522 524
523 524
445 524
530 549
542 549
560 559
553 560
554 560
555 560
556 560
557 560
558 560
559 560
567 584
568 567
569 567
570 567
570 581
571 567
572 567
573 567
574 567
574 587
582 589
584 590
587 589
588 587
588 589
590 579
591 592
600 549
600 579
614 549
615 587
626 579
634 545
634 579
635 587
647 545
647 587
644 549
649 549
652 549
659 545
673 549
673 565
695 549
704 545
704 579
706 549
706 579
707 579
708 545
696 587
732 549
733 549
749 559
761 565
763 579
764 549
766 549
766 579
769 559
769 579
773 549
774 549
736 549
775 549
776 549
788 545
795 579
805 579
813 559
813 579
820 559
334 545
826 575
838 506
844 545
844 579
852 545
852 579
861 579
870 559
870 579
904 506
904 559
904 575
904 587
916 559
920 545
921 545
787 565
928 579
935 506
941 579
946 579
959 545
978 545
993 506
993 579
993 587
996 587
998 579
1006 579
1016 565
1017 565
1018 565
1019 565
1022 545
1029 579
1034 579
1038 545
1050 575
1055 579
1075 579
1086 579
1099 559
1127 559
1127 579
1129 545
1133 545
1135 545
1135 579
1137 579
1141 545
1142 579
1143 579
1151 587
922 579
922 587
1167 506
1201 545
1202 559
1202 587
1211 506
1211 579
1221 545
1221 587
1234 545
1245 545
1246 545
1248 545
1267 579
1279 575
1279 579
1285 579
1290 545
1294 545
1295 545
1296 545
1297 545
1319 506
1319 579
1335 579
1350 559
1350 579
1352 559
1357 579
1374 559
1374 579
1385 579
1386 559
1386 579
1395 579
1395 587
1428 506
1428 559
1428 579
1471 579
1473 579
1483 579
1487 559
1487 575
1487 579
1489 579
1492 575
1492 579
1496 506
1496 579
1500 506
1501 506
1506 559
1521 579
1525 579
1538 506
1538 559
1549 506
1549 525
1549 579
1555 506
1555 579
1594 559
1594 575
1594 579
1605 559
1608 506
1608 559
1608 575
1608 587
1614 579
1615 506
1615 559
1615 575
1615 579
1664 579
1732 559
1730 559
1756 587
1760 559
1761 559
1762 559
1919 587
1922 587
1997 587
2062 587
2116 587
2251 587
2266 587
2906 554
3028 525
3593 554
3594 554
4476 525
4527 525
5013 525
5176 525
