3 108
3 152
3 178
3 182
25 127
25 152
25 154
25 182
25 192
4 130
4 140
4 147
4 151
4 152
5 127
5 130
5 147
5 153
5 163
5 167
5 168
5 175
6 127
6 130
6 132
6 135
6 140
6 147
6 151
6 153
6 154
6 163
6 167
6 168
6 171
6 175
6 178
6 182
6 183
7 105
8 127
8 130
8 132
8 135
8 140
8 144
8 150
8 151
8 152
8 153
8 154
8 163
8 167
8 168
8 175
8 178
8 182
8 183
8 192
9 130
9 135
9 144
9 151
9 168
10 105
10 130
10 132
10 135
10 147
10 153
10 154
10 163
10 168
10 175
10 183
11 105
11 127
11 130
11 132
11 147
11 151
11 153
11 154
11 163
11 168
11 171
11 178
11 183
11 192
13 178
14 127
14 130
14 140
14 150
14 152
14 178
14 182
14 183
14 192
15 105
15 152
17 108
17 127
17 135
17 183
18 144
18 192
19 127
19 130
19 132
19 151
19 154
19 163
19 168
19 182
19 183
20 105
20 132
20 135
20 140
20 151
20 153
20 167
20 168
20 182
20 183
21 105
21 135
21 140
21 144
21 150
21 168
21 183
23 127
23 135
23 144
23 151
23 163
23 168
23 175
23 183
24 130
24 132
24 150
28 127
28 130
28 132
28 135
28 144
28 147
28 150
28 151
28 152
28 154
28 163
28 178
28 182
28 192
33 127
33 140
33 144
33 147
33 167
33 178
33 183
36 152
35 132
35 135
35 151
35 152
35 153
35 183
37 168
38 152
38 182
39 127
39 135
39 147
39 152
39 163
39 168
39 182
26 127
26 130
26 132
26 135
26 140
26 144
26 147
26 151
26 152
26 154
26 163
26 167
26 168
26 182
26 183
41 140
41 151
41 183
42 105
42 178
43 182
44 147
44 154
46 132
46 150
46 152
46 182
47 127
47 135
47 140
47 151
47 152
47 154
47 163
47 168
47 178
47 182
48 168
50 154
51 175
29 105
29 127
29 130
29 140
29 147
29 150
29 151
29 152
29 154
29 183
55 135
55 144
55 152
56 105
56 152
56 175
56 192
58 127
58 132
58 144
58 154
58 163
58 167
58 183
59 152
59 167
59 168
27 132
27 135
27 140
27 144
27 152
27 153
27 167
27 175
27 182
27 183
66 152
66 183
72 144
72 152
72 178
72 182
73 152
75 152
75 154
75 192
78 144
79 153
79 167
79 192
77 108
77 130
77 175
80 144
80 150
80 151
80 168
81 105
81 175
81 192
67 132
67 153
67 178
67 192
86 150
71 144
71 151
71 168
87 150
87 151
87 154
87 183
87 192
89 151
89 153
89 168
90 171
93 153
92 105
92 168
94 127
94 130
94 132
94 147
94 150
94 151
94 152
94 175
94 183
95 108
102 108
103 144
103 167
103 182
103 192
115 108
104 150
104 152
104 178
68 127
68 130
110 108
110 175
111 192
122 152
113 132
113 140
113 152
124 108
130 152
130 182
126 130
127 130
127 144
127 152
127 178
128 127
128 130
129 130
132 144
132 152
133 135
133 144
134 144
135 144
136 132
136 144
136 150
136 178
137 144
138 132
138 144
138 151
138 153
138 163
138 168
139 144
139 192
140 135
140 144
141 144
142 144
142 147
142 182
143 132
143 135
143 144
143 171
143 182
143 183
145 147
146 147
151 171
151 182
149 151
152 182
152 192
154 151
154 153
154 168
154 171
154 178
155 105
156 163
156 168
157 140
157 182
158 152
158 153
159 153
160 153
161 153
161 154
162 168
165 152
165 167
173 175
174 175
74 154
74 178
176 154
177 135
177 183
178 182
178 183
179 135
179 183
180 132
180 135
180 182
180 183
181 183
182 183
166 152
166 171
187 135
197 152
202 135
205 140
205 150
205 152
215 178
215 192
221 135
224 152
230 171
231 132
231 175
231 178
232 178
236 150
236 151
236 178
236 182
237 178
257 132
254 105
254 150
263 182
265 150
268 178
273 151
276 132
277 140
275 152
275 182
241 132
280 132
280 152
280 178
282 132
282 140
283 132
284 132
292 178
310 171
319 182
329 135
324 135
326 140
326 152
335 151
150 178
336 135
336 151
337 135
338 135
339 135
339 140
339 150
340 135
340 151
340 178
341 135
341 151
341 171
342 135
343 135
344 135
352 192
353 152
365 152
387 150
101 108
101 152
101 192
383 140
383 150
383 175
383 182
400 192
406 178
410 140
418 140
426 105
426 151
426 152
426 178
426 182
426 192
430 108
430 151
432 178
438 178
412 151
412 178
439 178
440 178
441 178
453 192
454 192
455 192
456 192
457 155
457 192
458 105
458 192
462 105
463 105
164 108
164 151
473 105
488 105
489 105
490 105
497 152
556 150
561 152
564 150
570 152
574 151
575 152
579 152
576 152
577 152
578 152
580 182
586 151
592 150
592 175
597 151
598 151
599 151
615 150
620 175
621 175
633 171
648 150
649 150
663 171
686 171
705 171
708 171
766 155
769 171
789 171
795 171
805 171
810 171
842 171
870 171
871 171
904 171
941 171
971 171
978 171
986 171
993 171
1006 171
1029 171
1114 171
1125 171
1129 171
1133 171
1135 171
1160 171
1167 171
1204 171
1211 171
1234 171
1248 171
1253 171
1252 171
1279 171
1374 171
1395 171
1487 171
1492 171
1549 171
1587 171
1594 171
1615 171
1922 188
2481 155
2565 155
2658 155
2778 155
3274 155
3586 155
3642 155
3787 155
4036 155
4632 155
4813 155
4926 155
5173 155
5179 155
5445 155
5446 155
5524 155
5531 155
5802 155
5821 155
6461 155
6619 155
6627 155
6713 155
6714 155
6759 155
6766 155
6772 155
6914 155
6907 155
6916 155
6934 155
6941 155
7052 155
7054 155
7055 155
7057 155
7090 155
7225 155
7227 155
7231 155
7262 155
7294 155
7344 155
7350 155
7378 155
7514 155
7569 155
7570 155
7571 155
7572 155
