6 7632
15 7632
36 7632
60 7624
72 7620
72 7632
87 7649
87 7662
99 7632
103 7618
68 7620
68 7632
109 7620
109 7632
109 7649
109 7662
109 7668
109 7694
122 7699
113 7651
127 7632
133 7632
136 7620
155 7604
155 7647
155 7648
155 7651
155 7652
155 7672
173 7649
178 7699
182 7620
166 7695
166 7699
280 7632
311 7620
311 7624
311 7632
335 7688
425 7632
457 7624
457 7649
457 7662
545 7620
545 7646
580 7662
737 7618
737 7620
737 7632
737 7647
737 7649
737 7651
737 7658
737 7666
737 7669
737 7673
737 7675
737 7694
737 7699
742 7662
742 7691
749 7618
749 7632
749 7683
766 7618
766 7624
766 7632
766 7646
766 7649
766 7651
766 7662
766 7683
766 7694
766 7695
766 7699
762 7620
762 7632
762 7699
856 7620
852 7632
886 7699
948 7624
967 7620
988 7620
996 7620
1003 7699
1037 7620
1037 7632
1055 7683
1055 7699
1098 7618
1098 7620
1098 7634
1098 7646
1098 7647
1098 7651
1098 7662
1098 7666
1098 7675
1132 7620
1132 7699
1151 7649
1166 7620
1166 7662
1166 7699
1215 7620
1215 7632
1215 7699
1374 7620
1374 7632
1374 7646
1374 7649
1374 7651
1374 7683
1374 7699
1385 7694
1385 7699
1395 7649
1496 7632
1498 7651
1539 7673
1542 7649
1542 7662
1542 7691
1621 7620
1644 7699
1707 7632
1733 7620
1733 7632
1733 7699
1734 7632
1734 7651
1762 7647
1769 7683
1814 7699
1816 7620
1879 7624
1982 7620
1982 7658
2010 7694
2120 7632
2135 7632
2144 7632
2145 7632
2145 7651
2145 7699
2174 7620
2233 7695
2240 7620
2240 7651
2240 7662
2264 7620
2276 7632
2297 7632
2369 7620
2369 7632
2369 7649
2369 7666
2371 7632
2384 7694
2410 7632
2440 7620
2452 7632
2452 7662
2452 7683
2456 7624
2481 7649
2485 7620
2485 7624
2485 7649
2511 7647
2511 7649
2511 7688
2560 7647
2560 7648
2560 7649
2560 7651
2560 7652
2560 7694
2560 7695
2560 7699
2565 7618
2565 7620
2565 7624
2565 7632
2565 7634
2565 7646
2565 7649
2565 7651
2565 7658
2565 7662
2565 7666
2565 7668
2565 7673
2565 7683
2565 7694
2565 7695
2565 7699
2576 7620
2576 7699
2599 7632
2651 7632
2658 7620
2658 7624
2658 7647
2658 7648
2658 7651
2658 7652
2658 7683
2658 7694
2658 7695
2658 7699
2694 7618
2694 7620
2765 7649
2774 7632
2811 7604
2886 7694
2907 7632
2908 7620
2908 7632
2940 7618
2958 7620
2968 7620
2968 7699
2707 7647
3032 7620
3057 7649
3073 7632
3084 7620
3084 7649
3092 7699
2003 7620
3142 7620
3238 7624
3238 7632
3297 7620
3321 7694
3334 7632
3378 7694
3381 7618
3381 7624
3381 7632
3381 7646
3381 7647
3381 7651
3381 7662
3381 7694
3381 7695
3392 7620
3394 7620
3404 7624
3439 7632
3447 7662
3447 7694
3453 7620
3453 7624
3453 7632
3456 7620
3458 7618
3498 7632
3521 7632
3562 7632
3586 7632
3586 7651
3586 7662
3601 7620
3601 7632
3601 7699
3615 7683
3641 7632
3642 7620
3642 7632
3691 7632
3723 7632
3752 7662
3786 7632
3787 7620
3787 7632
3787 7699
3813 7632
3910 7620
3916 7620
3956 7632
3956 7651
3965 7620
3965 7632
3969 7620
3969 7624
4036 7620
4036 7699
4037 7699
4040 7662
2981 7632
4046 7620
4046 7675
4046 7683
4071 7632
4099 7632
4116 7632
4129 7688
4162 7620
4162 7632
4191 7632
4224 7620
4221 7699
4297 7620
4297 7632
4335 7632
4347 7620
4422 7620
4437 7620
4441 7618
4441 7620
4441 7624
4441 7632
4441 7646
4441 7649
4441 7662
4441 7683
4441 7695
4441 7699
4455 7632
4483 7624
4483 7632
4483 7651
4483 7662
4483 7694
4530 7632
4536 7632
4536 7649
4574 7632
4598 7620
4604 7624
4616 7632
4632 7618
4632 7620
4632 7624
4632 7646
4632 7647
4632 7695
4632 7699
4662 7620
4662 7699
4717 7618
4717 7620
4712 7632
4712 7673
4712 7699
4764 7662
4788 7649
4792 7632
4829 7624
4884 7632
4948 7632
4948 7694
4948 7695
4966 7624
4966 7699
4974 7624
4974 7642
4988 7632
4994 7649
5002 7620
5002 7652
5002 7662
5020 7632
5028 7618
5028 7620
5028 7632
5028 7683
5053 7620
5053 7624
5053 7632
5053 7651
5053 7662
5079 7632
5079 7699
5099 7604
5102 7618
5102 7620
5103 7618
5103 7620
5103 7624
5103 7647
5103 7649
5103 7651
5103 7694
4828 7604
4828 7634
5123 7632
5123 7691
5123 7699
5166 7620
5173 7620
5173 7632
5173 7647
4795 7699
5177 7620
5177 7632
4310 7618
4310 7620
4310 7651
4310 7653
4310 7699
5179 7620
5179 7632
5179 7642
5179 7646
5179 7662
5179 7683
5179 7699
5188 7695
5189 7618
5189 7620
5189 7624
5189 7632
5189 7662
5189 7683
5189 7695
5189 7699
5196 7632
5196 7646
5199 7647
5199 7649
5199 7669
5201 7632
5246 7620
5254 7620
5254 7632
5295 7620
5295 7632
5316 7662
5342 7632
5342 7647
5404 7620
5404 7646
5404 7699
5423 7646
5445 7620
5445 7634
5445 7651
5445 7699
5446 7620
5446 7699
5479 7620
5479 7632
5524 7618
5524 7620
5524 7624
5524 7632
5524 7646
5524 7649
5524 7651
5524 7662
5524 7683
5524 7694
5524 7695
5524 7699
5551 7624
5605 7632
5612 7683
5617 7632
5620 7688
5655 7620
5655 7632
5655 7642
5655 7648
5655 7653
5655 7666
5655 7668
5655 7669
5655 7673
5655 7675
5655 7688
5655 7695
5658 7699
5697 7620
5741 7620
5768 7620
5775 7632
5773 7632
5773 7662
5773 7668
5790 7699
5796 7620
5796 7632
5796 7651
5800 7620
5800 7646
5800 7651
5800 7694
5800 7699
5802 7618
5802 7620
5802 7624
5802 7632
5802 7646
5802 7647
5802 7649
5802 7651
5802 7652
5802 7662
5802 7666
5802 7673
5802 7694
5806 7620
5806 7653
5806 7688
5806 7691
5804 7648
5810 7620
5814 7618
5814 7620
5814 7632
5814 7651
5814 7699
5816 7632
5816 7683
5819 7620
5822 7632
5822 7646
5822 7649
5822 7651
5822 7662
5822 7683
5822 7690
5822 7699
5827 7662
5839 7620
5839 7632
5839 7649
5839 7653
5839 7662
5857 7632
5857 7699
5872 7618
5872 7624
5908 7632
5915 7649
5915 7694
5871 7620
5871 7632
5928 7620
5934 7651
5940 7632
5952 7620
5952 7632
5969 7649
5999 7620
5999 7632
6000 7632
6006 7699
6032 7618
6029 7699
6043 7694
6071 7632
6072 7620
6068 7620
6097 7632
6097 7651
6151 7620
6151 7624
6151 7632
6216 7624
6218 7620
6218 7632
6221 7620
6221 7632
6229 7649
6241 7604
6241 7620
6241 7632
6241 7651
6241 7662
6241 7694
6241 7695
6245 7632
6243 7632
6243 7699
6272 7620
6272 7632
6272 7662
6272 7699
6274 7649
6280 7618
6280 7620
6280 7632
6299 7620
6299 7632
6299 7688
6305 7620
6320 7646
6323 7620
6298 7632
6398 7620
6414 7620
6414 7632
6442 7620
6443 7620
6443 7632
6443 7646
6443 7699
850 7632
6474 7649
6486 7620
6486 7632
6494 7618
6494 7620
6494 7624
6494 7642
6494 7653
6494 7688
6494 7695
6502 7624
6510 7620
6510 7647
6510 7694
6523 7620
6538 7620
6538 7632
6555 7632
6555 7651
5273 7632
6560 7632
6123 7624
6123 7632
6563 7618
6563 7620
6563 7646
6563 7651
6552 7620
6552 7632
6552 7699
6595 7632
6596 7618
6596 7620
6596 7624
6596 7632
6596 7646
6596 7647
6596 7648
6596 7649
6596 7651
6596 7652
6596 7662
6596 7668
6596 7683
6596 7688
6596 7694
6596 7695
6596 7699
6618 7604
6618 7620
6618 7632
6618 7683
6619 7624
6619 7632
6619 7642
6619 7648
6619 7651
6619 7658
6619 7662
6613 7620
6615 7695
6615 7699
6624 7618
6624 7620
6624 7624
6624 7632
6624 7646
6624 7649
6624 7651
6624 7662
6624 7683
6624 7694
6624 7695
6627 7620
6635 7662
6635 7699
6665 7618
6665 7620
6665 7624
6676 7620
6695 7632
6712 7675
3293 7620
6714 7618
6714 7620
6714 7632
6714 7646
6714 7651
6714 7662
6734 7632
6736 7620
6758 7632
6759 7669
6766 7624
6766 7695
6772 7620
6772 7632
6772 7642
6772 7662
6775 7632
6774 7620
6784 7620
6784 7651
6812 7662
6620 7632
6866 7695
6865 7620
6885 7620
6885 7646
6900 7620
6902 7683
6907 7618
6907 7620
6907 7624
6907 7632
6907 7646
6907 7647
6907 7649
6907 7651
6907 7652
6907 7662
6907 7683
6907 7688
6907 7694
6907 7695
6916 7620
6916 7642
6918 7604
6918 7632
6934 7620
6934 7683
6941 7618
6941 7620
6941 7624
6941 7632
5529 7618
5529 7649
5529 7699
6951 7636
6951 7666
6976 7649
6993 7649
7002 7620
7005 7620
7052 7618
7052 7620
7052 7624
7052 7632
7052 7646
7052 7647
7052 7651
7052 7662
7052 7666
7052 7683
7052 7694
7052 7695
7052 7699
7045 7618
7045 7620
7045 7624
7045 7662
7045 7683
7045 7694
7045 7695
7045 7699
7053 7699
7054 7604
7054 7620
7054 7632
7054 7646
7054 7648
7054 7651
7054 7652
7054 7673
7054 7688
7054 7695
7054 7699
7046 7620
7046 7642
7046 7646
7046 7662
7046 7688
7046 7695
7047 7620
7047 7634
7047 7646
7047 7649
7047 7651
7047 7662
7047 7683
7047 7694
7047 7695
7047 7699
7055 7618
7055 7620
7055 7624
7055 7632
7055 7634
7055 7642
7055 7646
7055 7649
7055 7651
7055 7662
7055 7683
7055 7694
7055 7695
7055 7699
7056 7618
7056 7620
7056 7666
7056 7694
7049 7694
7057 7620
7057 7647
7057 7699
7062 7620
7063 7620
7080 7620
7080 7624
7080 7647
7080 7666
7080 7688
6946 7604
6946 7620
6946 7642
6946 7648
6946 7652
6946 7653
6946 7666
6946 7668
6946 7669
6946 7683
6946 7688
7087 7699
7086 7620
7086 7646
7088 7632
7088 7699
7092 7618
7092 7624
7092 7632
7092 7649
7092 7651
7092 7662
5015 7620
5015 7646
7120 7634
7120 7651
7120 7683
7120 7695
7120 7699
7129 7666
7132 7666
7172 7649
7176 7620
7225 7620
7225 7632
7225 7652
7225 7662
7225 7699
7228 7620
7228 7662
5143 7651
7230 7632
7231 7604
7231 7618
7231 7620
7231 7624
7231 7632
7231 7642
7231 7646
7231 7649
7231 7651
7231 7658
7231 7662
7231 7673
7231 7683
7231 7694
7231 7695
7231 7699
7233 7683
7236 7620
7236 7632
7236 7662
7236 7695
7236 7699
7238 7620
7238 7624
7239 7620
7279 7694
7280 7620
7280 7649
7280 7652
7280 7662
7280 7666
7280 7668
7280 7669
7280 7683
7280 7691
7280 7699
7301 7694
7171 7632
7171 7662
7294 7620
7294 7632
7294 7651
7281 7632
7350 7618
7350 7624
7350 7695
7362 7618
7378 7620
7378 7632
7199 7632
7386 7620
7386 7649
7390 7620
7390 7632
7390 7646
7390 7647
7390 7651
7391 7604
7391 7620
7391 7649
7391 7683
7394 7620
7400 7632
7400 7662
7402 7632
7405 7618
7405 7624
7409 7632
7409 7646
7393 7651
7393 7662
7393 7695
7425 7649
7444 7620
7444 7632
7449 7642
7449 7649
7490 7618
7490 7647
7490 7662
7490 7695
7490 7699
7492 7624
7493 7646
7471 7632
7471 7649
7511 7620
7518 7620
7520 7624
7520 7649
7554 7624
7564 7618
7564 7624
7564 7646
7564 7662
7415 7632
7150 7649
7150 7683
7569 7618
7569 7624
7579 7620
7580 7620
7580 7647
7580 7651
7580 7658
7580 7662
7580 7666
7580 7673
7586 7683
7588 7604
7588 7618
7588 7624
7593 7618
7593 7624
7597 7620
7598 7632
7598 7649
7598 7683
7598 7694
7598 7695
7598 7699
7609 7620
7614 7620
7614 7624
7614 7632
7614 7658
7615 7620
7616 7620
7617 7620
7618 7620
7619 7620
7623 7647
7625 7632
7050 7632
7630 7632
7629 7632
7601 7646
7601 7653
7644 7646
7645 7646
7647 7662
7647 7666
7647 7668
7649 7651
7659 7662
7660 7662
7650 7662
7661 7662
7665 7683
7665 7695
7666 7669
7666 7691
7666 7699
7675 7666
7679 7694
7679 7695
7679 7699
7682 7620
7682 7683
7684 7683
7685 7683
7687 7683
7686 7683
7691 7694
7696 7695
7697 7649
7697 7695
7698 7699
7727 7620
7733 7620
7733 7666
7744 7620
7755 7620
7810 7620
7812 7649
7815 7620
7821 7649
7822 7649
7865 7620
7885 7691
7884 7620
7900 7620
7907 7620
7945 7620
7964 7620
8041 7620
8069 7620
8111 7620
8097 7620
8152 7620
8155 7620
8156 7620
8158 7620
8159 7620
8157 7620
