6 1321
6 1326
6 1377
6 1389
6 1390
6 1394
6 1396
9 1384
11 1305
11 1307
11 1310
11 1319
11 1321
11 1322
11 1326
11 1330
11 1353
11 1360
11 1372
11 1374
11 1375
11 1377
11 1378
11 1382
11 1384
11 1385
11 1389
11 1390
11 1394
11 1396
14 1307
14 1385
16 1374
20 1307
20 1321
20 1352
20 1374
20 1389
20 1396
24 1310
24 1315
24 1330
24 1353
24 1357
24 1360
36 1307
36 1310
36 1353
36 1357
36 1372
36 1377
36 1378
35 1330
35 1377
35 1389
42 1353
47 1300
47 1307
47 1378
29 1307
59 1315
59 1357
59 1396
60 1374
72 1310
72 1319
72 1352
72 1378
72 1394
72 1396
77 1372
83 1384
83 1385
86 1305
71 1357
87 1307
87 1330
87 1352
87 1382
90 1305
68 1352
68 1374
122 1385
122 1393
127 1385
128 1322
132 1374
138 1375
143 1330
147 1315
147 1357
147 1378
145 1321
145 1377
171 1330
171 1382
171 1389
171 1394
172 1357
172 1374
172 1384
173 1319
173 1322
173 1353
173 1357
173 1360
173 1372
173 1375
173 1377
173 1378
173 1389
173 1394
173 1396
74 1330
176 1375
182 1305
182 1357
182 1374
182 1396
166 1307
197 1353
215 1322
215 1374
215 1375
226 1322
231 1396
237 1315
237 1374
258 1360
260 1360
259 1330
259 1372
259 1375
259 1382
269 1322
270 1378
275 1357
290 1305
290 1378
290 1396
304 1319
304 1326
306 1378
306 1385
306 1394
308 1307
308 1389
310 1319
310 1375
310 1378
311 1319
311 1322
311 1326
311 1330
311 1353
311 1357
311 1374
311 1375
311 1377
311 1385
312 1319
312 1330
312 1375
312 1382
313 1330
313 1377
315 1321
315 1382
317 1377
317 1394
319 1382
335 1385
150 1319
150 1385
336 1385
339 1321
339 1330
341 1385
356 1375
363 1305
371 1310
371 1322
371 1396
376 1330
395 1357
395 1384
395 1389
407 1322
415 1330
325 1360
427 1384
423 1384
432 1305
432 1378
447 1384
457 1310
457 1319
457 1322
457 1352
457 1353
457 1357
457 1374
457 1377
457 1378
457 1385
457 1390
457 1394
457 1396
465 1307
545 1330
546 1307
546 1357
553 1315
556 1315
556 1330
556 1353
585 1307
588 1330
590 1375
600 1310
600 1315
600 1330
600 1352
600 1353
600 1374
600 1377
604 1377
626 1330
634 1319
634 1321
634 1330
634 1357
634 1378
634 1382
634 1385
634 1389
634 1390
646 1385
635 1321
635 1357
647 1330
647 1378
647 1390
644 1360
644 1372
650 1375
650 1382
664 1374
663 1319
663 1360
663 1374
663 1394
639 1382
686 1372
686 1375
686 1389
689 1307
695 1322
695 1374
695 1385
704 1396
706 1321
706 1322
706 1330
706 1374
707 1319
707 1330
707 1372
707 1375
707 1377
707 1389
710 1319
710 1360
710 1377
715 1321
715 1330
722 1307
722 1321
722 1357
722 1374
722 1378
722 1385
742 1310
742 1385
742 1394
749 1310
759 1315
759 1375
763 1360
766 1305
766 1307
766 1310
766 1352
766 1357
766 1360
766 1378
766 1384
766 1385
766 1393
769 1315
769 1319
769 1378
769 1396
788 1385
784 1360
784 1384
784 1385
789 1310
789 1319
789 1321
789 1322
789 1352
789 1360
789 1374
789 1384
789 1385
789 1390
789 1394
789 1396
795 1360
805 1307
805 1322
805 1374
805 1377
805 1385
805 1390
805 1396
810 1322
813 1315
813 1319
813 1357
813 1360
813 1374
813 1378
813 1384
813 1385
822 1315
334 1307
826 1319
826 1322
826 1357
826 1374
826 1377
825 1307
825 1310
838 1322
841 1315
854 1319
854 1384
854 1385
854 1389
856 1305
856 1307
856 1374
865 1315
870 1319
870 1322
871 1377
879 1305
879 1382
900 1323
902 1385
904 1319
904 1322
904 1326
904 1330
904 1374
904 1375
904 1390
937 1378
941 1319
941 1330
941 1375
946 1357
946 1360
946 1396
948 1323
960 1322
964 1382
968 1384
969 1389
971 1321
971 1389
974 1385
978 1374
981 1377
986 1307
988 1305
988 1307
988 1357
988 1393
993 1319
993 1330
993 1374
993 1377
993 1378
993 1382
993 1393
993 1394
994 1393
996 1353
996 1357
996 1375
996 1378
996 1384
996 1389
996 1393
996 1394
998 1322
1006 1326
1006 1330
1006 1375
1006 1389
1006 1394
1006 1396
1003 1319
1003 1374
1013 1382
1013 1396
1022 1377
1024 1305
1024 1307
1029 1319
1029 1321
1029 1330
1029 1372
1029 1375
1029 1377
1029 1382
1029 1394
1029 1396
1032 1357
1034 1319
1034 1322
1037 1353
1037 1374
1037 1378
1041 1319
1042 1384
1042 1396
1043 1396
1046 1319
1046 1321
1046 1326
1046 1394
1050 1357
1050 1378
1051 1384
1051 1385
1055 1322
1055 1360
1055 1375
1055 1382
1061 1390
1062 1330
1062 1357
1062 1374
1074 1321
1074 1352
1075 1330
1075 1353
1075 1372
1075 1375
1097 1393
1098 1315
1098 1357
1098 1378
1111 1330
1111 1353
1114 1321
1114 1322
1114 1330
1114 1394
1127 1319
1127 1357
1127 1384
1129 1321
1129 1377
1132 1396
1133 1305
1133 1310
1133 1360
1133 1385
1135 1322
1135 1330
1135 1357
1135 1378
1137 1357
1137 1372
1137 1374
1137 1375
1137 1378
1137 1394
1142 1322
1142 1357
1143 1307
1068 1322
1150 1319
1151 1319
1151 1322
1151 1323
1151 1352
1151 1353
1151 1357
1151 1374
1151 1378
1151 1393
922 1319
922 1321
922 1322
922 1330
922 1377
1160 1330
1160 1372
1160 1382
1160 1394
1160 1396
1166 1305
1166 1307
1166 1315
1166 1322
1166 1323
1166 1352
1166 1357
1166 1374
1166 1378
1166 1384
1166 1385
1166 1393
1167 1321
1167 1322
1167 1330
1167 1357
1183 1389
1185 1321
1185 1322
1193 1323
1200 1393
1201 1319
1201 1322
1201 1394
1201 1396
1202 1353
1203 1307
1203 1326
1203 1357
1204 1305
1204 1330
1204 1372
1204 1375
1204 1394
1210 1319
1210 1330
1210 1352
1210 1353
1210 1357
1210 1374
1210 1377
1210 1378
1210 1384
1210 1389
1210 1393
1210 1394
1210 1396
1211 1372
1211 1375
1215 1357
1221 1321
1221 1375
1221 1378
1221 1390
1221 1394
1221 1396
1233 1321
1233 1326
1235 1326
1235 1330
1235 1389
1236 1319
1236 1357
1236 1378
1236 1390
1236 1394
1241 1319
1241 1330
1242 1322
1247 1319
1247 1357
1247 1374
1247 1385
1253 1382
1259 1372
1259 1389
1259 1394
1267 1319
1267 1357
1278 1319
1278 1321
1278 1326
1278 1382
1279 1319
1279 1321
1279 1326
1279 1357
1279 1377
1282 1384
1286 1394
1285 1305
1285 1378
1290 1330
1290 1377
1291 1330
1291 1357
1291 1375
1291 1377
1293 1319
1293 1330
1293 1377
1296 1315
1297 1330
1301 1307
1305 1315
1305 1321
1305 1330
1305 1357
1305 1389
1305 1393
1306 1307
1311 1372
1319 1322
1319 1326
1319 1357
1319 1374
1319 1382
1326 1322
1335 1322
1335 1326
1335 1374
1335 1384
1350 1319
1350 1322
1350 1389
1352 1319
1352 1396
1354 1372
1356 1322
1357 1319
1357 1322
1357 1352
1357 1377
1358 1307
1373 1375
1374 1322
1374 1353
1374 1375
1374 1384
1374 1393
1376 1382
1377 1382
1377 1396
1378 1382
1379 1382
1380 1319
1380 1374
1380 1377
1380 1382
1381 1315
1381 1378
1381 1382
1383 1384
1383 1389
1384 1374
1384 1389
1385 1389
1386 1353
1386 1389
1387 1389
1388 1384
1388 1389
1394 1390
1390 1377
1390 1394
1391 1394
1392 1394
1393 1394
1395 1319
1395 1322
1395 1353
1395 1357
1395 1378
1395 1384
1395 1390
1395 1396
1416 1384
1420 1322
1419 1323
1419 1384
1424 1357
1424 1377
1427 1307
1428 1319
1428 1322
1428 1326
1428 1357
1428 1374
1428 1378
1428 1390
1429 1319
1430 1307
1184 1319
1184 1357
1184 1374
1438 1326
1439 1319
1442 1319
1443 1319
1448 1319
1449 1319
1450 1319
1451 1319
1451 1322
1462 1377
1465 1357
1468 1385
1466 1319
1466 1377
1470 1310
1470 1319
1470 1374
1470 1385
1471 1322
1473 1357
1473 1374
1483 1377
1487 1319
1487 1322
1489 1307
1489 1374
1492 1319
1492 1377
1496 1307
1496 1319
1496 1322
1496 1353
1496 1357
1496 1360
1496 1377
1496 1393
1497 1322
1500 1315
1501 1322
1506 1385
1511 1377
1510 1377
1521 1319
1521 1323
1521 1374
1522 1374
1522 1385
1525 1322
1538 1319
1538 1322
1537 1357
1542 1319
1542 1353
1542 1385
1547 1374
1549 1307
1549 1315
1549 1319
1549 1322
1549 1352
1549 1353
1549 1357
1549 1360
1549 1374
1549 1378
1549 1385
1549 1390
1550 1385
1555 1319
1566 1315
1566 1378
1583 1374
1585 1378
1585 1384
1592 1384
1594 1319
1594 1374
1596 1319
1571 1357
1608 1307
1608 1319
1608 1322
1608 1353
1608 1357
1608 1374
1608 1378
1608 1384
1608 1390
1608 1393
1614 1322
1614 1357
1614 1374
1615 1319
1615 1322
1621 1353
1621 1378
1622 1357
1623 1357
1639 1378
1644 1384
1661 1305
1564 1353
1564 1390
1670 1374
1670 1390
1701 1360
1697 1385
1700 1353
1700 1385
1707 1384
1712 1319
1713 1319
1714 1319
1717 1322
1717 1357
1720 1378
1722 1378
1688 1378
1729 1353
1733 1352
1734 1322
1734 1357
1734 1378
1735 1322
1746 1378
1748 1307
1756 1315
1756 1353
1756 1390
1766 1374
1772 1374
1772 1378
1783 1353
1792 1374
1795 1357
1799 1357
1811 1352
1811 1393
1808 1353
1808 1378
1808 1384
1808 1385
1814 1315
1814 1357
1814 1393
1820 1357
1820 1374
1823 1353
1835 1315
1835 1374
1837 1315
1868 1378
1875 1393
1885 1357
1891 1384
1896 1315
1896 1374
1896 1390
1908 1315
1919 1353
1919 1374
1919 1378
1919 1390
1922 1353
1922 1357
1922 1393
1931 1353
1966 1378
1965 1378
1972 1307
1972 1315
1972 1357
1977 1353
1977 1378
1985 1357
1985 1390
1990 1352
1990 1385
1991 1374
1991 1384
1992 1384
1997 1353
1997 1378
1794 1393
2009 1357
2016 1315
2062 1353
2062 1378
2063 1378
2065 1315
2065 1323
2069 1323
2071 1378
2072 1374
2072 1378
2072 1384
2072 1390
2091 1307
2093 1315
2093 1374
2099 1353
2115 1310
2120 1353
2133 1374
2133 1384
2133 1390
2156 1353
2169 1374
2169 1390
2172 1384
2174 1353
2174 1374
2186 1315
2192 1315
2206 1374
2209 1357
2226 1374
2229 1357
2229 1385
2229 1393
2236 1357
2236 1393
2237 1305
2237 1315
2237 1357
2241 1353
2240 1307
2240 1393
2041 1378
2249 1353
2255 1390
2256 1374
2256 1384
2264 1353
2264 1357
2285 1393
2290 1307
2290 1385
2289 1385
2297 1307
2297 1315
2297 1357
2297 1374
2297 1384
2298 1385
2299 1390
2300 1390
2301 1390
2302 1390
2323 1307
2323 1385
2326 1307
2326 1310
2326 1385
2328 1384
2363 1315
2363 1393
2365 1357
2366 1374
2369 1352
2371 1315
2371 1357
2375 1384
2376 1374
2381 1385
2379 1307
2384 1315
2384 1385
2401 1323
2402 1323
2411 1385
2435 1374
2472 1315
2472 1357
2472 1393
2473 1315
2473 1374
2473 1384
2473 1393
2476 1357
2485 1307
2485 1315
2485 1357
2485 1360
2485 1393
2507 1352
2507 1357
2507 1393
2508 1374
2509 1374
2509 1384
2517 1310
2542 1307
2546 1357
2547 1357
2549 1357
2550 1357
2566 1374
2557 1310
2557 1315
2559 1385
2560 1305
2560 1307
2560 1360
2564 1315
2564 1352
2565 1305
2565 1307
2565 1310
2565 1315
2565 1357
2565 1360
2565 1374
2565 1384
2565 1385
2565 1393
2569 1374
2576 1315
2576 1357
2593 1374
2595 1357
2474 1307
2474 1357
2474 1374
2474 1384
2474 1393
2619 1357
2626 1374
2651 1305
2651 1360
2651 1385
2653 1307
2655 1307
2655 1315
2657 1352
2658 1305
2658 1385
2672 1374
2672 1384
2674 1305
2674 1357
2674 1393
2676 1374
2683 1357
2686 1357
2686 1393
2702 1385
2703 1393
2688 1305
2688 1310
2688 1352
2688 1357
2688 1360
2688 1385
2688 1393
2704 1393
2660 1360
2660 1393
2690 1357
2691 1357
2692 1393
2693 1310
2696 1393
2715 1384
2716 1384
2717 1384
2718 1384
2727 1357
2730 1374
2736 1374
2737 1374
2738 1374
2739 1374
2740 1374
2760 1385
2774 1310
2790 1357
2654 1357
2832 1360
2855 1360
2859 1307
2871 1307
2871 1310
2871 1315
2871 1357
2871 1360
2871 1385
2871 1393
2872 1307
2872 1393
2875 1393
2885 1315
2904 1357
2909 1310
2912 1357
2912 1393
2913 1305
2940 1352
2948 1357
2950 1315
2951 1385
2964 1305
2964 1307
2964 1360
2964 1385
2967 1305
2967 1307
2967 1310
2967 1315
2968 1357
2972 1305
2972 1310
2972 1360
2985 1315
2986 1315
2987 1315
2987 1357
2988 1315
2989 1315
3009 1385
3005 1307
3005 1357
3010 1307
2707 1357
2707 1385
3018 1357
3020 1357
3020 1393
3024 1307
3026 1307
3026 1357
3026 1385
3027 1310
3028 1393
3032 1385
3033 1357
3033 1393
3034 1360
3035 1352
3035 1385
2713 1307
2713 1385
3056 1393
3057 1357
3062 1393
3072 1357
3072 1393
3073 1310
3098 1393
3095 1357
3095 1393
3106 1357
3107 1357
2842 1357
2842 1385
3108 1357
3168 1307
3172 1385
3192 1305
3192 1307
3209 1385
3276 1307
3290 1385
3350 1360
3352 1307
3352 1310
3352 1385
3378 1385
3394 1305
3402 1305
3402 1310
3390 1360
3439 1352
3439 1385
3447 1305
3447 1310
3449 1310
3449 1360
3451 1360
3451 1385
3452 1305
3452 1310
3452 1360
3453 1305
3453 1310
3453 1360
3453 1385
3454 1305
3454 1307
3454 1310
3454 1385
3455 1305
3455 1310
3456 1305
3456 1310
3456 1352
3456 1360
3456 1385
3457 1305
3457 1360
3457 1385
3462 1305
3462 1352
3463 1360
3466 1352
3472 1305
3479 1307
3498 1385
3568 1307
3603 1305
3603 1310
3614 1310
3615 1307
3631 1307
3641 1307
3641 1385
3642 1352
3643 1385
3659 1385
3660 1307
3660 1385
3665 1385
3677 1305
3682 1307
3688 1385
3691 1307
3724 1307
3724 1385
3728 1307
3728 1385
3729 1307
3743 1385
3767 1385
3777 1385
3787 1305
3787 1310
3787 1360
3812 1307
3813 1307
3814 1307
3854 1352
3872 1307
3877 1310
3956 1307
3969 1305
3969 1385
3976 1305
3976 1310
4001 1385
4036 1305
4036 1307
4036 1310
4037 1385
4044 1305
4044 1360
4045 1305
4045 1310
4045 1352
4045 1360
4056 1385
4077 1305
4065 1305
4065 1310
4070 1305
4070 1385
4073 1307
4074 1385
4082 1385
4089 1307
4090 1307
4091 1307
4092 1307
4099 1385
4144 1305
4144 1352
4144 1385
4187 1310
4187 1360
4211 1385
4219 1305
4222 1305
4255 1305
4261 1385
4313 1385
4315 1385
4324 1385
4408 1385
4405 1385
4415 1305
4415 1360
4442 1360
4451 1352
4483 1305
4488 1352
4574 1305
4574 1310
4632 1385
4653 1385
4663 1305
4665 1360
4673 1352
4681 1305
4682 1310
4686 1305
4686 1385
4688 1305
4688 1310
4688 1360
4712 1310
4712 1352
4725 1305
4725 1310
4756 1305
4748 1305
4748 1310
4760 1305
4781 1352
4781 1385
4814 1360
4813 1310
4813 1352
4816 1360
4817 1360
4818 1305
4840 1385
4859 1310
4853 1305
4853 1352
4891 1305
4893 1305
4894 1305
4932 1305
4937 1305
4937 1310
4948 1310
4948 1385
4963 1310
4966 1385
4967 1352
4978 1310
4979 1310
4980 1310
4981 1310
4981 1385
4982 1310
4982 1385
4977 1310
4983 1310
5006 1385
5020 1385
5079 1352
4828 1385
5125 1385
5139 1385
5140 1352
5162 1352
5166 1352
4310 1352
5181 1352
5185 1352
5188 1352
5195 1385
5233 1385
5232 1385
5238 1385
5243 1385
5246 1352
5261 1385
4407 1385
5265 1385
5531 1352
5532 1352
5697 1352
5714 1352
5802 1352
5821 1352
5839 1352
5862 1352
5934 1352
5998 1352
6217 1352
6344 1352
6359 1352
6447 1352
6458 1352
6467 1352
6605 1352
6607 1352
