6 4037
11 4011
11 4013
11 4021
11 4024
11 4040
11 4043
11 4044
11 4055
11 4058
11 4065
11 4072
11 4088
14 4055
15 4037
24 4040
36 4065
36 4099
47 4037
47 4058
53 4011
53 4088
53 4099
29 4011
29 4021
29 4088
27 4044
72 4037
72 4098
72 4099
86 4055
86 4099
71 4037
87 4037
87 4078
87 4099
99 4071
68 4013
68 4024
68 4037
68 4040
68 4051
68 4055
68 4065
68 4099
109 4037
109 4099
122 4013
122 4043
122 4099
113 4037
127 4037
136 4037
136 4099
143 4037
173 4037
182 4037
166 4037
237 4037
265 4065
280 4037
291 4013
290 4037
306 4011
306 4041
311 4040
311 4072
311 4098
311 4099
315 4037
317 4037
319 4040
319 4099
335 4037
395 4037
407 4037
325 4037
425 4065
432 4037
432 4055
447 4037
457 4011
457 4013
457 4037
457 4040
457 4041
457 4044
457 4065
457 4098
457 4099
546 4037
546 4099
580 4041
582 4040
582 4072
600 4037
600 4071
613 4078
495 4037
633 4099
634 4037
634 4041
634 4099
637 4037
643 4037
663 4040
663 4099
667 4037
675 4049
689 4021
695 4011
695 4098
722 4037
737 4037
737 4044
737 4065
737 4071
742 4044
697 4037
697 4044
697 4099
749 4037
766 4011
766 4013
766 4040
766 4041
766 4043
766 4044
766 4055
766 4065
766 4072
766 4098
766 4099
784 4013
789 4037
789 4040
789 4099
791 4037
795 4037
813 4041
813 4043
813 4055
825 4024
825 4030
825 4037
825 4043
825 4051
825 4058
825 4099
841 4044
842 4055
856 4014
856 4037
856 4058
852 4037
865 4021
879 4011
879 4040
879 4044
879 4051
896 4037
943 4011
946 4040
967 4037
974 4037
982 4058
988 4013
988 4037
994 4013
996 4055
996 4098
1006 4037
1003 4071
1008 4037
1032 4037
1037 4037
1055 4037
1055 4058
1055 4099
1062 4011
1065 4011
1074 4065
1074 4099
1075 4055
1098 4037
1111 4065
1132 4037
1132 4044
1133 4011
1133 4037
1133 4040
1133 4041
1133 4044
1133 4047
1133 4051
1133 4055
1133 4065
1133 4072
1137 4041
1137 4099
1144 4037
1150 4011
1151 4011
1151 4037
1151 4044
1151 4065
1151 4071
1151 4099
1164 4099
1165 4037
1166 4011
1166 4037
1166 4040
1166 4041
1166 4058
1166 4065
1166 4098
1166 4099
1193 4037
1204 4037
1207 4099
1210 4037
1211 4051
1279 4013
1286 4055
1305 4043
1305 4051
1305 4055
1305 4088
1360 4044
1358 4037
1368 4043
1368 4051
1375 4098
1374 4037
1374 4055
1374 4071
1374 4098
1374 4099
1384 4021
1384 4049
1385 4037
1385 4071
1385 4099
1428 4055
1184 4011
1184 4037
1184 4040
1470 4013
1470 4099
1471 4037
1473 4071
1492 4021
1492 4037
1492 4040
1492 4043
1496 4040
1496 4071
1496 4099
1500 4098
1521 4055
1522 4011
1522 4012
1522 4072
1538 4021
1538 4037
1537 4011
1537 4021
1542 4011
1542 4012
1542 4037
1542 4043
1552 4024
1552 4037
1549 4009
1549 4011
1549 4013
1549 4021
1549 4037
1549 4041
1549 4055
1549 4099
1550 4021
1596 4012
1596 4043
1596 4055
1608 4011
1608 4021
1608 4037
1608 4065
1614 4037
1621 4072
1623 4037
1661 4037
1647 4037
1647 4072
1691 4043
1701 4037
1701 4041
1701 4071
1707 4055
1717 4037
1729 4037
1730 4037
1733 4099
1734 4037
1734 4043
1748 4013
1748 4037
1749 4021
1762 4065
1767 4037
1769 4040
1769 4043
1772 4021
1772 4024
1751 4021
1795 4043
1796 4099
1799 4043
1799 4058
1813 4011
1813 4021
1813 4024
1813 4051
1813 4072
1823 4065
1838 4013
1838 4088
1847 4099
1859 4037
1859 4071
1888 4043
1888 4055
1891 4021
1896 4037
1918 4072
1947 4031
1966 4055
1972 4041
1972 4043
1972 4055
1984 4011
1986 4037
1990 4065
2009 4037
2109 4021
2109 4044
2117 4037
2118 4037
2129 4049
2135 4037
2135 4099
2144 4037
2144 4051
2145 4037
2172 4037
2210 4013
2223 4071
2226 4037
2237 4011
2237 4040
2237 4044
2237 4072
2240 4037
2240 4065
2240 4099
2256 4037
2256 4041
2256 4047
2256 4051
2256 4055
2256 4078
2258 4011
2258 4037
2258 4043
2290 4011
2290 4021
2290 4088
2297 4013
2297 4021
2297 4055
2297 4099
2298 4031
2299 4024
2299 4044
2307 4024
2323 4011
2326 4011
2326 4013
2326 4021
2326 4024
2326 4031
2326 4043
2326 4055
2326 4058
2328 4021
2328 4037
2328 4043
2328 4065
2328 4099
2364 4037
2365 4013
2365 4021
2365 4031
2365 4071
2365 4099
2369 4037
2381 4013
2381 4037
2379 4013
2384 4037
2384 4099
2387 4098
2410 4071
2410 4098
2411 4011
2411 4021
2411 4024
2411 4051
2113 4072
2440 4099
2444 4037
2452 4037
2456 4037
2485 4011
2485 4013
2485 4037
2485 4040
2485 4055
2485 4071
2485 4099
2488 4072
2504 4024
2504 4037
2504 4043
2504 4099
2506 4011
2506 4013
2506 4055
2535 4040
2535 4044
2535 4098
2542 4013
2547 4021
2549 4037
2559 4051
2560 4012
2560 4021
2560 4044
2564 4099
2565 4011
2565 4013
2565 4021
2565 4024
2565 4031
2565 4037
2565 4040
2565 4043
2565 4044
2565 4051
2565 4055
2565 4058
2565 4065
2565 4071
2565 4072
2565 4088
2565 4098
2572 4051
2576 4037
2576 4065
2576 4071
2576 4072
2585 4013
2585 4021
2585 4037
2592 4098
2594 4021
2595 4030
2595 4049
2474 4013
2474 4021
2474 4051
2474 4055
2474 4058
2474 4078
2611 4037
2617 4037
2618 4014
2623 4011
2623 4012
2623 4037
2623 4098
2651 4013
2651 4030
2651 4037
2651 4043
2651 4047
2651 4051
2651 4055
2651 4072
2653 4043
2655 4037
2655 4040
2658 4011
2658 4021
2658 4037
2658 4044
2658 4047
2658 4071
2658 4072
2659 4024
2674 4014
2674 4021
2708 4037
2699 4040
2699 4043
2700 4011
2700 4024
2700 4031
2700 4043
2700 4055
2700 4088
2686 4041
2702 4099
2688 4011
2688 4012
2688 4013
2688 4021
2688 4037
2688 4041
2688 4044
2688 4055
2688 4098
2688 4099
2660 4044
2667 4041
2691 4098
2693 4037
2696 4099
2697 4055
2727 4099
2747 4021
2747 4051
2746 4021
2760 4099
2774 4055
2774 4071
2787 4072
2792 4040
2796 4037
2804 4055
2807 4037
2811 4037
2822 4021
2654 4013
2654 4021
2832 4037
2851 4037
2859 4011
2859 4024
2859 4030
2859 4031
2859 4037
2859 4043
2859 4044
2859 4051
2859 4055
2859 4088
2871 4011
2871 4013
2871 4021
2871 4024
2871 4030
2871 4037
2871 4043
2871 4049
2871 4051
2871 4055
2871 4088
2872 4011
2872 4021
2872 4024
2872 4031
2872 4043
2872 4051
2872 4055
2872 4088
2883 4068
2883 4098
2912 4037
2932 4065
2940 4049
2940 4055
2947 4043
2964 4011
2964 4013
2964 4021
2964 4043
2964 4055
2967 4011
2967 4013
2967 4021
2967 4024
2967 4037
2967 4040
2967 4043
2967 4044
2967 4055
2967 4086
2967 4088
2967 4099
2972 4012
2972 4030
2972 4031
2972 4037
2972 4040
2972 4043
2972 4044
2972 4047
2972 4055
2972 4058
2972 4099
2974 4051
2988 4041
3005 4021
2707 4037
2707 4043
2707 4055
2707 4088
3015 4037
3021 4071
3026 4011
3026 4024
3026 4031
3026 4043
3026 4051
3028 4011
3028 4078
3028 4099
3032 4013
3032 4065
3034 4037
2713 4011
2713 4013
2713 4021
2713 4043
2713 4051
2713 4055
2713 4088
3041 4098
3057 4071
2356 4011
2356 4021
2356 4043
2976 4037
3073 4043
3088 4037
3092 4037
3092 4099
2842 4011
2842 4021
3109 4040
2003 4037
3115 4037
3140 4011
3144 4021
3144 4040
3147 4055
3148 4011
3148 4055
3150 4098
3150 4099
3168 4013
3168 4021
3168 4088
3175 4021
3192 4011
3192 4021
3191 4098
3191 4099
3197 4021
3210 4037
3238 4071
3252 4011
3252 4055
3256 4011
3258 4011
3258 4013
3258 4037
3258 4055
3258 4098
3269 4037
3274 4037
3274 4065
3274 4098
3274 4099
3276 4011
3276 4021
3276 4024
3276 4051
3276 4055
3291 4011
3291 4013
3297 4071
3290 4037
3290 4040
3348 4037
3350 4044
3352 4011
3352 4013
3352 4021
3352 4024
3352 4037
3352 4040
3352 4043
3352 4051
3352 4055
3352 4058
3352 4088
3378 4055
3378 4099
3394 4011
3394 4021
3394 4031
3402 4011
3402 4021
3402 4037
3402 4044
3404 4041
3417 4037
3445 4011
3439 4011
3439 4021
3439 4024
3439 4088
3447 4011
3447 4037
3447 4040
3447 4041
3447 4044
3447 4065
3447 4099
3449 4011
3449 4037
3449 4040
3449 4041
3449 4044
3449 4072
3449 4098
3449 4099
3450 4011
3450 4072
3451 4040
3451 4043
3451 4055
3452 4040
3452 4099
3453 4011
3453 4037
3453 4040
3453 4041
3453 4044
3453 4065
3453 4068
3453 4072
3453 4098
3453 4099
3454 4011
3454 4013
3454 4037
3454 4040
3454 4043
3454 4044
3454 4049
3454 4058
3454 4072
3455 4044
3455 4072
3456 4011
3456 4041
3456 4044
3456 4047
3456 4072
3456 4099
3458 4041
3458 4055
3459 4041
3459 4099
3461 4011
3461 4037
3461 4040
3461 4044
3461 4055
3461 4072
3461 4098
3461 4099
3462 4011
3462 4037
3462 4040
3462 4044
3462 4072
3463 4011
3463 4040
3463 4072
3466 4037
3472 4037
3471 4037
3479 4013
3479 4037
3479 4040
3479 4041
3479 4065
3477 4021
3477 4024
3488 4055
3498 4037
3498 4040
3498 4099
3522 4044
3541 4011
3541 4021
3541 4024
3541 4049
3541 4055
3542 4011
3562 4021
3567 4043
3568 4011
3568 4013
3568 4021
3568 4030
3568 4040
3568 4043
3568 4047
3568 4049
3568 4051
3568 4055
3568 4072
3568 4078
3568 4088
3568 4098
3569 4021
3569 4043
3586 4037
3586 4065
3586 4099
3593 4037
3601 4037
3603 4044
3607 4037
3614 4013
3614 4037
3614 4055
3614 4065
3614 4068
3615 4013
3615 4024
3615 4043
3615 4044
3615 4055
3615 4098
3624 4021
3624 4024
3624 4031
3624 4043
3625 4013
3630 4021
3631 4011
3631 4024
3631 4037
3631 4099
3633 4011
3633 4013
3633 4021
3634 4098
3634 4099
3635 4013
3641 4021
3641 4037
3641 4044
3641 4065
3641 4099
3642 4037
3642 4041
3642 4065
3642 4099
3643 4041
3645 4021
3646 4021
3656 4072
3660 4013
3660 4021
3660 4037
3660 4051
3660 4088
3661 4043
3666 4011
3666 4037
3666 4055
3666 4078
3666 4098
3666 4099
3682 4024
3682 4088
3683 4037
3691 4011
3691 4037
3691 4044
3709 4037
3714 4043
3714 4055
3714 4058
3719 4013
3719 4021
3724 4013
3724 4021
3724 4024
3724 4031
3724 4043
3724 4051
3724 4055
3728 4037
3728 4099
3748 4072
3749 4037
3720 4030
3770 4037
3786 4013
3786 4037
3786 4098
3787 4011
3787 4037
3787 4040
3787 4055
3787 4099
3796 4040
3796 4099
3798 4051
3804 4021
3806 4041
3806 4098
3812 4011
3812 4012
3812 4021
3812 4024
3812 4031
3812 4043
3812 4049
3812 4051
3812 4072
3812 4088
3813 4012
3813 4024
3813 4031
3813 4037
3813 4055
3813 4088
3814 4021
3814 4024
3814 4030
3814 4031
3814 4043
3814 4051
3814 4055
3814 4088
3815 4011
3815 4021
3815 4024
3835 4037
3835 4040
3835 4044
3845 4011
3854 4040
3854 4099
3855 4011
3902 4011
3910 4037
3916 4041
3916 4099
3932 4055
3948 4013
3949 4011
3949 4021
3949 4043
3949 4055
3949 4058
3956 4011
3956 4024
3956 4031
3956 4044
3956 4072
3956 4098
3958 4072
3958 4099
3960 4041
3960 4099
3961 4011
3961 4021
3961 4024
3965 4065
3965 4071
3969 4037
3969 4040
3971 4098
3973 4055
3976 4037
3976 4040
3977 4030
3979 4011
3982 4037
3982 4099
3984 4037
3985 4021
3985 4037
3991 4024
4001 4021
4001 4037
4001 4040
4007 4043
4010 4011
4013 4014
4019 4021
4019 4024
4020 4021
4023 4024
4034 4043
4036 4037
4036 4088
4036 4099
4038 4043
4040 4011
4040 4037
4040 4043
4039 4043
4039 4055
4041 4043
4041 4099
4042 4013
4042 4043
4042 4055
2981 4037
2981 4043
4044 4011
4044 4040
4044 4047
4044 4078
4045 4037
4045 4040
4045 4041
4045 4047
4045 4072
4045 4099
4046 4011
4046 4037
4046 4040
4046 4047
4048 4049
4050 4051
4056 4055
4063 4072
4077 4044
4065 4011
4065 4013
4065 4055
4065 4072
4079 4055
4070 4044
4073 4041
4073 4068
4073 4099
4074 4011
4085 4086
4099 4041
4116 4037
4076 4013
4076 4037
4123 4013
4123 4072
4124 4037
4125 4055
4127 4011
4127 4040
4127 4044
4136 4013
4138 4013
4144 4037
4144 4065
4151 4011
4151 4040
4151 4072
4152 4011
4152 4044
4163 4055
4165 4055
4166 4055
4155 4055
3819 4013
4187 4037
4197 4013
4200 4040
3995 4041
3995 4098
3995 4099
4205 4037
4211 4037
4211 4040
4212 4040
4219 4011
4219 4037
4219 4040
4219 4044
4224 4040
4221 4037
4221 4099
4252 4040
4261 4040
4261 4072
4266 4040
4276 4041
4282 4037
4291 4037
4316 4011
4338 4037
4342 4037
4347 4037
4353 4037
4353 4071
4353 4099
4364 4037
4363 4041
4363 4099
4375 4099
4377 4044
4400 4040
4398 4040
4415 4037
4416 4037
4422 4037
4428 4037
4428 4044
4433 4011
4433 4072
4437 4011
4438 4040
4441 4011
4441 4037
4441 4071
4441 4099
4455 4037
4455 4044
4468 4011
4485 4040
4482 4037
4483 4037
4483 4071
4483 4099
4488 4099
4489 4037
4534 4040
4547 4037
4547 4044
4547 4072
4550 4037
4550 4099
4557 4041
4564 4072
4574 4037
4577 4072
4586 4072
4587 4072
4588 4072
4592 4037
4598 4011
4598 4099
4600 4041
4616 4037
4624 4037
4630 4037
4632 4011
4632 4037
4632 4040
4632 4041
4632 4071
4632 4099
4633 4011
4633 4044
4653 4041
4653 4098
4661 4037
4662 4037
4662 4044
4662 4099
4663 4037
4666 4037
4673 4099
4669 4037
4681 4037
4686 4037
4688 4037
4688 4040
4688 4044
4709 4071
4717 4099
4718 4041
4712 4037
4725 4037
4725 4040
4725 4044
4756 4037
4757 4040
4764 4037
4774 4040
4792 4009
4800 4040
4813 4099
4818 4044
4824 4099
4832 4037
4833 4037
4843 4037
4882 4037
4884 4037
4891 4037
4893 4044
4894 4041
4894 4044
4894 4099
4899 4041
4899 4098
4899 4099
4903 4037
4904 4037
4905 4037
4923 4037
4906 4037
4908 4037
4924 4037
4909 4037
4910 4037
4911 4037
4912 4037
4913 4037
4914 4037
4915 4037
4916 4037
4917 4037
4918 4037
4925 4037
4919 4037
4920 4037
4926 4037
4921 4037
4922 4037
4943 4037
4943 4044
4945 4044
4944 4044
4948 4071
4964 4037
4967 4009
4967 4037
4967 4041
4967 4065
4967 4099
4976 4041
4976 4099
4980 4099
4981 4037
4982 4099
5002 4037
5002 4041
5008 4068
5010 4037
5011 4099
5016 4071
5017 4099
5022 4065
5022 4099
5020 4068
5028 4037
5029 4099
5053 4037
5079 4041
5079 4065
5079 4098
5079 4099
5106 4037
5102 4037
5102 4041
5103 4037
5103 4071
4828 4098
4828 4099
5123 4037
5123 4041
5123 4065
5123 4099
5125 4037
5140 4037
5166 4037
5166 4071
5171 4041
5171 4099
5172 4099
5173 4037
5173 4099
5174 4041
5175 4098
5175 4099
4795 4037
5176 4041
5176 4098
5176 4099
4310 4037
4310 4041
4310 4071
4310 4098
4310 4099
5179 4037
5179 4041
5179 4071
5180 4041
5181 4098
5182 4099
5184 4041
5184 4098
5185 4065
5185 4099
5188 4037
5188 4065
5188 4099
5189 4037
5189 4098
5189 4099
5190 4099
5191 4099
5226 4037
5233 4071
5246 4041
5250 4098
5263 4041
5263 4098
5317 4098
5320 4037
5378 4037
5382 4098
5399 4041
5423 4099
5427 4041
5427 4098
5437 4041
5457 4041
5474 4041
5479 4037
5484 4041
5484 4099
5485 4037
5485 4099
5487 4071
5489 4071
5515 4098
5524 4037
5524 4065
5524 4071
5524 4099
5531 4037
5531 4065
5531 4099
5543 4037
5543 4041
5543 4065
5549 4037
5550 4037
5553 4037
5553 4071
5553 4099
5577 4098
5582 4037
5582 4065
5582 4099
5594 4098
5596 4098
5595 4098
5600 4099
5608 4099
5612 4099
5614 4037
5615 4037
5616 4037
5655 4009
5670 4099
5686 4099
5685 4099
5687 4099
5688 4099
5696 4099
5697 4037
5697 4065
5697 4099
5714 4041
5714 4099
5721 4037
5763 4041
5775 4037
5775 4071
5773 4037
5783 4041
5787 4041
5796 4037
5796 4041
5796 4065
5796 4099
5800 4037
5800 4065
5802 4037
5802 4065
5802 4071
5802 4099
5806 4037
5810 4037
5812 4099
5814 4037
5816 4037
5816 4099
5818 4099
5819 4041
5821 4065
5824 4037
5857 4041
5857 4099
5590 4037
5892 4037
5913 4037
5913 4041
5915 4071
5919 4037
5921 4037
5923 4037
5927 4037
5934 4065
5981 4099
5993 4037
5999 4037
6006 4037
6016 4071
6024 4037
6030 4041
6031 4041
6032 4037
6032 4041
6032 4071
5978 4041
6033 4041
6034 4041
6036 4041
6037 4041
6035 4041
6072 4037
6068 4037
6082 4065
6097 4099
6119 4037
6151 4037
6160 4037
6179 4065
6200 4037
6202 4037
6207 4099
6216 4099
6217 4065
6217 4099
6218 4037
6221 4037
6221 4071
6229 4037
6270 4009
6270 4037
6270 4099
6272 4099
6305 4037
6305 4099
6359 4037
6359 4065
6360 4037
6327 4037
5965 4037
6414 4037
6440 4099
6443 4037
6443 4071
6443 4099
6445 4037
6447 4099
6458 4037
6458 4099
6477 4099
6479 4037
6479 4099
6478 4099
6494 4065
6494 4071
6523 4037
6548 4071
6563 4037
6552 4071
6596 4037
6596 4071
6608 4065
6618 4037
6613 4037
6614 4037
6615 4037
6616 4037
6624 4037
6624 4071
6627 4065
6636 4037
6643 4037
6646 4037
6649 4037
6665 4065
6780 4071
6834 4037
6859 4037
6620 4037
6863 4037
6865 4009
6885 4037
6747 4037
6886 4037
6900 4037
6902 4037
6913 4037
6906 4037
6907 4037
6907 4071
6916 4037
6934 4009
6934 4037
6941 4037
5529 4071
6316 4037
6971 4009
6975 4037
6976 4037
6993 4071
7005 4037
7052 4071
7047 4037
7047 4071
7057 4037
7057 4071
7086 4037
7086 4071
7092 4037
7092 4071
7100 4037
7117 4037
7124 4037
7125 4037
7127 4037
7128 4037
7129 4037
7136 4037
7130 4037
7137 4037
7131 4037
7126 4037
7132 4037
7133 4037
7138 4037
7134 4037
7139 4037
7140 4037
7135 4037
7198 4037
7225 4071
7231 4071
7253 4037
7271 4037
7280 4071
7295 4071
7301 4071
7378 4037
7405 4037
7421 4037
7424 4037
7425 4037
7452 4037
7181 4037
7180 4037
7511 4037
7518 4037
7564 4037
7578 4037
7578 4071
7597 4037
7677 4037
7682 4037
7691 4071
7719 4071
7727 4037
7727 4071
7733 4037
7743 4037
7744 4037
7769 4071
7774 4037
7808 4037
7818 4071
7862 4037
7873 4071
7874 4071
7877 4037
7885 4037
7900 4037
7901 4037
7903 4037
7906 4037
7929 4037
7933 4037
7993 4037
8012 4037
8061 4037
8066 4037
8092 4037
8098 4037
8099 4037
8100 4037
8101 4037
8102 4037
8108 4037
8103 4037
8104 4037
8105 4037
8111 4037
8112 4037
8106 4037
8107 4037
8114 4037
8115 4037
8109 4037
8110 4037
