6 4792
11 4706
11 4709
11 4719
11 4796
24 4706
24 4709
24 4712
24 4792
24 4796
36 4712
36 4717
36 4781
37 4735
42 4709
44 4795
47 4735
53 4735
53 4764
27 4715
86 4719
71 4735
71 4780
87 4712
87 4715
87 4735
87 4748
90 4735
68 4791
68 4795
109 4709
109 4712
109 4715
109 4717
109 4748
109 4786
109 4795
109 4798
120 4795
122 4712
122 4719
127 4735
136 4713
136 4717
136 4786
136 4795
172 4798
173 4709
178 4715
216 4735
291 4719
291 4735
291 4776
291 4780
311 4712
311 4735
335 4709
346 4735
351 4735
371 4735
395 4709
407 4735
432 4706
447 4735
449 4735
457 4709
457 4712
457 4713
457 4715
457 4717
457 4735
457 4748
457 4764
457 4781
457 4791
457 4792
457 4795
457 4797
457 4798
546 4712
546 4719
546 4795
553 4712
556 4735
564 4735
580 4709
582 4728
582 4735
582 4796
600 4709
634 4748
637 4712
643 4735
695 4712
695 4735
710 4735
722 4735
722 4797
722 4798
737 4712
737 4713
737 4791
697 4735
749 4715
759 4777
763 4712
766 4706
766 4709
766 4712
766 4713
766 4715
766 4717
766 4719
766 4735
766 4748
766 4764
766 4777
766 4780
766 4781
766 4792
766 4795
766 4797
766 4798
788 4786
788 4795
788 4798
789 4706
789 4712
789 4715
789 4717
789 4792
789 4797
795 4735
813 4712
813 4735
813 4781
825 4735
825 4783
854 4712
854 4717
854 4792
879 4735
898 4796
908 4735
947 4735
947 4777
947 4796
950 4797
974 4735
988 4735
996 4712
996 4735
996 4797
1018 4728
1024 4706
1024 4735
1032 4712
1041 4796
1055 4735
1055 4797
1063 4717
1074 4709
1074 4712
1074 4713
1074 4717
1074 4791
1097 4735
1098 4764
1125 4735
1127 4776
1133 4706
1133 4713
1133 4719
1133 4728
1133 4735
1133 4776
1133 4781
1133 4792
1133 4796
1133 4797
1137 4712
1151 4706
1151 4712
1151 4781
1151 4792
1166 4712
1166 4717
1166 4719
1166 4735
1166 4748
1166 4781
1166 4797
1167 4735
1179 4719
1200 4796
1204 4792
1207 4748
1210 4795
1210 4798
1228 4735
1241 4735
1247 4780
1291 4719
1346 4795
1374 4712
1374 4777
1374 4797
1385 4781
1395 4706
1428 4706
1184 4719
1184 4735
1184 4796
1184 4797
1468 4796
1470 4712
1470 4735
1470 4792
1470 4795
1470 4797
1473 4706
1473 4709
1473 4719
1492 4715
1492 4735
1496 4709
1496 4735
1497 4735
1500 4735
1522 4735
1537 4735
1542 4712
1542 4715
1542 4717
1542 4748
1542 4781
1552 4735
1549 4712
1549 4719
1549 4776
1549 4797
1608 4712
1608 4795
1612 4713
1613 4798
1614 4706
1614 4735
1622 4795
1623 4717
1639 4748
1661 4791
1647 4796
1701 4709
1701 4712
1701 4715
1701 4735
1701 4795
1700 4735
1717 4735
1719 4712
1730 4735
1733 4735
1733 4786
1748 4797
1762 4709
1762 4712
1762 4713
1769 4712
1796 4717
1796 4748
1796 4795
1799 4735
1799 4792
1808 4735
1814 4777
1823 4706
1847 4712
1847 4735
1875 4735
1964 4719
1972 4712
1972 4713
1972 4795
1985 4735
1986 4735
1990 4709
1990 4712
1990 4735
2093 4709
2109 4735
2117 4735
2118 4735
2120 4735
2120 4780
2129 4735
2135 4712
2135 4735
2135 4748
2135 4777
2144 4735
2145 4735
2145 4792
2145 4798
2171 4713
2210 4735
2215 4735
2223 4798
2237 4719
2237 4735
2237 4781
2237 4796
2246 4735
2256 4735
2256 4780
2256 4795
2256 4797
2256 4798
2257 4719
2258 4712
2258 4715
2258 4781
2264 4706
2264 4712
2264 4797
2276 4795
2297 4706
2326 4735
2328 4709
2328 4712
2328 4717
2328 4791
2328 4795
2365 4719
2365 4735
2369 4712
2369 4791
2369 4795
2375 4712
2381 4735
2384 4781
2384 4797
2387 4712
2398 4735
2440 4712
2440 4735
2456 4735
2456 4781
2480 4735
2485 4712
2485 4781
2493 4748
2516 4706
2542 4735
2547 4706
2547 4715
2547 4719
2547 4735
2547 4798
2549 4777
2549 4797
2566 4712
2557 4792
2560 4706
2564 4712
2565 4706
2565 4709
2565 4713
2565 4719
2565 4735
2565 4764
2565 4777
2565 4778
2565 4780
2565 4792
2565 4796
2576 4797
2585 4735
2596 4735
2474 4735
2609 4712
2618 4796
2623 4777
2619 4712
2651 4735
2651 4778
2651 4780
2651 4792
2651 4797
2655 4712
2655 4735
2655 4795
2657 4717
2658 4713
2658 4717
2658 4735
2708 4719
2708 4735
2699 4709
2699 4735
2699 4796
2699 4797
2686 4715
2686 4717
2686 4735
2688 4706
2688 4709
2688 4712
2688 4713
2688 4715
2688 4717
2688 4719
2688 4764
2688 4781
2688 4792
2688 4795
2688 4796
2688 4798
2660 4712
2660 4717
2660 4792
2660 4797
2667 4712
2667 4715
2667 4781
2667 4786
2667 4795
2667 4798
2693 4709
2693 4735
2694 4735
2744 4709
2747 4735
2765 4719
2774 4735
2775 4717
2790 4778
2832 4713
2832 4728
2832 4735
2832 4780
2832 4783
2859 4719
2859 4728
2859 4780
2871 4706
2871 4719
2871 4777
2871 4780
2871 4792
2889 4712
2903 4735
2903 4796
2909 4712
2909 4735
2917 4735
2932 4735
2935 4719
2935 4735
2935 4792
2935 4797
2914 4792
2958 4735
2967 4706
2967 4719
2967 4735
2967 4792
2967 4796
2968 4735
2972 4706
2972 4712
2972 4717
2972 4719
2972 4735
2972 4748
2972 4780
2972 4792
2972 4795
2972 4796
2972 4797
2988 4717
3000 4748
3010 4712
3010 4764
3015 4797
3024 4735
3026 4706
3026 4712
3027 4712
3027 4781
3028 4715
3028 4777
3028 4778
3028 4779
3028 4780
3028 4783
3032 4712
3032 4717
3032 4780
3032 4791
3032 4795
3033 4735
3034 4735
3057 4706
3057 4709
3072 4712
3073 4706
3073 4796
3081 4777
3084 4735
3090 4717
3092 4712
3092 4715
3092 4781
3092 4795
3106 4709
3145 4735
3168 4735
3191 4712
3209 4792
3210 4792
3238 4712
3274 4717
3274 4719
3274 4735
3274 4791
3274 4796
3284 4712
3291 4712
3291 4713
3291 4735
3291 4786
3305 4796
3326 4735
3345 4709
3346 4735
3350 4706
3352 4712
3352 4717
3352 4719
3352 4735
3354 4791
3354 4796
3366 4712
3366 4777
3378 4735
3378 4781
3380 4795
3381 4709
3381 4713
3381 4764
3394 4719
3394 4735
3394 4783
3402 4719
3402 4735
3402 4792
3402 4796
3404 4712
3390 4706
3445 4712
3445 4797
3439 4712
3447 4712
3447 4713
3447 4715
3447 4717
3447 4735
3447 4776
3447 4777
3447 4778
3447 4780
3447 4783
3447 4792
3447 4795
3447 4796
3447 4797
3449 4706
3449 4712
3449 4715
3449 4717
3449 4719
3449 4735
3449 4776
3449 4777
3449 4781
3449 4792
3449 4795
3449 4796
3449 4797
3449 4798
3451 4735
3451 4776
3451 4778
3451 4780
3451 4796
3451 4797
3452 4706
3452 4712
3452 4719
3452 4792
3453 4706
3453 4709
3453 4712
3453 4717
3453 4719
3453 4728
3453 4735
3453 4748
3453 4776
3453 4792
3453 4795
3453 4796
3453 4797
3454 4719
3454 4735
3454 4796
3455 4735
3455 4792
3455 4797
3456 4706
3456 4709
3456 4712
3456 4715
3456 4719
3456 4735
3456 4792
3456 4795
3456 4798
3457 4706
3457 4719
3457 4778
3457 4781
3458 4795
3459 4712
3459 4764
3460 4791
3461 4713
3461 4777
3461 4778
3461 4779
3461 4795
3462 4712
3462 4776
3462 4796
3463 4706
3463 4719
3463 4735
3463 4796
3466 4735
3480 4735
3478 4781
3478 4797
3498 4712
3498 4735
3521 4735
3508 4735
3568 4706
3568 4712
3568 4735
3586 4709
3586 4712
3586 4748
3586 4795
3601 4795
3601 4797
3603 4792
3607 4781
3614 4712
3614 4715
3614 4781
3614 4792
3615 4798
3631 4735
3634 4712
3634 4781
3641 4709
3641 4712
3641 4713
3641 4764
3641 4781
3641 4795
3642 4709
3642 4712
3642 4713
3642 4715
3642 4717
3642 4748
3642 4764
3642 4781
3642 4786
3642 4791
3642 4795
3642 4797
3642 4798
3643 4712
3658 4781
3666 4712
3666 4777
3666 4780
3728 4709
3728 4712
3728 4719
3728 4735
3728 4777
3728 4797
3743 4796
3748 4712
3766 4735
3786 4712
3786 4777
3786 4795
3786 4797
3787 4712
3787 4713
3787 4715
3787 4735
3787 4776
3787 4777
3787 4796
3787 4797
3792 4717
3796 4719
3796 4735
3796 4778
3796 4792
3796 4796
3794 4712
3803 4792
3803 4797
3812 4735
3813 4797
3823 4735
3830 4735
3830 4796
3835 4706
3835 4712
3835 4795
3835 4796
3835 4797
3843 4792
3845 4712
3854 4706
3854 4712
3873 4712
3897 4792
3902 4735
3902 4776
3902 4778
3902 4780
3902 4797
3910 4735
3916 4709
3916 4797
3917 4706
3917 4735
3919 4717
3919 4795
3922 4779
3930 4719
3956 4795
3969 4706
3969 4712
3969 4719
3969 4780
3969 4792
3969 4796
3976 4712
3976 4717
3976 4735
3976 4776
3976 4777
3976 4780
3985 4781
4001 4719
4008 4780
4013 4712
4036 4712
4036 4792
4036 4797
4040 4706
4040 4735
4040 4776
4040 4778
4040 4780
4041 4712
4041 4715
4041 4719
4041 4780
4041 4792
4041 4795
4044 4713
4044 4719
4044 4728
4044 4778
4044 4779
4044 4780
4044 4796
4045 4706
4045 4712
4045 4715
4045 4717
4045 4719
4045 4748
4045 4781
4045 4792
4045 4795
4045 4796
4045 4798
4046 4706
4063 4735
4077 4712
4077 4735
4065 4713
4065 4791
4065 4792
4070 4797
4072 4735
4073 4735
4073 4776
4099 4712
4099 4713
4099 4715
4099 4728
4099 4776
4099 4778
4099 4780
4099 4781
4103 4798
4116 4796
4119 4706
4076 4719
4076 4735
4076 4776
4076 4796
4076 4797
4123 4735
4138 4797
4142 4713
4142 4735
4144 4795
4144 4797
4150 4735
4151 4712
4162 4709
4175 4712
3995 4712
3995 4715
4211 4706
4211 4719
4211 4735
4211 4780
4211 4796
4212 4777
4212 4780
4212 4798
4219 4706
4219 4713
4219 4717
4219 4719
4219 4728
4219 4735
4219 4776
4219 4792
4219 4796
4224 4735
4224 4776
4261 4709
4261 4719
4261 4796
4266 4735
4273 4709
4282 4796
4297 4712
4297 4717
4297 4735
4297 4795
4312 4728
4315 4735
4326 4797
4329 4712
4329 4735
4338 4709
4338 4712
4335 4735
4353 4713
4355 4748
4377 4719
4415 4706
4437 4719
4441 4712
4441 4715
4441 4717
4441 4719
4441 4735
4441 4798
4442 4706
4442 4717
4443 4735
4448 4717
4471 4712
4476 4777
4485 4712
4485 4792
4482 4712
4483 4712
4483 4715
4483 4748
4483 4795
4483 4797
4486 4796
4488 4795
4511 4719
4511 4735
4527 4748
4531 4735
4530 4780
4534 4712
4534 4796
4536 4792
4536 4795
4542 4786
4547 4735
4547 4792
4550 4712
4564 4735
4574 4781
4575 4735
4582 4728
4586 4778
4586 4779
4586 4780
4587 4792
4588 4719
4600 4781
4600 4792
4604 4712
4487 4735
4632 4715
4632 4792
4632 4797
4632 4798
4633 4706
4653 4748
4653 4777
4653 4795
4661 4719
4662 4780
4662 4797
4664 4706
4664 4712
4664 4735
4673 4712
4673 4715
4673 4717
4673 4748
4673 4786
4673 4791
4673 4795
4673 4798
4681 4792
4686 4717
4687 4706
4687 4735
4688 4706
4688 4719
4688 4735
4688 4776
4688 4792
4688 4796
4705 4728
4706 4792
4710 4706
4710 4735
4714 4719
4715 4719
4716 4719
2621 4719
4717 4712
4717 4719
4717 4748
4717 4764
4717 4798
4718 4719
4712 4717
4712 4735
4712 4791
4712 4795
4725 4796
4726 4728
4727 4728
4733 4735
4736 4735
4675 4735
4742 4735
4737 4735
4738 4735
4739 4706
4739 4735
4743 4735
4745 4735
4740 4735
4744 4735
4746 4735
4746 4792
4741 4735
4749 4706
4756 4776
4756 4796
4748 4776
4764 4712
4764 4717
4773 4776
4774 4776
4774 4796
4778 4780
4777 4778
4785 4796
4786 4791
4786 4796
4787 4796
4788 4764
4788 4791
4788 4796
4789 4796
4790 4796
4791 4796
4792 4706
4792 4777
4792 4796
4793 4796
4794 4796
4799 4798
4814 4777
4814 4797
4813 4709
4813 4713
4813 4748
4813 4795
4823 4706
4824 4706
4824 4777
4824 4781
4824 4792
4824 4795
4824 4797
4825 4706
4829 4712
4859 4717
4859 4792
4881 4795
4894 4786
4899 4717
4899 4748
4899 4781
4937 4792
4948 4712
4948 4792
4948 4797
4960 4748
4964 4715
4966 4797
4967 4709
4967 4712
4967 4713
4967 4715
4967 4717
4967 4748
4967 4764
4967 4781
4967 4791
4967 4795
4967 4798
4980 4777
4981 4712
4982 4712
5000 4792
5001 4792
5002 4709
5002 4713
5002 4792
5006 4797
5022 4709
5022 4748
5022 4791
5022 4795
5020 4777
5028 4781
5029 4712
5037 4712
5061 4786
5068 4712
5079 4712
5079 4715
5079 4717
5079 4748
5079 4777
5079 4795
5079 4798
5089 4795
5103 4709
5103 4717
5110 4712
5110 4715
5110 4717
5110 4795
5110 4798
4828 4712
4828 4717
4828 4748
4828 4764
4828 4791
4828 4795
4828 4797
5118 4797
5121 4715
5123 4712
5123 4795
5125 4781
5125 4797
5140 4712
5140 4717
5140 4748
5155 4712
5166 4709
5166 4781
5171 4712
5171 4795
5172 4781
5173 4764
5174 4712
5175 4797
5176 4712
5176 4777
5176 4797
5177 4709
5177 4712
5177 4715
5177 4717
5177 4781
5177 4791
5177 4795
5177 4798
4310 4709
4310 4712
4310 4715
4310 4717
4310 4748
4310 4777
4310 4781
4310 4791
4310 4795
5179 4712
5179 4715
5179 4781
5179 4795
5179 4797
5179 4798
5180 4795
5181 4797
5184 4777
5185 4709
5185 4712
5185 4713
5185 4715
5185 4748
5185 4764
5185 4795
5185 4798
5188 4709
5188 4712
5188 4713
5188 4717
5188 4748
5188 4764
5188 4777
5188 4795
5188 4797
5189 4712
5189 4717
5189 4777
5189 4781
5189 4795
5189 4797
5189 4798
5190 4712
5217 4712
5246 4712
5254 4713
5254 4717
5262 4717
5263 4777
5263 4795
5263 4797
5276 4713
5295 4777
5296 4712
5301 4717
5301 4748
5316 4709
5316 4712
5316 4715
5334 4797
4591 4712
5391 4712
5423 4715
5423 4786
5423 4795
5423 4798
5419 4781
5421 4777
5430 4712
5430 4748
5428 4712
5439 4748
5439 4786
5439 4791
5439 4795
5452 4712
5454 4712
5456 4712
5455 4712
5457 4795
5484 4781
5524 4709
5524 4712
5524 4713
5524 4715
5524 4717
5524 4748
5524 4764
5524 4781
5524 4798
5531 4709
5531 4712
5531 4713
5531 4748
5531 4764
5531 4781
5531 4791
5528 4777
5193 4712
5193 4717
5543 4715
5543 4764
5543 4781
5582 4709
5582 4713
5582 4717
5582 4748
5582 4795
5603 4797
5608 4795
5612 4798
5616 4712
5617 4781
5622 4777
5396 4777
5627 4777
5624 4717
5626 4798
5630 4712
5630 4748
5630 4781
5644 4795
5636 4777
5645 4777
5655 4712
5655 4717
5655 4786
5655 4791
5680 4795
5691 4797
5696 4712
5696 4715
5696 4781
5697 4709
5697 4712
5697 4713
5697 4717
5697 4748
5697 4764
5697 4791
5697 4795
5697 4798
5714 4715
5739 4748
5753 4712
5768 4791
5775 4709
5787 4781
5796 4709
5796 4712
5796 4715
5796 4717
5796 4748
5796 4764
5796 4795
5798 4715
5798 4795
5798 4798
5799 4715
5799 4786
5799 4795
5799 4798
5800 4712
5800 4764
5800 4791
5802 4709
5802 4712
5802 4713
5802 4717
5802 4748
5802 4764
5802 4786
5802 4791
5802 4795
5802 4798
5806 4795
5804 4712
5804 4715
5810 4712
5810 4791
5811 4713
5811 4748
5811 4791
5814 4709
5814 4712
5814 4791
5816 4715
5817 4791
5817 4795
5817 4798
5818 4713
5818 4764
5818 4798
5821 4709
5821 4712
5821 4748
5822 4786
5822 4791
5839 4795
5857 4712
5862 4712
5871 4712
5871 4795
5933 4791
5934 4781
5961 4798
5984 4791
5998 4712
5998 4717
5998 4748
5998 4791
6006 4709
6006 4712
6006 4748
6024 4712
6023 4715
6023 4786
6032 4709
6032 4764
6038 4748
6043 4781
6047 4713
6068 4781
6075 4781
6094 4781
6118 4781
6119 4781
6120 4781
6121 4781
6217 4709
6217 4712
6218 4712
6218 4795
6218 4798
6220 4713
6220 4717
6223 4717
6223 4791
6243 4712
6248 4717
6271 4715
6272 4717
6299 4713
6299 4798
6305 4709
6305 4712
6305 4713
6305 4717
6305 4764
6305 4786
6305 4795
6312 4798
6314 4791
6319 4791
6320 4715
6323 4764
6324 4712
6324 4798
6347 4709
6359 4712
6359 4713
6359 4715
6359 4764
6359 4791
6360 4715
6360 4798
6298 4798
6377 4713
6377 4764
6379 4798
6380 4798
6381 4798
6327 4712
6327 4713
6327 4786
6327 4798
6398 4709
6422 4712
6447 4712
6458 4709
6467 4712
6467 4717
6483 4791
6486 4791
6488 4713
6488 4717
6494 4709
6510 4709
6510 4713
6517 4713
6518 4748
6522 4713
6522 4764
6525 4713
6460 4717
6533 4791
6534 4791
6537 4791
6535 4791
6538 4791
6539 4791
6536 4791
6545 4709
6546 4709
5273 4717
5273 4764
6560 4713
6560 4717
6561 4717
6595 4712
6596 4712
6605 4712
6607 4712
6608 4709
6615 4713
6615 4764
6627 4712
6626 4712
6657 4712
6658 4712
6712 4764
6714 4713
6736 4764
6764 4709
6765 4709
6766 4709
6767 4709
6781 4764
6828 4713
6829 4713
6837 4764
