11 6170
36 6151
39 6123
29 6198
59 6166
87 6156
87 6174
68 6124
68 6130
68 6156
109 6123
109 6156
109 6174
127 6156
143 6156
173 6151
166 6156
208 6156
311 6151
311 6156
319 6110
335 6174
457 6106
457 6124
457 6149
457 6156
457 6161
457 6166
457 6170
467 6156
634 6148
663 6123
686 6148
686 6151
737 6123
737 6156
737 6170
766 6123
766 6124
766 6151
766 6156
766 6166
766 6170
766 6174
813 6124
816 6166
1000 6148
1041 6124
1063 6123
1074 6156
1074 6170
1098 6123
1098 6151
1098 6170
1133 6124
1133 6148
1133 6161
1133 6166
1151 6124
1151 6151
1151 6156
1151 6166
1151 6174
1166 6148
1166 6151
1166 6156
1166 6164
1166 6198
1215 6161
1267 6170
1374 6151
1374 6174
1470 6156
1542 6123
1542 6124
1542 6166
1549 6123
1667 6164
1691 6151
1701 6156
1722 6151
1748 6123
1783 6148
1811 6151
1814 6124
1823 6170
1879 6123
1915 6148
1915 6161
2037 6111
2145 6166
2258 6124
2276 6156
2328 6123
2369 6107
2369 6111
2369 6156
2369 6166
2387 6148
2410 6151
2440 6111
2452 6123
2485 6123
2485 6124
2485 6148
2485 6151
2504 6123
2504 6124
2504 6156
2507 6164
2535 6156
2552 6124
2565 6123
2565 6151
2565 6174
2565 6198
2576 6174
2585 6124
2623 6109
2623 6124
2623 6130
2658 6151
2658 6174
2677 6123
2686 6105
2686 6111
2702 6124
2688 6124
2688 6156
2688 6161
2688 6166
2667 6105
2667 6111
2667 6124
2667 6148
2667 6151
2667 6166
2696 6148
2744 6148
2831 6124
2967 6148
2972 6166
2972 6170
2988 6148
3027 6124
3028 6130
3032 6148
3032 6151
3032 6156
3032 6170
3088 6156
3176 6148
3291 6148
3291 6151
3310 6151
3340 6148
3366 6105
3381 6123
3381 6156
3381 6170
3447 6105
3447 6109
3447 6148
3449 6124
3449 6164
3449 6166
3457 6123
3459 6106
3459 6124
3459 6198
3462 6156
3479 6124
3478 6124
3522 6124
3522 6148
3535 6148
3568 6162
3586 6123
3600 6123
3601 6156
3614 6124
3641 6105
3641 6107
3641 6123
3641 6124
3641 6148
3642 6105
3642 6107
3642 6109
3642 6111
3642 6124
3642 6130
3642 6148
3642 6151
3642 6156
3642 6161
3642 6166
3642 6170
3787 6156
3794 6148
3813 6123
3813 6156
3854 6148
3916 6105
3916 6123
3916 6124
3958 6123
3965 6124
3965 6148
3965 6156
3965 6174
3976 6109
3976 6130
3976 6164
4036 6123
4036 6148
4037 6124
4041 6124
4045 6124
4045 6148
4045 6156
4045 6166
4073 6105
4099 6123
4099 6124
4151 6166
4175 6148
4221 6124
4273 6170
4331 6174
4347 6174
4437 6123
4441 6151
4441 6162
4441 6174
4483 6107
4483 6151
4483 6166
4488 6123
4488 6156
4598 6105
4598 6151
4598 6156
4632 6124
4632 6151
4632 6156
4632 6166
4632 6174
4653 6164
4654 6148
4673 6156
4709 6123
4712 6123
4750 6124
4764 6123
4781 6124
4792 6124
4824 6124
4829 6156
4829 6170
4894 6130
4894 6161
4899 6124
4948 6151
4967 6106
4967 6110
4967 6124
4967 6148
4967 6156
4967 6166
4967 6170
4981 6151
5002 6123
5002 6124
5002 6198
5022 6148
5022 6151
5022 6161
5022 6164
5022 6170
5020 6148
5024 6148
5053 6123
5053 6151
5072 6174
5079 6124
5079 6156
5079 6170
5096 6174
5104 6151
4828 6106
4828 6161
4828 6162
5123 6124
5125 6148
5125 6151
5125 6162
5166 6123
5171 6164
5173 6156
4795 6151
5177 6105
5177 6124
5177 6148
5177 6164
5177 6166
5178 6124
5178 6156
5178 6170
4310 6105
4310 6123
4310 6124
4310 6151
4310 6156
5179 6111
5179 6123
5179 6124
5179 6148
5179 6151
5179 6156
5179 6170
5185 6124
5185 6156
5185 6170
5188 6156
5188 6170
5189 6105
5189 6111
5189 6123
5189 6124
5189 6148
5189 6166
5196 6166
5246 6109
5276 6123
5276 6156
5301 6123
5301 6124
5301 6148
5301 6151
5404 6156
5430 6156
5427 6105
5439 6156
5445 6161
5457 6149
5472 6123
5484 6124
5487 6161
5487 6166
5524 6111
5524 6123
5524 6124
5524 6151
5524 6156
5524 6162
5524 6166
5524 6170
5524 6174
5531 6124
5531 6148
5531 6151
5531 6156
5531 6170
5532 6156
5543 6123
5543 6124
5543 6148
5543 6166
5549 6156
5553 6151
5562 6156
5582 6166
5582 6170
5584 6156
5608 6124
5612 6148
5612 6170
5617 6110
5624 6148
5630 6161
5630 6164
5630 6166
5655 6105
5655 6124
5655 6149
5655 6156
5655 6161
5655 6198
5691 6124
5691 6148
5691 6151
5696 6124
5696 6161
5697 6156
5697 6170
5714 6124
5714 6156
5739 6162
5783 6124
5783 6148
5787 6124
5787 6166
5796 6105
5796 6110
5796 6123
5796 6124
5796 6148
5796 6156
5800 6123
5800 6156
5800 6174
5802 6123
5802 6151
5802 6156
5802 6170
5802 6174
5802 6198
5805 6148
5809 6105
5809 6110
5809 6124
5809 6148
5810 6156
5811 6123
5811 6198
5812 6161
5814 6105
5814 6123
5814 6156
5818 6166
5819 6110
5822 6174
5827 6123
5829 6148
5839 6123
5839 6161
5836 6148
5862 6124
5862 6156
5915 6151
5934 6111
5934 6156
5934 6166
5935 6161
5960 6124
5998 6123
6006 6156
6020 6166
6023 6161
6032 6123
6043 6124
6043 6148
6068 6124
6068 6151
6068 6166
6068 6174
6069 6148
6069 6161
6075 6124
6097 6123
6094 6124
6100 6101
6126 6148
6128 6151
6130 6161
6135 6161
6141 6148
6142 6148
6143 6148
6144 6148
6145 6148
6146 6148
6147 6148
6150 6151
6156 6166
6157 6164
6160 6161
6165 6166
6217 6156
6219 6170
6223 6156
6241 6123
6243 6123
6270 6123
6270 6198
6272 6123
6280 6123
6299 6170
6299 6198
6305 6156
6305 6170
6314 6156
6331 6156
6359 6170
6443 6151
6443 6156
6447 6170
6467 6156
6483 6156
6486 6123
6488 6170
6545 6156
6560 6123
6560 6198
6563 6123
6596 6151
6596 6174
6605 6156
6618 6123
6619 6123
6615 6123
6615 6198
6624 6123
6624 6151
6624 6174
6671 6156
6672 6156
6673 6156
6674 6156
6675 6156
6676 6156
6677 6156
6678 6156
6679 6156
6714 6123
6758 6123
6772 6123
6772 6198
6774 6123
6914 6123
6906 6123
6907 6123
6316 6123
6991 6198
6993 6151
6993 6174
7021 6123
7052 6151
7052 6174
7047 6151
7047 6174
7055 6151
7049 6151
7057 6123
7057 6151
7057 6174
7061 6123
7063 6123
7086 6174
7131 6123
7132 6123
7231 6151
7231 6174
7233 6123
7241 6123
7280 6151
7317 6198
7380 6123
7400 6123
7170 6123
7401 6123
7402 6123
7403 6123
7404 6123
7405 6123
7520 6174
7588 6174
7598 6151
7614 6151
7614 6174
7679 6151
7695 6151
7766 6151
7768 6174
7769 6174
7770 6174
