6 1218
6 1220
6 1221
6 1222
6 1234
6 1241
6 1248
6 1253
6 1261
6 1297
11 1200
11 1201
11 1203
11 1211
11 1218
11 1220
11 1221
11 1222
11 1230
11 1239
11 1241
11 1243
11 1248
11 1250
11 1253
11 1259
11 1260
11 1261
11 1279
11 1282
11 1284
11 1285
11 1286
11 1296
11 1297
12 1241
12 1297
14 1259
15 1297
17 1218
20 1211
20 1218
21 1297
24 1200
24 1234
24 1250
24 1267
24 1284
24 1285
24 1297
28 1201
28 1286
33 1241
36 1222
36 1234
36 1296
36 1297
35 1203
35 1297
41 1259
41 1282
42 1200
42 1234
46 1279
47 1211
47 1236
47 1248
47 1284
47 1285
47 1286
47 1297
48 1211
49 1211
29 1297
56 1211
59 1201
59 1230
66 1267
72 1211
72 1279
75 1243
75 1248
78 1211
81 1218
86 1234
86 1248
86 1297
71 1248
71 1297
87 1248
87 1279
87 1297
89 1270
90 1234
94 1201
94 1243
102 1232
106 1211
68 1239
109 1234
109 1261
109 1297
122 1239
122 1247
122 1291
122 1297
113 1248
113 1297
126 1297
127 1267
127 1297
128 1234
136 1211
136 1234
143 1211
143 1279
143 1297
145 1248
145 1297
151 1248
154 1211
154 1279
154 1297
157 1297
161 1201
161 1232
161 1240
163 1284
163 1285
163 1286
171 1211
171 1218
171 1220
171 1240
171 1241
171 1259
171 1286
171 1297
172 1211
172 1243
172 1267
172 1297
173 1200
173 1201
173 1211
173 1218
173 1222
173 1230
173 1234
173 1236
173 1243
173 1248
173 1253
173 1267
173 1279
173 1285
173 1286
173 1296
173 1297
74 1284
74 1297
176 1201
176 1218
176 1222
176 1234
180 1203
180 1218
180 1222
180 1284
182 1297
166 1211
166 1248
166 1279
166 1297
187 1211
205 1285
125 1218
125 1286
215 1261
215 1297
232 1297
254 1200
254 1287
255 1286
259 1203
266 1285
269 1248
270 1284
270 1285
276 1218
276 1250
275 1211
280 1200
280 1250
280 1297
282 1201
291 1297
292 1201
290 1201
290 1211
290 1230
290 1248
290 1284
290 1297
249 1248
304 1248
304 1284
304 1297
306 1200
306 1234
306 1236
306 1253
306 1277
306 1286
306 1297
308 1218
308 1248
308 1253
308 1279
308 1297
310 1200
310 1201
310 1211
310 1218
310 1222
310 1236
310 1240
310 1250
310 1260
310 1261
310 1267
310 1285
310 1297
311 1200
311 1201
311 1211
311 1222
311 1230
311 1234
311 1236
311 1241
311 1243
311 1261
311 1277
311 1279
311 1284
311 1285
311 1286
311 1297
312 1201
312 1203
312 1211
312 1218
312 1220
312 1221
312 1222
312 1234
312 1241
312 1248
312 1259
312 1279
312 1286
312 1296
312 1297
313 1211
313 1297
315 1201
315 1259
315 1296
305 1282
317 1201
317 1234
317 1277
317 1279
317 1286
317 1296
317 1297
319 1200
319 1211
319 1267
319 1296
251 1261
335 1259
335 1282
336 1201
339 1296
341 1201
341 1222
341 1266
341 1297
343 1261
346 1297
193 1211
193 1297
364 1267
371 1201
371 1211
371 1222
371 1260
371 1261
371 1297
376 1234
387 1201
403 1211
405 1277
407 1201
407 1230
407 1236
407 1248
407 1284
407 1285
407 1297
325 1211
417 1297
432 1201
432 1250
432 1285
432 1296
457 1200
457 1201
457 1211
457 1222
457 1230
457 1234
457 1241
457 1247
457 1260
457 1282
457 1284
457 1285
457 1286
457 1297
164 1234
499 1218
536 1211
545 1296
545 1297
546 1211
546 1230
546 1261
546 1284
546 1297
553 1211
553 1239
586 1201
587 1286
600 1297
634 1200
634 1201
634 1218
634 1253
634 1261
634 1284
634 1285
634 1286
634 1296
634 1297
635 1200
635 1211
635 1296
636 1201
647 1218
647 1297
643 1259
643 1279
650 1211
650 1267
650 1286
650 1296
650 1297
659 1297
663 1211
663 1222
663 1234
663 1241
663 1261
663 1266
663 1270
663 1287
639 1201
639 1222
639 1277
639 1286
674 1222
686 1203
686 1221
686 1261
686 1277
686 1282
686 1297
689 1297
691 1201
691 1203
691 1236
691 1243
695 1211
695 1222
699 1222
704 1201
704 1222
704 1241
704 1297
705 1201
705 1222
705 1270
705 1282
706 1211
706 1248
706 1279
706 1296
706 1297
707 1201
707 1203
707 1211
707 1234
707 1248
707 1253
707 1261
707 1297
708 1270
708 1297
710 1201
710 1211
710 1230
710 1234
710 1261
710 1267
710 1277
710 1279
710 1286
710 1297
712 1253
715 1221
715 1282
715 1286
715 1296
722 1201
722 1211
722 1218
722 1232
722 1234
722 1236
722 1250
722 1261
722 1267
722 1277
722 1291
722 1297
727 1211
742 1200
742 1201
742 1241
697 1236
697 1253
697 1259
749 1239
759 1211
759 1230
763 1211
763 1267
764 1211
766 1201
766 1211
766 1239
766 1243
766 1247
766 1250
766 1267
766 1286
766 1291
762 1211
762 1222
769 1201
769 1211
769 1218
769 1222
769 1248
769 1253
769 1297
788 1240
781 1261
784 1200
784 1211
784 1222
784 1241
784 1248
784 1259
784 1261
784 1297
789 1200
789 1201
789 1218
789 1220
789 1222
789 1241
789 1243
789 1247
789 1248
789 1266
789 1277
789 1297
791 1201
791 1260
791 1270
791 1279
791 1297
795 1211
805 1201
805 1203
805 1222
805 1230
810 1218
810 1297
813 1211
813 1230
813 1239
813 1248
813 1250
813 1253
813 1267
813 1279
813 1284
813 1285
813 1291
813 1296
813 1297
816 1218
334 1201
334 1203
334 1218
334 1286
826 1211
826 1230
826 1253
826 1267
826 1279
826 1297
841 1291
844 1218
844 1286
842 1284
842 1286
854 1211
854 1297
852 1211
852 1248
852 1297
859 1211
859 1297
861 1253
865 1211
865 1222
870 1234
870 1248
870 1279
871 1211
871 1222
871 1241
871 1286
871 1287
879 1297
904 1211
904 1222
904 1243
904 1261
904 1296
908 1297
918 1261
920 1297
787 1211
928 1211
928 1236
928 1267
928 1297
935 1284
935 1285
935 1286
937 1222
937 1240
937 1260
937 1277
937 1284
941 1201
941 1222
941 1230
941 1234
941 1253
941 1260
941 1279
941 1286
941 1297
943 1234
946 1211
946 1218
946 1250
946 1253
946 1259
946 1297
954 1218
954 1261
954 1277
959 1297
970 1297
971 1211
971 1241
971 1260
971 1261
971 1277
971 1284
973 1232
974 1297
978 1222
978 1234
978 1279
978 1296
978 1297
982 1220
982 1222
982 1241
984 1261
986 1201
986 1203
986 1211
986 1240
986 1241
986 1266
986 1270
986 1277
986 1286
986 1287
986 1297
988 1250
988 1267
988 1291
988 1297
993 1200
993 1201
993 1203
993 1211
993 1222
993 1230
993 1234
993 1236
993 1239
993 1243
993 1261
993 1279
993 1284
993 1285
993 1286
993 1297
994 1259
994 1297
996 1203
996 1211
996 1234
996 1243
996 1247
996 1250
996 1267
996 1291
996 1296
996 1297
998 1248
1005 1234
1000 1253
1006 1200
1006 1203
1006 1220
1006 1221
1006 1222
1006 1234
1006 1248
1006 1286
1006 1297
1003 1230
1012 1218
1013 1260
1009 1203
1023 1201
1024 1279
1024 1291
1029 1201
1029 1211
1029 1218
1029 1220
1029 1222
1029 1261
1029 1279
1029 1297
1031 1297
1032 1243
1032 1267
1034 1201
1034 1218
1034 1253
1034 1297
1037 1297
1042 1267
1042 1297
1044 1218
1046 1222
1046 1234
1050 1203
1050 1284
1055 1201
1055 1211
1055 1236
1055 1247
1055 1248
1055 1261
1055 1279
1055 1297
1062 1201
1062 1203
1062 1221
1062 1230
1062 1243
1062 1250
1062 1259
1062 1266
1062 1267
1062 1282
1062 1286
1062 1291
1062 1296
1064 1200
1064 1201
1065 1218
872 1279
1074 1222
1075 1203
1097 1201
1097 1211
1097 1239
1097 1247
1097 1297
1098 1291
1103 1211
1099 1297
1111 1241
1111 1243
1111 1247
1114 1201
1114 1211
1114 1220
1114 1221
1114 1222
1114 1261
1114 1270
1114 1286
1125 1211
1125 1287
1128 1279
1127 1297
1129 1211
1129 1234
1129 1241
1129 1248
1129 1261
1129 1286
1129 1297
1133 1211
1133 1222
1133 1239
1133 1240
1133 1248
1133 1266
1133 1282
1133 1296
1133 1297
1134 1297
1135 1201
1135 1203
1135 1211
1135 1234
1135 1253
1135 1267
1135 1279
1135 1284
1135 1286
1137 1200
1137 1203
1137 1221
1137 1230
1137 1261
1137 1284
1137 1286
1137 1297
1142 1201
1142 1248
1142 1297
1144 1218
1151 1200
1151 1201
1151 1211
1151 1230
1151 1234
1151 1236
1151 1239
1151 1243
1151 1248
1151 1250
1151 1279
1151 1284
1151 1285
1151 1297
922 1200
922 1201
922 1203
922 1211
922 1220
922 1222
922 1230
922 1234
922 1236
922 1241
922 1243
922 1248
922 1253
922 1261
922 1266
922 1279
922 1284
922 1286
922 1296
922 1297
1160 1201
1164 1211
1164 1261
1164 1266
1165 1261
1166 1200
1166 1211
1166 1230
1166 1243
1166 1250
1166 1284
1166 1285
1166 1291
1166 1297
1167 1200
1167 1201
1167 1211
1167 1220
1167 1230
1167 1234
1167 1241
1167 1253
1167 1261
1167 1270
1167 1277
1167 1286
1182 1222
1182 1240
1193 1259
1193 1260
1193 1261
1193 1297
1195 1218
1197 1201
1197 1222
1200 1267
1201 1200
1201 1222
1201 1253
1201 1259
1201 1260
1201 1261
1202 1200
1202 1201
1202 1250
1202 1253
1202 1284
1202 1291
1202 1297
1203 1291
1204 1201
1204 1220
1204 1222
1204 1234
1204 1259
1204 1261
1204 1267
1204 1286
1207 1211
1207 1277
1210 1203
1210 1222
1210 1230
1210 1243
1210 1284
1210 1286
1210 1297
1211 1253
1211 1261
1211 1267
1211 1279
1211 1286
1212 1211
1215 1211
1215 1297
1219 1220
1221 1203
1221 1222
1221 1236
1221 1253
1221 1259
1221 1282
1221 1284
1221 1296
1230 1234
1230 1243
1230 1286
1230 1297
1234 1277
1234 1297
1235 1203
1236 1201
1236 1203
1236 1211
1236 1221
1236 1230
1236 1234
1236 1253
1236 1261
1236 1279
1236 1291
1236 1297
1237 1232
1237 1260
1243 1201
1241 1201
1241 1234
1241 1261
1241 1286
1241 1297
1242 1201
1242 1241
1242 1261
1242 1286
1245 1221
1245 1241
1245 1259
1245 1286
1246 1266
1246 1286
1247 1201
1247 1253
1247 1297
1248 1221
1248 1236
1248 1241
1248 1266
1248 1297
1253 1297
1252 1241
1259 1221
1259 1296
1259 1297
1260 1241
1260 1261
1264 1241
1267 1211
1267 1250
1267 1259
1267 1285
1268 1259
1269 1259
1271 1282
1272 1277
1273 1277
1274 1277
1275 1277
1278 1201
1278 1203
1278 1211
1278 1230
1278 1234
1278 1253
1278 1277
1278 1279
1278 1286
1278 1287
1278 1297
1276 1277
1279 1201
1279 1211
1279 1234
1279 1236
1279 1248
1279 1253
1279 1267
1279 1277
1279 1286
1279 1297
1280 1277
1281 1282
1286 1230
1286 1284
1286 1285
1284 1285
1284 1286
1285 1286
1290 1234
1290 1297
1291 1203
1291 1261
1293 1297
1297 1211
1297 1234
1297 1248
1297 1261
1301 1203
1305 1201
1305 1211
1305 1234
1305 1239
1305 1291
1305 1296
1305 1297
1306 1203
1306 1234
1306 1253
1314 1296
1315 1296
1316 1296
1317 1296
1318 1296
1319 1200
1319 1201
1319 1203
1319 1211
1319 1236
1319 1253
1319 1261
1319 1267
1319 1279
1319 1296
1322 1267
1335 1250
1335 1253
1335 1285
1335 1297
1344 1260
1350 1201
1350 1211
1350 1230
1350 1248
1350 1253
1350 1261
1350 1279
1350 1285
1350 1297
1352 1200
1352 1201
1352 1211
1352 1230
1352 1234
1352 1236
1352 1248
1352 1253
1352 1261
1352 1284
1352 1285
1352 1297
1354 1297
1357 1201
1357 1203
1357 1230
1357 1234
1357 1236
1357 1253
1357 1279
1357 1291
1367 1297
1368 1261
1373 1248
1374 1247
1374 1253
1374 1267
1374 1285
1374 1297
1382 1211
1382 1297
1377 1234
1377 1253
1377 1279
1377 1297
1378 1284
1380 1201
1380 1203
1380 1234
1380 1253
1380 1297
1381 1253
1381 1297
1386 1203
1386 1211
1386 1236
1386 1248
1386 1253
1390 1211
1390 1297
1395 1200
1395 1201
1395 1236
1395 1243
1395 1248
1395 1250
1395 1253
1395 1267
1395 1284
1395 1285
1395 1291
1395 1297
1419 1291
1424 1201
1424 1234
1424 1236
1424 1291
1424 1297
1426 1203
1427 1203
1428 1200
1428 1203
1428 1211
1428 1248
1428 1279
1428 1284
1428 1291
1428 1297
1429 1203
1430 1203
1431 1203
1184 1211
1184 1284
1439 1234
1439 1236
1441 1201
1441 1253
1441 1261
1441 1297
1442 1234
1442 1297
1447 1234
1462 1261
1463 1279
1463 1284
1468 1201
1466 1211
1467 1230
1467 1261
1470 1211
1470 1234
1470 1243
1470 1247
1470 1261
1470 1297
1471 1211
1471 1234
1471 1248
1471 1253
1471 1279
1471 1297
1473 1211
1473 1279
1473 1284
1480 1230
1480 1253
1480 1284
1482 1200
1482 1297
1483 1211
1483 1234
1483 1261
1483 1279
1483 1297
1488 1297
1487 1201
1487 1211
1487 1248
1487 1253
1487 1279
1487 1297
1489 1201
1489 1234
1489 1236
1489 1253
1489 1279
1489 1297
1492 1200
1492 1201
1492 1211
1492 1230
1492 1236
1492 1253
1492 1279
1492 1284
1492 1297
1495 1201
1496 1200
1496 1201
1496 1211
1496 1230
1496 1248
1496 1253
1496 1261
1496 1267
1496 1279
1496 1297
1497 1201
1497 1234
1497 1297
1500 1297
1501 1261
1506 1297
1502 1234
1510 1234
1520 1253
1521 1201
1521 1211
1521 1230
1521 1261
1521 1267
1521 1279
1522 1211
1522 1261
1522 1297
1525 1248
1525 1253
1525 1261
1525 1279
1526 1279
1538 1201
1538 1236
1538 1248
1538 1253
1538 1297
1537 1211
1537 1234
1537 1291
1542 1234
1552 1239
1552 1284
1552 1285
1552 1291
1552 1297
1549 1201
1549 1211
1549 1230
1549 1243
1549 1247
1549 1248
1549 1261
1549 1267
1549 1279
1549 1284
1549 1285
1549 1291
1549 1297
1555 1230
1555 1234
1555 1236
1555 1261
1555 1297
1565 1211
1568 1277
1582 1211
1582 1253
1582 1279
1583 1211
1583 1236
1587 1248
1585 1211
1585 1243
1585 1248
1585 1279
1585 1284
1585 1297
1589 1201
1589 1236
1589 1261
1594 1211
1594 1230
1594 1236
1594 1248
1594 1253
1594 1279
1594 1297
1596 1201
1603 1243
1571 1200
1571 1279
1571 1297
1604 1253
1605 1253
1608 1201
1608 1211
1608 1230
1608 1243
1608 1248
1608 1250
1608 1253
1608 1261
1608 1267
1608 1279
1608 1284
1608 1291
1608 1297
1609 1201
1610 1201
1610 1211
1610 1236
1610 1253
1610 1297
1612 1211
1613 1236
1614 1211
1614 1236
1614 1267
1614 1279
1615 1200
1615 1211
1615 1230
1615 1248
1615 1253
1615 1279
1615 1285
1615 1297
1619 1297
1621 1211
1622 1279
1622 1297
1628 1297
1630 1279
1639 1284
1644 1297
1661 1211
1661 1297
1647 1211
1647 1279
1674 1250
1674 1279
1675 1279
1676 1279
1677 1279
1678 1211
1697 1247
1700 1297
1711 1211
1705 1297
1707 1211
1707 1267
1707 1285
1707 1297
1709 1297
1717 1211
1717 1261
1717 1284
1717 1297
1720 1285
1688 1285
1729 1200
1730 1211
1733 1247
1734 1211
1744 1297
1749 1297
1754 1211
1756 1200
1756 1230
1756 1250
1756 1261
1756 1297
1766 1250
1766 1297
1767 1200
1769 1211
1769 1261
1769 1284
1772 1243
1772 1261
1772 1297
1792 1261
1792 1284
1811 1267
1811 1297
1808 1230
1808 1284
1808 1285
1812 1261
1813 1261
1814 1261
1814 1291
1820 1211
1820 1267
1820 1291
1820 1297
1822 1230
1835 1200
1835 1211
1836 1211
1836 1297
1838 1239
1838 1285
1849 1211
1848 1211
1857 1230
1872 1297
1885 1297
1886 1211
1888 1243
1891 1211
1891 1230
1891 1250
1896 1211
1896 1297
1899 1230
1899 1284
1918 1211
1918 1297
1919 1200
1919 1211
1919 1243
1919 1284
1921 1230
1922 1230
1922 1267
1922 1291
1962 1200
1962 1284
1966 1285
1965 1284
1965 1285
1967 1267
1967 1285
1972 1211
1972 1239
1972 1247
1972 1267
1972 1291
1972 1297
1975 1284
1976 1284
1976 1285
1977 1243
1977 1284
1978 1284
1982 1211
1982 1250
1982 1267
1990 1239
1991 1267
1991 1291
1997 1285
1997 1297
2009 1211
2009 1267
2014 1267
2053 1200
2062 1243
2062 1267
2062 1285
2062 1297
2063 1285
2065 1297
2069 1250
2072 1250
2072 1285
2072 1291
2072 1297
2085 1250
2093 1250
2099 1297
2102 1211
2102 1243
2102 1291
2109 1211
2114 1291
2115 1211
2115 1285
2118 1239
2118 1285
2133 1211
2133 1243
2133 1250
2133 1291
2133 1297
2135 1247
2135 1267
2135 1297
2138 1285
2160 1297
2169 1211
2171 1297
2172 1250
2176 1211
2186 1291
2193 1211
2193 1297
2215 1211
2234 1267
2230 1297
2231 1250
2229 1250
2229 1267
2233 1250
2236 1267
2236 1291
2237 1291
2237 1297
2240 1243
2240 1297
2255 1243
2255 1291
2256 1291
2256 1297
2258 1297
2274 1250
2274 1267
2286 1297
2290 1297
2297 1267
2297 1297
2298 1211
2314 1297
2322 1297
2323 1243
2323 1297
2326 1239
2326 1297
2328 1211
2328 1239
2328 1297
2332 1250
2342 1211
2343 1250
2272 1211
2272 1297
2357 1267
2365 1297
2371 1211
2371 1250
2371 1267
2371 1291
2371 1297
2375 1250
2381 1297
2382 1297
2398 1250
2411 1297
2416 1211
2416 1291
2435 1211
2435 1297
2462 1250
2472 1267
2473 1267
2473 1291
2476 1291
2482 1250
2485 1239
2485 1267
2485 1291
2497 1211
2507 1297
2510 1250
2510 1267
2510 1297
2541 1211
2541 1297
2542 1267
2542 1297
2549 1211
2551 1211
2567 1211
2559 1211
2559 1291
2559 1297
2560 1211
2560 1239
2560 1291
2560 1297
2565 1211
2565 1239
2565 1247
2565 1267
2565 1291
2565 1297
2576 1211
2576 1297
2594 1297
2595 1297
2474 1267
2474 1291
2605 1297
2612 1291
2612 1297
2618 1267
2623 1297
2646 1291
2647 1291
2651 1297
2653 1267
2653 1297
2655 1211
2657 1297
2674 1267
2674 1291
2674 1297
2700 1239
2700 1297
2686 1267
2686 1297
2688 1239
2688 1247
2688 1267
2688 1297
2704 1267
2660 1267
2689 1297
2690 1267
2691 1297
2693 1239
2696 1267
2697 1297
2727 1211
2747 1297
2768 1291
2774 1297
2778 1211
2789 1211
2790 1297
2791 1297
2796 1211
2815 1291
2822 1211
2822 1291
2654 1267
2654 1291
2654 1297
2838 1211
2838 1297
2845 1211
2859 1239
2866 1211
2871 1211
2871 1239
2871 1267
2871 1297
2872 1211
2872 1297
2883 1211
2900 1267
2900 1297
2904 1211
2919 1211
2923 1211
2923 1297
2925 1211
2932 1211
2932 1297
2933 1211
2939 1211
2938 1211
2940 1211
2941 1211
2936 1211
2947 1291
2958 1267
2964 1239
2964 1267
2967 1239
2967 1297
2972 1239
2972 1247
3006 1267
3006 1291
3010 1291
3010 1297
2707 1239
3017 1291
3020 1267
3024 1291
3024 1297
3026 1247
3026 1297
3031 1267
3031 1297
3032 1239
3032 1297
3034 1297
2713 1239
2713 1297
3039 1297
3053 1297
3055 1297
3062 1267
3084 1297
3088 1297
3095 1267
3108 1267
3110 1297
2003 1267
2003 1297
3180 1267
3188 1297
3189 1297
3191 1247
3197 1267
3199 1267
3209 1267
3225 1267
3226 1267
3227 1267
3228 1267
3252 1297
3258 1297
3275 1297
3301 1297
3309 1297
3315 1247
3340 1297
3343 1297
3352 1239
3352 1247
3352 1297
3306 1297
3378 1297
3392 1239
3392 1297
3394 1297
3404 1297
3439 1239
3449 1247
3453 1247
3454 1239
3457 1297
3461 1247
3481 1297
3482 1297
3483 1247
3478 1239
3478 1297
3518 1297
3523 1297
3525 1297
3527 1297
3541 1239
3508 1297
3560 1297
3562 1297
3568 1239
3569 1297
3528 1297
3611 1297
3614 1247
3614 1297
3615 1297
3624 1247
3625 1239
3630 1297
3642 1239
3645 1239
3658 1239
3666 1247
3682 1239
3714 1239
3723 1297
3724 1239
3724 1297
3722 1297
3733 1297
3571 1297
3725 1297
3726 1297
3727 1297
3728 1297
3729 1297
3735 1297
3730 1297
3731 1297
3798 1239
3814 1239
3949 1239
3985 1239
4036 1239
4036 1247
4041 1247
4042 1239
4077 1247
4078 1239
4065 1239
4073 1239
4119 1239
4120 1239
4076 1239
4123 1239
4124 1239
4128 1239
4138 1239
4155 1239
4169 1239
4276 1247
4353 1247
4441 1247
4550 1247
4829 1247
4967 1247
5020 1247
5079 1247
5110 1247
5176 1247
5184 1247
5189 1247
5243 1247
5250 1247
5384 1247
5391 1247
5431 1247
5432 1247
