6 4134
11 4103
11 4124
11 4162
11 4179
14 4179
20 4179
47 4189
53 4162
53 4183
53 4191
29 4103
27 4189
27 4191
87 4110
87 4124
87 4191
90 4191
103 4191
68 4111
68 4124
68 4162
68 4179
122 4117
122 4162
122 4191
127 4179
136 4191
173 4124
166 4191
259 4110
291 4179
306 4138
306 4162
319 4103
335 4191
356 4110
364 4110
371 4110
383 4110
395 4175
395 4179
427 4175
427 4179
432 4124
457 4124
457 4173
457 4191
546 4173
546 4191
546 4199
556 4124
600 4191
634 4175
643 4117
643 4179
657 4110
722 4103
727 4191
749 4124
759 4191
766 4103
766 4110
766 4124
766 4134
766 4138
766 4162
766 4175
766 4179
766 4189
766 4191
769 4110
784 4103
784 4179
789 4103
789 4124
789 4191
813 4124
813 4138
813 4162
813 4179
813 4181
820 4110
334 4179
825 4103
825 4110
825 4124
825 4173
825 4191
844 4110
842 4110
854 4175
854 4179
856 4103
856 4110
856 4191
879 4124
879 4162
879 4191
787 4103
946 4179
947 4181
974 4191
982 4191
996 4179
1024 4162
1032 4191
1041 4103
1041 4127
1051 4175
1051 4179
1055 4175
1055 4191
1075 4110
1075 4179
1097 4124
1111 4191
1127 4179
1132 4117
1133 4103
1133 4110
1133 4124
1133 4127
1133 4138
1133 4175
1133 4188
1133 4189
1133 4191
1133 4199
1137 4162
1142 4110
1151 4103
1151 4124
1151 4179
1151 4191
1166 4103
1166 4110
1166 4124
1166 4127
1166 4134
1166 4189
1166 4191
1167 4110
1196 4110
1204 4191
1211 4138
1247 4189
1253 4103
1286 4127
1305 4162
1305 4181
1305 4188
1305 4199
1319 4162
1360 4189
1374 4110
1374 4124
1374 4179
1374 4191
1383 4179
1384 4110
1384 4179
1385 4179
1395 4110
1395 4117
1428 4179
1468 4103
1470 4124
1470 4191
1473 4110
1492 4162
1496 4191
1498 4191
1500 4138
1500 4191
1522 4110
1522 4138
1522 4179
1542 4124
1542 4127
1542 4191
1549 4103
1549 4117
1549 4162
1549 4179
1549 4189
1549 4191
1550 4191
1585 4138
1585 4179
1592 4179
1594 4179
1608 4162
1612 4134
1613 4103
1621 4191
1661 4191
1647 4191
1701 4110
1700 4191
1688 4162
1688 4179
1730 4110
1730 4191
1730 4199
1748 4103
1748 4110
1748 4179
1748 4189
1748 4191
1748 4199
1767 4110
1767 4138
1767 4191
1800 4175
1808 4103
1808 4124
1808 4191
1814 4117
1835 4110
1838 4110
1847 4191
1922 4124
1946 4191
1972 4110
1972 4162
1972 4179
1984 4191
1986 4110
698 4110
2064 4191
2065 4138
2120 4179
2129 4138
2134 4191
2135 4124
2135 4179
2135 4191
2145 4191
2196 4179
2229 4191
2237 4103
2237 4124
2237 4191
2240 4183
2256 4110
2256 4111
2256 4173
2256 4179
2256 4181
2257 4191
2264 4124
2276 4110
2290 4110
2290 4191
2289 4124
2297 4103
2297 4124
2297 4162
2297 4179
2297 4191
2298 4199
2299 4138
2323 4103
2323 4179
2323 4191
2326 4110
2326 4117
2326 4124
2326 4138
2326 4162
2326 4173
2326 4179
2326 4181
2326 4183
2326 4188
2326 4189
2326 4191
2328 4134
2328 4162
2342 4191
2365 4110
2369 4124
2369 4191
2371 4124
2376 4191
2381 4110
2381 4191
2379 4110
2379 4162
2379 4179
2398 4191
2411 4110
2411 4124
2440 4191
2485 4124
2485 4162
2485 4175
2485 4179
2485 4181
2485 4191
2502 4110
2504 4191
2506 4124
2510 4124
2523 4175
2542 4138
2542 4175
2542 4191
2547 4124
2547 4199
2566 4138
2566 4191
2559 4110
2560 4138
2560 4189
2560 4191
2564 4191
2565 4103
2565 4110
2565 4117
2565 4124
2565 4127
2565 4134
2565 4138
2565 4162
2565 4179
2565 4189
2565 4191
2565 4199
2585 4191
2592 4191
2594 4124
2595 4162
2595 4179
2474 4124
2474 4191
2605 4191
2613 4191
2618 4191
2623 4124
2623 4138
2645 4191
2651 4103
2651 4110
2651 4111
2651 4162
2651 4179
2651 4181
2651 4191
2653 4124
2653 4162
2653 4179
2653 4183
2653 4191
2658 4124
2658 4127
2658 4138
2658 4191
2700 4103
2700 4110
2700 4111
2700 4138
2700 4162
2700 4173
2700 4179
2700 4191
2686 4175
2702 4127
2688 4103
2688 4110
2688 4124
2688 4162
2688 4173
2688 4175
2688 4179
2688 4191
2660 4110
2689 4138
2667 4175
2667 4191
2693 4134
2693 4179
2693 4191
2694 4191
2696 4124
2696 4191
2697 4124
2715 4179
2719 4162
2727 4162
2744 4175
2747 4191
2747 4199
2770 4110
2774 4110
2775 4191
2778 4173
2787 4162
2790 4124
2790 4191
2822 4124
2654 4110
2654 4111
2654 4117
2832 4191
2859 4103
2859 4110
2859 4111
2859 4162
2859 4171
2859 4173
2859 4179
2859 4183
2859 4191
2871 4103
2871 4110
2871 4127
2871 4138
2871 4162
2871 4173
2871 4179
2871 4181
2871 4183
2871 4189
2871 4191
2872 4103
2872 4110
2872 4117
2872 4162
2909 4124
2909 4191
2932 4191
2935 4124
2940 4134
2940 4162
2940 4173
2940 4179
2964 4110
2964 4162
2964 4179
2967 4103
2967 4110
2967 4117
2967 4124
2967 4138
2967 4162
2967 4179
2967 4181
2967 4191
2968 4124
2968 4173
2968 4179
2968 4191
2972 4103
2972 4124
2972 4162
2972 4173
2972 4175
2974 4110
2974 4173
2983 4127
2991 4179
2999 4191
3007 4191
2707 4110
2707 4117
2707 4124
2707 4179
2707 4189
3024 4173
3026 4124
3026 4162
3026 4181
3026 4183
3026 4189
3026 4191
3028 4124
3028 4138
3028 4189
3028 4191
3032 4138
3032 4179
3032 4191
3034 4124
2713 4138
2713 4162
2713 4171
2713 4173
2713 4179
2713 4181
2713 4191
2713 4199
3057 4110
3057 4124
3059 4124
2356 4179
3081 4191
3086 4191
3092 4124
3092 4191
2842 4138
2842 4173
2842 4179
2842 4191
3168 4103
3168 4110
3168 4179
3168 4191
3173 4191
3185 4124
3192 4124
3192 4173
3192 4179
3192 4189
3191 4191
3209 4124
3225 4103
3227 4191
3258 4183
3258 4191
3276 4110
3276 4138
3276 4162
3276 4181
3276 4191
3284 4171
3284 4173
3291 4162
3315 4191
3321 4110
3321 4124
3321 4191
3326 4162
3334 4191
3345 4175
3352 4110
3352 4124
3352 4138
3352 4162
3352 4179
3352 4181
3352 4191
3366 4124
3366 4127
3366 4175
3366 4199
3373 4162
3373 4179
3373 4191
3378 4162
3378 4179
3388 4179
3394 4124
3394 4189
3394 4191
3399 4181
3402 4124
3402 4199
3404 4138
3404 4175
3390 4124
3417 4181
3439 4110
3439 4124
3447 4124
3447 4127
3447 4189
3447 4191
3449 4103
3449 4124
3449 4127
3449 4175
3449 4189
3449 4191
3451 4103
3451 4110
3451 4162
3451 4179
3451 4191
3452 4111
3452 4124
3452 4175
3452 4179
3452 4191
3453 4103
3453 4124
3453 4191
3454 4103
3454 4111
3454 4124
3454 4138
3454 4162
3454 4179
3454 4188
3454 4191
3455 4124
3455 4189
3455 4191
3456 4124
3456 4138
3456 4191
3457 4124
3457 4199
3458 4162
3458 4179
3461 4110
3461 4191
3462 4124
3462 4189
3463 4199
3479 4138
3479 4191
3482 4191
3478 4138
3478 4179
3519 4191
3522 4124
3541 4110
3541 4162
3541 4179
3541 4191
3557 4199
3562 4124
3562 4191
3568 4103
3568 4110
3568 4124
3568 4138
3568 4162
3568 4171
3568 4173
3568 4179
3568 4189
3568 4191
3579 4181
3601 4138
3601 4191
3603 4189
3614 4110
3614 4124
3614 4162
3614 4191
3615 4111
3615 4124
3615 4179
3624 4110
3624 4162
3624 4191
3631 4103
3631 4117
3631 4173
3631 4179
3631 4181
3631 4199
3633 4110
3633 4162
3633 4173
3633 4181
3634 4191
3635 4138
3635 4191
3641 4110
3641 4124
3641 4162
3641 4171
3641 4173
3641 4179
3641 4191
3642 4134
3642 4175
3643 4191
3645 4110
3645 4162
3645 4179
3655 4103
3655 4110
3658 4191
3659 4188
3660 4110
3660 4124
3660 4138
3660 4181
3660 4191
3666 4110
3666 4124
3666 4179
3666 4191
3682 4110
3682 4162
3682 4173
3682 4181
3691 4124
3691 4191
3714 4162
3714 4179
3719 4191
3724 4110
3724 4138
3724 4162
3724 4179
3724 4181
3724 4183
3728 4110
3728 4175
3729 4191
3748 4124
3752 4179
3720 4183
3767 4110
3767 4173
3780 4110
3785 4179
3785 4189
3785 4199
3786 4127
3786 4173
3786 4191
3787 4103
3787 4124
3787 4191
3796 4124
3796 4127
3796 4191
3794 4189
3794 4191
3806 4138
3806 4191
3812 4117
3813 4138
3813 4162
3813 4179
3813 4191
3814 4103
3814 4110
3814 4162
3814 4173
3814 4181
3827 4110
3830 4191
3851 4138
3854 4124
3854 4191
3854 4199
3865 4138
3872 4162
3872 4179
3890 4110
3897 4199
3948 4110
3948 4117
3948 4138
3949 4162
3949 4179
3956 4124
3956 4138
3960 4191
3961 4103
3961 4110
3965 4191
3969 4138
3969 4191
3973 4138
3973 4162
3973 4179
3973 4181
3973 4191
3976 4110
3976 4124
3976 4127
3976 4189
3976 4191
3977 4191
4001 4127
4001 4191
4013 4138
4027 4162
4027 4179
4036 4138
4036 4162
4036 4175
4037 4138
4039 4110
4039 4162
4041 4124
4042 4162
4042 4179
2981 4124
2981 4162
4044 4191
4044 4199
4045 4103
4045 4124
4045 4175
4046 4103
4046 4189
4056 4110
4056 4162
4063 4191
4077 4191
4065 4162
4065 4179
4065 4181
4079 4179
4079 4181
4070 4127
4070 4175
4070 4189
4072 4191
4073 4124
4073 4181
4073 4189
4073 4191
4073 4199
4074 4138
4074 4191
4074 4199
4095 4110
4099 4110
4108 4110
4104 4110
4105 4110
4109 4110
4106 4110
4107 4110
4111 4173
4116 4117
4119 4110
4076 4103
4076 4138
4076 4179
4123 4179
4124 4138
4124 4191
4127 4191
4136 4138
4138 4191
4144 4138
4144 4175
4144 4179
4144 4191
4150 4191
4151 4124
4163 4162
4164 4162
4167 4168
4170 4171
4174 4179
4175 4179
4176 4179
4177 4179
4178 4179
4178 4191
4180 4181
3819 4181
4186 4191
4191 4138
4197 4199
4211 4191
4212 4103
4212 4124
4212 4191
4213 4191
4214 4138
4219 4103
4219 4124
4219 4189
4222 4199
4223 4138
4221 4134
4228 4138
4252 4124
4255 4138
4295 4189
4297 4191
4298 4189
4298 4191
4308 4191
4315 4189
4315 4191
4316 4191
4318 4191
4338 4191
4333 4191
4334 4191
4335 4191
4336 4191
4337 4191
4353 4127
4363 4191
4428 4124
4441 4124
4448 4127
4461 4199
4476 4191
4483 4110
4483 4191
4489 4191
4500 4199
4511 4103
4511 4110
4516 4199
4534 4191
4536 4191
4547 4189
4550 4191
4564 4191
4566 4110
4574 4103
4574 4191
4487 4191
4632 4103
4632 4124
4632 4175
4633 4103
4653 4127
4653 4191
4663 4191
4686 4191
4688 4103
4688 4189
4718 4175
4712 4175
4725 4103
4746 4124
4774 4103
4798 4103
4814 4189
4818 4124
4818 4191
4829 4124
4829 4127
4833 4124
4859 4124
4859 4191
4846 4189
4846 4191
4894 4191
4899 4124
4937 4124
4937 4191
4943 4124
4947 4124
4948 4124
4948 4191
4957 4189
4964 4124
4967 4124
4967 4127
4967 4134
4967 4175
4973 4124
4976 4191
4981 4191
4993 4124
4994 4191
4995 4191
4996 4191
5006 4124
5008 4191
5011 4191
5012 4124
5022 4134
5036 4124
5046 4124
5046 4191
5047 4124
5048 4124
5051 4175
5053 4175
5069 4127
5079 4134
5099 4191
5103 4134
5123 4175
5171 4191
5175 4191
5176 4127
5176 4191
4310 4127
4310 4175
4310 4191
5184 4191
5185 4134
5189 4175
5189 4191
5190 4191
5203 4191
5207 4191
5233 4127
5243 4127
5250 4191
5254 4191
5285 4191
5295 4191
5313 4191
5316 4191
5317 4191
5321 4191
5339 4191
5360 4191
5427 4191
5454 4191
5468 4191
5474 4191
5495 4191
5515 4191
5516 4191
5517 4191
5518 4191
5519 4191
5520 4191
5521 4191
5522 4191
5523 4191
5524 4134
5524 4191
5525 4191
5526 4191
5527 4191
5530 4191
5531 4134
5531 4175
5531 4191
5528 4191
5532 4191
5543 4134
5596 4134
5612 4134
5684 4175
5697 4134
5697 4175
5714 4175
5796 4134
5800 4134
5817 4134
5819 4175
5827 4175
5862 4175
5936 4175
5940 4175
6013 4175
4409 4175
6014 4175
6015 4175
6016 4175
6017 4175
6018 4175
6019 4175
6165 4134
6170 4134
6270 4134
6323 4134
6443 4134
6577 4134
6649 4134
6772 4134
6620 4134
6896 4134
6938 4134
6940 4134
6941 4134
5529 4134
