11 3903
11 3926
11 3937
11 3956
11 3958
11 3967
11 3970
24 3903
24 3910
37 3976
47 3946
72 3970
86 3970
71 3970
87 3912
87 3962
89 3921
89 3974
90 3958
68 3946
68 3949
68 3958
68 3980
109 3962
122 3903
122 3926
122 3958
122 3970
122 3976
113 3926
127 3976
136 3919
147 3970
151 3970
173 3910
173 3976
166 3946
203 3903
291 3976
306 3976
308 3976
310 3967
311 3969
311 3976
313 3946
319 3910
319 3958
346 3926
346 3971
351 3946
193 3971
366 3976
371 3967
371 3976
325 3967
457 3910
457 3911
457 3919
457 3922
457 3956
457 3958
457 3962
457 3976
465 3937
465 3939
465 3942
465 3967
546 3946
582 3956
600 3962
663 3910
663 3962
688 3967
689 3926
695 3976
722 3958
737 3919
697 3970
749 3970
763 3976
766 3910
766 3956
766 3958
766 3962
766 3969
766 3976
762 3976
788 3946
788 3971
788 3976
784 3976
813 3967
813 3976
816 3922
825 3908
825 3910
825 3926
825 3946
825 3969
825 3970
825 3976
841 3914
840 3962
854 3976
856 3962
852 3946
852 3976
879 3942
879 3956
879 3976
974 3946
974 3976
986 3970
988 3903
988 3926
988 3937
988 3970
993 3926
993 3970
996 3958
1041 3956
1044 3926
1055 3976
1062 3956
1074 3919
1097 3926
1133 3912
1133 3922
1133 3956
1133 3958
1133 3976
1151 3903
1151 3926
1151 3937
1151 3962
1151 3976
1166 3910
1166 3926
1166 3937
1166 3958
1166 3967
1166 3976
1167 3976
1185 3958
1200 3976
1210 3926
1210 3958
1210 3976
1221 3903
1221 3956
1241 3903
1267 3970
1279 3956
1297 3946
1305 3903
1305 3946
1305 3973
1319 3967
1353 3976
1374 3910
1374 3958
1374 3962
1374 3973
1374 3976
1395 3970
1428 3970
1470 3910
1473 3903
1473 3970
1506 3976
1522 3903
1522 3922
1522 3937
1522 3956
1522 3971
1522 3976
1537 3956
1542 3910
1542 3967
1542 3976
1549 3903
1549 3912
1549 3926
1549 3939
1549 3970
1550 3903
1550 3958
1560 3933
1608 3926
1608 3946
1644 3976
1661 3962
1647 3967
1697 3970
1700 3976
1717 3976
1730 3970
1730 3976
1733 3970
1748 3976
1749 3926
1749 3937
1754 3958
1767 3926
1767 3937
1767 3946
1772 3922
1772 3933
1772 3967
1772 3970
1772 3999
1751 3926
1751 3937
1799 3969
1799 3970
1808 3976
1813 3956
1813 3967
1820 3903
1847 3910
1875 3903
1891 3976
1922 3937
1922 3946
827 3946
1972 3903
1972 3970
1982 3919
1985 3956
1990 3919
1794 3970
2001 3910
2001 3976
2065 3970
2102 3912
2102 3976
2109 3926
2109 3946
2114 3970
2118 3939
2129 3903
2129 3958
2145 3903
2174 3903
2186 3969
2231 3976
2237 3903
2237 3956
2237 3958
2237 3970
2240 3962
2240 3976
2252 3946
2252 3970
2256 3973
2256 3980
2258 3970
2264 3926
2264 3937
2264 3942
2264 3958
2290 3903
2290 3946
2290 3970
2290 3973
2290 3980
2297 3926
2297 3946
2297 3976
2299 3903
2323 3926
2323 3937
2323 3942
2323 3946
2326 3903
2326 3921
2326 3926
2326 3933
2326 3937
2326 3967
2326 3970
2326 3976
2328 3903
2328 3926
2328 3970
2365 3958
2369 3910
2369 3976
2381 3976
2384 3976
2387 3910
2387 3958
2398 3903
2398 3926
2398 3937
2398 3970
2398 3976
2410 3962
2411 3967
2440 3962
2440 3976
2485 3903
2485 3970
2504 3903
2504 3926
2504 3956
2504 3971
2516 3976
2535 3976
2541 3946
2542 3903
2542 3926
2542 3946
2542 3976
2547 3976
2549 3937
2557 3958
2560 3926
2560 3937
2560 3949
2560 3967
2565 3903
2565 3910
2565 3926
2565 3937
2565 3946
2565 3956
2565 3958
2565 3962
2565 3967
2565 3969
2565 3976
2576 3956
2576 3958
2576 3962
2585 3976
2612 3958
2613 3976
2618 3974
2623 3914
2623 3921
2623 3933
2619 3962
2620 3919
2651 3903
2651 3910
2651 3911
2651 3914
2651 3926
2651 3933
2651 3956
2651 3958
2651 3967
2653 3903
2653 3939
2653 3970
2657 3914
2658 3956
2658 3958
2658 3962
2658 3969
2658 3976
2674 3903
2674 3946
2674 3970
2699 3910
2699 3946
2700 3903
2700 3926
2700 3970
2700 3971
2686 3903
2686 3922
2686 3926
2702 3976
2688 3903
2688 3910
2688 3919
2688 3922
2688 3926
2688 3933
2688 3937
2688 3956
2688 3958
2688 3970
2688 3973
2688 3976
2689 3946
2691 3976
2693 3910
2774 3976
2790 3914
2790 3921
2790 3946
2790 3958
2790 3967
2790 3970
2790 3980
2792 3976
2819 3903
2654 3922
2654 3926
2654 3973
2831 3958
2833 3969
2859 3903
2859 3914
2859 3921
2859 3922
2859 3933
2859 3937
2859 3942
2859 3946
2859 3973
2859 3976
2859 3980
2871 3903
2871 3926
2871 3937
2871 3946
2871 3949
2871 3967
2871 3970
2872 3903
2872 3926
2872 3937
2872 3946
2872 3967
2872 3970
2872 3973
2903 3956
2909 3910
2909 3976
2932 3969
2932 3976
2935 3958
2941 3970
2951 3976
2958 3903
2967 3903
2967 3912
2967 3956
2967 3958
2967 3976
2972 3903
2972 3910
2972 3919
2972 3926
2972 3946
2972 3956
2972 3958
2972 3967
2972 3973
3007 3903
3007 3914
3000 3919
3010 3903
3010 3937
2707 3970
2707 3973
3026 3903
3026 3910
3027 3922
3027 3976
3028 3903
3028 3914
3028 3922
3028 3956
3028 3974
3032 3910
3032 3926
3032 3937
3032 3946
3032 3958
2713 3903
2713 3926
2713 3937
2713 3946
2713 3970
2713 3971
2713 3973
2713 3980
3040 3970
3056 3958
3055 3903
3055 3937
3055 3942
3055 3967
3055 3971
3057 3969
2356 3903
2356 3926
2356 3937
3073 3969
3084 3903
3092 3910
2842 3908
2842 3937
2842 3939
2842 3970
3110 3903
2003 3926
3127 3903
3144 3926
3145 3958
3168 3926
3168 3937
3168 3946
3168 3956
3168 3958
3172 3903
3175 3903
3175 3926
3175 3937
3175 3967
3175 3970
3175 3973
3191 3910
3196 3926
3196 3937
3199 3926
3209 3976
3252 3903
3258 3903
3258 3967
3274 3956
3274 3962
3276 3912
3276 3967
3284 3939
3284 3942
3284 3946
3284 3970
3284 3973
3291 3970
3292 3956
3290 3926
3320 3946
3350 3903
3350 3956
3350 3958
3352 3903
3352 3910
3352 3921
3352 3926
3352 3937
3352 3958
3352 3967
3352 3970
3352 3976
3352 3999
3366 3937
3366 3976
3375 3903
3375 3974
3381 3969
3392 3910
3392 3967
3392 3970
3392 3980
3394 3903
3394 3914
3394 3922
3394 3926
3394 3942
3394 3958
3394 3974
3402 3910
3402 3946
3402 3956
3402 3958
3402 3962
3404 3903
3404 3910
3404 3922
3390 3910
3390 3958
3417 3910
3435 3999
3441 3946
3447 3910
3447 3911
3447 3958
3449 3910
3449 3958
3449 3976
3450 3956
3450 3958
3450 3976
3451 3912
3451 3956
3451 3958
3452 3910
3452 3958
3453 3910
3453 3911
3453 3956
3453 3958
3454 3912
3454 3922
3454 3926
3454 3937
3454 3956
3454 3958
3454 3976
3455 3911
3455 3958
3456 3910
3456 3958
3457 3946
3457 3970
3457 3973
3458 3903
3458 3976
3459 3910
3459 3976
3461 3956
3462 3956
3462 3958
3463 3958
3466 3969
3479 3958
3481 3914
3477 3937
3477 3946
3477 3967
3477 3970
3477 3971
3477 3973
3477 3980
3478 3958
3488 3967
2524 3946
3498 3910
3498 3969
3521 3969
3522 3910
3522 3976
3527 3903
3527 3926
3527 3933
3527 3937
3527 3946
3527 3967
3541 3903
3541 3922
3541 3926
3541 3933
3541 3937
3541 3942
3541 3967
3544 3937
3562 3970
3568 3910
3568 3946
3568 3949
3568 3970
3568 3973
3569 3926
3569 3937
3569 3946
3576 3970
3586 3962
3601 3958
3614 3910
3614 3921
3614 3958
3615 3903
3615 3910
3615 3926
3615 3933
3615 3937
3615 3946
3615 3956
3615 3967
3615 3969
3615 3970
3615 3980
3615 3999
3622 3903
3624 3999
3630 3946
3630 3973
3631 3910
3631 3914
3631 3937
3631 3946
3631 3967
3631 3973
3633 3926
3633 3933
3633 3946
3634 3976
3635 3926
3635 3933
3635 3937
3635 3967
3635 3970
3635 3980
3636 3926
3636 3937
3637 3910
3641 3946
3641 3962
3641 3969
3642 3919
3642 3922
3642 3937
3642 3969
3642 3976
3643 3946
3643 3956
3643 3967
3643 3970
3645 3970
3647 3903
3647 3926
3647 3937
3659 3912
3659 3914
3659 3922
3660 3967
3661 3903
3661 3926
3661 3937
3661 3967
3666 3910
3666 3942
3666 3946
3666 3958
3666 3976
3667 3971
3682 3926
3682 3933
3682 3937
3682 3942
3682 3946
3682 3967
3682 3970
3682 3980
3691 3969
3724 3914
3724 3926
3724 3933
3724 3937
3724 3946
3571 3926
3728 3946
3728 3976
3742 3976
3751 3946
3752 3962
3762 3912
3763 3933
3775 3970
3775 3974
3786 3910
3786 3946
3786 3958
3786 3967
3787 3910
3787 3958
3787 3976
3796 3976
3798 3969
3799 3903
3802 3922
3802 3926
3802 3937
3812 3967
3812 3976
3813 3962
3814 3967
3815 3922
3830 3911
3835 3970
3842 3926
3842 3937
3842 3946
3842 3970
3843 3958
3854 3958
3877 3976
3900 3903
3901 3903
3902 3903
3902 3956
3902 3958
3902 3976
3910 3976
3912 3937
3924 3949
3924 3967
3935 3937
3936 3937
3941 3942
3947 3946
3945 3946
3948 3946
3948 3970
3949 3967
3949 3970
3949 3980
3956 3958
3956 3971
3956 3976
3956 3980
3961 3970
3965 3969
3965 3976
3966 3967
3957 3970
3968 3970
3969 3910
3969 3970
3976 3958
3982 3910
4001 3976
4036 3958
4036 3969
4040 3910
4040 3976
2981 3910
4044 3976
4045 3919
4045 3956
4045 3958
4046 3958
4077 3910
4065 3956
4065 3958
4070 3958
4071 3910
4099 3910
4099 3958
4076 3912
4076 3976
4127 3976
4133 3956
4136 3976
4138 3958
4144 3976
4150 3976
4219 3956
4219 3958
4219 3976
4220 3976
4222 3922
4222 3962
4222 3976
4223 3976
4276 3910
4276 3958
4347 3962
4353 3910
4353 3976
4355 3910
4364 3958
4377 3958
4400 3976
4430 3958
4433 3956
4436 3958
4437 3958
4440 3956
4440 3958
4441 3956
4441 3958
4441 3976
4448 3910
4483 3962
4531 3956
4536 3922
4547 3956
4547 3958
4550 3910
4564 3956
4564 3976
4574 3919
4576 3919
4588 3958
4598 3956
4599 3956
4608 3958
4607 3958
4609 3958
4630 3976
4487 3976
4632 3910
4632 3958
4653 3910
4666 3958
4673 3919
4686 3976
4710 3910
4718 3910
4712 3910
4726 3910
4756 3958
4756 3976
4748 3910
4748 3976
4760 3911
4792 3962
4824 3958
4829 3910
4829 3962
4899 3910
4926 3962
4943 3962
4948 3910
4948 3976
4964 3910
4967 3910
4967 3919
4967 3958
4976 3976
4981 3962
5022 3919
5022 3922
5020 3910
5020 3919
5020 3976
5028 3962
5029 3910
5053 3969
5079 3919
5079 3976
5110 3910
5110 3976
4828 3976
5123 3910
5139 3976
5140 3910
5166 3962
5173 3962
5173 3969
4795 3922
5176 3958
5177 3919
5177 3976
5178 3919
4310 3919
4310 3976
5179 3919
5179 3958
5179 3969
5181 3919
5184 3910
5185 3919
5189 3910
5189 3958
5189 3962
5189 3976
5246 3910
5262 3922
5263 3922
5286 3910
5296 3910
5333 3910
5339 3976
4591 3910
5356 3910
5357 3910
5358 3910
5427 3976
5445 3969
5454 3958
5472 3962
5524 3919
5524 3962
5531 3919
5531 3969
5531 3976
5532 3976
5534 3976
5193 3919
5543 3962
5612 3958
5612 3962
5617 3976
5624 3922
5640 3976
5644 3976
5655 3976
5647 3976
5675 3958
5684 3976
5686 3962
5691 3922
5697 3919
5697 3976
5709 3919
5739 3919
5739 3976
5800 3962
5802 3919
5802 3962
5802 3969
5814 3919
5814 3962
5817 3976
5819 3922
5822 3919
5822 3962
5857 3976
5862 3976
5896 3922
5913 3976
5915 3976
5916 3976
4927 3976
5914 3976
5871 3976
5917 3976
5934 3919
5998 3962
6006 3962
6043 3962
6064 3919
6068 3962
6174 3962
6217 3919
6218 3962
6221 3962
6241 3962
6241 3969
6305 3919
6320 3969
6346 3919
6421 3919
6486 3919
6523 3962
6460 3962
6563 3962
6596 3962
6624 3962
6624 3969
6630 3919
6657 3962
6914 3962
6907 3962
6907 3969
6918 3962
6941 3969
6975 3962
6993 3962
7005 3962
7052 3962
7052 3969
7047 3962
7055 3969
7057 3962
7057 3969
7080 3962
7092 3962
7092 3969
7131 3962
7164 3962
7227 3962
7231 3962
7239 3969
7262 3969
7280 3962
7294 3962
7335 3962
7378 3962
7387 3962
7390 3962
7405 3962
7443 3962
7449 3962
7578 3962
7598 3962
7614 3962
7659 3962
7691 3962
7697 3962
7727 3962
7733 3962
7744 3962
7768 3962
7769 3962
7808 3962
7882 3962
7910 3962
7915 3962
7916 3962
