11 5026
11 5037
11 5055
11 5073
11 5092
24 5026
24 5037
24 5055
36 5022
44 5055
53 5079
58 5079
72 5022
72 5061
72 5079
86 5028
71 5058
71 5079
87 5020
87 5022
87 5028
87 5055
87 5072
99 5022
99 5055
104 5022
68 5002
68 5022
68 5061
68 5079
68 5096
109 5002
109 5022
109 5028
109 5079
109 5096
110 5079
113 5002
113 5022
113 5072
126 5022
155 5079
173 5026
173 5028
173 5037
173 5055
166 5002
255 5073
265 5083
310 5072
311 5020
311 5022
319 5002
319 5020
319 5026
319 5072
319 5073
319 5075
335 5083
395 5028
425 5079
432 5073
412 5055
457 5002
457 5012
457 5020
457 5022
457 5037
457 5045
457 5055
457 5058
457 5061
457 5072
457 5092
634 5002
663 5092
722 5022
737 5002
737 5012
737 5028
737 5037
737 5064
737 5096
742 5002
742 5073
759 5072
763 5037
763 5073
766 5002
766 5022
766 5026
766 5033
766 5037
766 5055
766 5058
766 5061
766 5072
766 5073
766 5075
766 5079
766 5092
766 5096
789 5022
789 5026
789 5055
789 5058
789 5072
789 5073
789 5083
789 5092
791 5079
805 5022
813 5026
813 5092
825 5020
840 5002
856 5002
856 5083
852 5079
909 5079
948 5083
982 5073
988 5022
993 5064
996 5022
996 5079
1024 5055
1037 5022
1037 5079
1041 5022
1044 5055
1051 5022
1055 5002
1055 5022
1063 5037
1074 5002
1074 5037
1098 5002
1098 5020
1098 5079
1127 5037
1127 5055
1133 5020
1133 5022
1133 5026
1133 5043
1133 5044
1133 5045
1133 5055
1133 5058
1133 5061
1133 5073
1133 5083
1133 5092
1137 5026
1151 5028
1151 5061
1166 5002
1166 5012
1166 5020
1166 5022
1166 5079
1166 5083
1193 5002
1200 5022
1200 5073
1204 5026
1204 5045
1210 5073
1215 5079
1286 5002
1285 5020
1358 5028
1374 5002
1374 5012
1374 5020
1374 5022
1374 5028
1374 5072
1374 5079
1374 5083
1374 5092
1381 5026
1385 5012
1385 5022
1428 5002
1470 5055
1471 5012
1471 5022
1471 5079
1496 5055
1542 5002
1542 5061
1542 5072
1542 5079
1542 5092
1549 5020
1549 5061
1549 5073
1566 5026
1592 5055
1608 5083
1612 5012
1614 5022
1639 5072
1639 5083
1661 5022
1661 5092
1658 5055
1667 5020
1667 5022
1667 5064
1667 5079
1701 5028
1701 5079
1700 5092
1717 5022
1734 5002
1795 5073
1795 5083
1795 5092
1811 5028
1879 5002
1891 5083
1915 5083
1922 5026
1922 5055
1922 5073
1922 5083
1922 5092
1982 5002
1982 5037
1990 5037
2001 5022
2009 5028
2010 5020
2010 5079
2118 5092
2120 5072
2120 5079
2135 5002
2145 5020
2145 5058
2145 5079
2145 5092
2223 5022
2225 5022
2237 5061
2237 5092
2240 5079
2257 5072
2258 5072
2297 5055
2297 5061
2323 5079
2326 5083
2326 5092
2369 5020
2369 5022
2369 5037
2369 5055
2369 5079
2369 5083
2381 5020
2381 5079
2384 5022
2384 5061
2384 5079
2387 5061
2410 5079
2444 5022
2452 5079
2456 5028
2485 5002
2485 5020
2485 5022
2485 5026
2485 5028
2485 5061
2485 5096
2504 5079
2504 5092
2506 5055
2508 5083
2516 5037
2535 5020
2547 5072
2547 5073
2549 5022
2549 5079
2560 5096
2565 5002
2565 5012
2565 5020
2565 5022
2565 5026
2565 5028
2565 5037
2565 5055
2565 5058
2565 5073
2565 5079
2565 5092
2565 5096
2474 5055
2623 5002
2623 5083
2619 5079
2651 5079
2651 5092
2653 5026
2655 5079
2658 5020
2658 5022
2658 5026
2658 5028
2658 5044
2658 5045
2658 5058
2658 5083
2658 5092
2658 5096
2674 5002
2708 5083
2699 5092
2702 5044
2702 5055
2702 5092
2688 5026
2688 5055
2688 5061
2688 5072
2688 5073
2688 5092
2704 5072
2660 5020
2689 5055
2689 5092
2693 5026
2696 5026
2737 5073
2744 5020
2760 5002
2760 5083
2774 5079
2831 5079
2851 5022
2851 5037
2871 5022
2871 5026
2871 5055
2871 5073
2875 5020
2883 5020
2935 5055
2935 5058
2935 5083
2935 5092
2940 5020
2940 5079
2941 5058
2967 5026
2967 5055
2967 5058
2967 5073
2967 5083
2967 5092
2968 5072
2968 5073
2972 5026
2972 5055
2972 5061
2972 5073
2972 5092
2983 5022
2983 5058
2988 5058
2988 5092
3009 5072
3010 5022
3010 5072
2707 5055
2707 5073
3026 5026
3026 5055
3027 5079
3028 5043
3028 5083
3032 5020
3032 5022
3056 5045
3057 5055
3059 5026
3084 5079
3086 5026
3088 5064
2003 5022
3150 5043
3175 5026
3192 5026
3191 5073
3209 5026
3209 5058
3209 5072
3258 5022
3274 5022
3274 5028
3274 5079
3276 5026
3292 5002
3321 5073
3345 5037
3352 5083
3352 5092
3366 5020
3378 5022
3380 5002
3381 5002
3381 5012
3381 5022
3381 5028
3392 5092
3402 5026
3402 5033
3402 5083
3402 5092
3390 5072
3417 5026
3443 5022
3443 5079
3447 5002
3447 5020
3447 5043
3447 5044
3447 5055
3447 5058
3447 5061
3447 5079
3449 5020
3449 5026
3449 5044
3449 5055
3449 5058
3449 5061
3449 5072
3449 5073
3449 5083
3449 5092
3452 5020
3452 5055
3452 5061
3452 5083
3452 5092
3453 5020
3453 5022
3453 5026
3453 5028
3453 5033
3453 5044
3453 5055
3453 5058
3453 5061
3453 5072
3453 5073
3453 5079
3453 5092
3454 5026
3454 5055
3455 5026
3455 5055
3455 5073
3455 5083
3455 5092
3456 5002
3456 5020
3456 5026
3456 5028
3456 5033
3456 5055
3456 5079
3456 5092
3457 5026
3457 5044
3457 5073
3457 5092
3458 5002
3458 5055
3458 5073
3458 5083
3459 5061
3460 5073
3460 5083
3461 5075
3466 5020
3466 5073
3472 5083
3498 5022
3498 5061
3498 5072
3522 5020
3522 5073
3527 5012
3542 5058
3587 5022
3586 5020
3586 5022
3586 5037
3586 5079
3607 5022
3614 5022
3614 5026
3614 5044
3614 5055
3614 5072
3614 5073
3614 5079
3614 5083
3614 5092
3631 5022
3631 5055
3631 5072
3634 5002
3634 5022
3634 5028
3639 5055
3641 5022
3641 5033
3641 5037
3641 5073
3641 5079
3642 5002
3642 5012
3642 5020
3642 5022
3642 5037
3642 5061
3642 5072
3642 5079
3655 5055
3660 5092
3691 5020
3571 5028
3728 5020
3728 5083
3748 5026
3786 5002
3786 5020
3786 5072
3787 5002
3787 5022
3787 5028
3787 5055
3787 5083
3792 5083
3796 5020
3796 5026
3796 5055
3796 5058
3796 5061
3796 5072
3796 5073
3796 5083
3796 5092
3794 5026
3794 5072
3806 5072
3813 5079
3830 5073
3835 5020
3843 5043
3843 5058
3854 5026
3854 5055
3854 5061
3854 5072
3910 5020
3910 5022
3910 5079
3916 5020
3916 5079
3956 5022
3960 5072
3965 5022
3965 5079
3969 5012
3969 5026
3969 5058
3976 5002
3976 5020
3976 5045
3976 5075
3976 5083
3982 5079
3985 5002
4036 5022
4036 5028
4036 5037
4036 5061
4036 5072
4036 5083
4040 5020
4040 5064
2981 5022
2981 5073
4044 5058
4045 5002
4045 5026
4045 5055
4045 5061
4045 5072
4045 5073
4045 5092
4046 5012
4046 5083
4056 5055
4065 5026
4065 5037
4070 5020
4070 5026
4070 5055
4070 5061
4070 5083
4073 5061
4099 5022
4099 5028
4099 5033
4099 5058
4099 5083
4110 5055
4076 5072
4124 5022
4127 5055
4127 5058
4140 5064
4144 5020
4145 5061
4151 5055
4162 5037
4162 5055
4191 5002
4192 5012
3995 5061
4211 5055
4211 5073
4211 5083
4211 5092
4219 5022
4219 5026
4219 5073
4219 5092
4222 5083
4224 5022
4221 5002
4261 5026
4261 5055
4266 5061
4275 5026
4276 5072
4297 5002
4315 5033
4338 5045
4335 5028
4335 5033
4335 5037
4335 5079
4342 5073
4342 5092
4347 5064
4353 5020
4355 5020
4364 5045
4364 5083
4428 5092
4441 5002
4441 5022
4441 5028
4441 5055
4441 5073
4441 5092
4442 5073
4442 5092
4447 5002
4456 5028
4468 5020
4476 5064
4483 5002
4483 5055
4483 5058
4483 5079
4488 5037
4509 5073
4509 5092
4527 5044
4527 5083
4536 5022
4536 5037
4536 5043
4536 5044
4536 5045
4536 5055
4536 5058
4536 5072
4536 5073
4547 5044
4547 5055
4547 5058
4547 5083
4550 5037
4550 5072
4557 5072
4563 5092
4564 5002
4574 5079
4592 5026
4598 5002
4598 5028
4598 5072
4598 5096
4632 5002
4632 5012
4632 5020
4632 5022
4632 5079
4632 5083
4632 5092
4652 5020
4653 5020
4662 5083
4673 5083
4673 5092
4681 5055
4686 5020
4686 5083
4686 5092
4688 5026
4709 5037
4709 5055
4715 5020
4718 5026
4718 5033
4712 5002
4712 5028
4725 5073
4725 5075
4725 5092
4739 5028
4751 5083
4756 5058
4756 5083
4756 5092
4760 5055
4764 5022
4781 5028
4792 5020
4792 5022
4792 5028
4792 5079
4813 5037
4818 5022
4818 5058
4824 5020
4824 5072
4824 5079
4829 5002
4829 5079
4829 5083
4829 5092
4859 5026
4859 5055
4846 5092
4894 5083
4898 5044
4899 5055
4899 5061
4899 5072
4899 5073
4899 5092
4924 5079
4929 5083
4937 5026
4937 5055
4943 5092
4947 5026
4947 5055
4947 5058
4947 5073
4948 5020
4948 5026
4948 5028
4948 5055
4948 5072
4948 5092
4948 5096
4963 5092
4964 5055
4964 5073
4964 5092
4966 5002
4966 5072
4966 5083
4967 5002
4967 5020
4967 5026
4967 5037
4967 5055
4967 5058
4967 5061
4967 5072
4967 5073
4967 5083
4967 5092
4974 5055
4980 5020
4981 5002
4981 5037
4981 5073
4981 5079
4982 5058
4982 5083
4982 5092
4988 5026
4988 5092
5002 5037
5002 5061
5006 5083
5008 5073
5008 5083
5009 5026
5010 5079
5017 5012
5017 5020
5022 5020
5022 5037
5019 5022
5020 5022
5020 5073
5020 5075
5024 5026
5028 5022
5028 5079
5037 5055
5039 5073
5043 5092
5051 5055
5052 5055
5053 5022
5053 5028
5053 5055
5053 5079
5054 5055
5057 5058
5069 5002
5068 5096
5072 5073
5079 5002
5079 5020
5079 5037
5079 5061
5080 5096
5081 5083
5084 5083
5085 5083
5086 5092
5087 5092
5088 5092
5089 5092
5090 5092
5091 5092
5096 5072
5106 5022
5102 5012
5102 5022
5102 5028
5102 5079
5103 5002
5103 5022
5103 5028
5103 5064
5103 5079
4828 5020
5118 5020
5123 5020
5050 5020
5166 5079
5166 5096
5172 5020
5172 5028
5172 5079
5173 5012
4795 5012
4795 5079
4795 5096
5176 5020
5176 5072
5177 5002
5177 5079
5178 5096
4310 5002
4310 5020
4310 5028
4310 5061
4310 5072
4310 5096
5179 5002
5179 5012
5179 5020
5179 5022
5179 5072
5179 5079
5180 5061
5184 5020
5185 5002
5185 5020
5185 5022
5185 5037
5187 5061
5188 5002
5188 5037
5188 5061
5188 5072
5189 5022
5189 5079
5189 5096
5191 5020
5194 5072
5196 5079
5201 5079
5203 5020
5217 5020
5226 5079
5262 5020
5276 5079
5295 5079
5317 5020
5320 5028
5342 5096
5264 5061
5360 5072
5404 5020
5404 5072
5419 5072
5439 5002
5445 5022
5445 5061
5445 5079
5452 5037
5472 5022
5472 5028
5484 5020
5485 5022
5487 5079
5524 5002
5524 5012
5524 5020
5524 5022
5524 5028
5524 5037
5524 5079
5524 5096
5531 5002
5531 5012
5528 5020
5536 5020
5543 5061
5543 5079
5543 5096
5549 5020
5553 5037
5553 5072
5553 5096
5565 5020
5569 5020
5582 5002
5582 5037
5605 5028
5605 5037
5606 5061
5606 5072
5612 5002
5612 5022
5617 5020
5617 5022
5626 5072
5651 5061
5655 5002
5655 5012
5675 5072
5684 5072
5691 5020
5691 5061
5696 5002
5697 5002
5697 5022
5697 5037
5697 5072
5697 5079
5702 5028
5714 5072
5738 5022
5741 5020
5751 5072
5752 5072
5753 5072
5775 5012
5775 5079
5772 5020
5773 5002
5773 5079
5783 5061
5785 5061
5796 5002
5796 5022
5796 5028
5796 5037
5800 5002
5800 5012
5800 5022
5800 5096
5802 5002
5802 5012
5802 5022
5802 5028
5802 5037
5802 5079
5802 5096
5806 5022
5810 5022
5810 5037
5811 5012
5812 5022
5814 5002
5814 5020
5814 5028
5814 5037
5814 5064
5814 5079
5814 5096
5816 5012
5816 5079
5817 5002
5817 5020
5819 5037
5822 5002
5822 5079
5827 5037
5857 5022
5857 5028
5070 5096
5871 5079
5932 5002
5934 5037
5952 5079
5998 5002
5998 5022
5999 5079
6000 5022
6006 5020
6006 5022
6006 5079
6020 5079
6032 5002
6082 5002
6082 5079
6097 5079
6127 5028
6133 5037
6151 5022
6170 5037
6174 5022
6174 5079
6218 5022
6218 5079
6220 5012
6229 5012
6241 5002
6243 5002
6243 5079
6270 5012
6272 5020
6272 5079
6280 5028
6299 5020
6305 5002
6305 5022
6305 5037
6305 5079
6320 5079
6346 5002
6359 5002
6359 5037
6359 5079
6360 5012
6327 5002
6327 5012
6398 5002
6414 5022
6422 5020
6443 5002
6443 5020
6443 5022
6458 5028
6483 5002
6486 5002
6487 5037
6491 5002
6494 5002
6494 5022
6494 5028
6494 5079
6501 5079
6502 5022
6510 5002
6510 5020
6510 5022
6518 5002
6523 5079
6460 5020
6460 5079
6550 5079
6555 5002
6555 5079
5273 5079
6560 5079
6563 5002
6563 5079
6552 5002
6552 5022
6552 5079
6595 5020
6596 5002
6596 5028
6596 5064
6596 5079
6596 5096
6598 5002
6612 5012
6618 5002
6618 5012
6618 5022
6619 5002
6619 5012
6619 5020
6615 5012
6616 5012
6624 5002
6624 5028
6627 5028
6626 5002
6665 5028
6665 5037
6676 5079
6702 5079
6706 5002
6714 5002
6714 5028
6727 5002
6728 5002
6611 5020
6752 5037
6753 5037
4401 5022
6772 5020
6774 5079
6784 5002
6784 5028
6784 5079
6848 5020
6855 5079
6859 5022
6620 5012
6885 5079
6900 5022
6914 5012
6914 5022
6906 5012
6907 5002
6907 5022
6907 5028
6907 5064
6907 5079
2415 5012
6934 5012
6941 5012
6941 5022
6941 5028
5529 5022
5529 5079
6943 5020
6945 5012
6951 5079
6976 5002
6976 5079
6991 5012
6993 5079
7021 5079
7021 5096
7026 5096
7029 5079
7052 5002
7052 5022
7052 5028
7054 5002
7047 5022
7047 5079
7047 5096
7055 5002
7055 5022
7055 5028
7055 5079
7055 5096
7056 5064
7049 5096
7057 5002
7057 5022
7057 5079
7080 5002
7080 5012
7080 5022
6946 5002
6946 5028
7086 5022
7086 5096
7090 5002
7092 5002
7092 5022
7092 5079
5015 5002
7100 5012
7104 5002
7132 5002
7153 5022
7164 5012
7225 5022
7225 5079
7231 5028
7231 5079
7236 5002
7236 5079
7237 5064
7241 5028
7280 5079
7280 5096
7298 5079
7171 5079
7294 5002
7294 5079
7335 5002
7352 5079
7378 5022
7378 5079
7386 5022
7391 5022
7400 5022
7400 5079
7405 5028
7405 5096
7409 5002
7393 5002
7449 5079
4532 5096
7490 5002
7490 5028
7546 5028
7564 5002
7564 5028
7415 5079
7570 5096
7578 5020
7578 5022
7578 5079
7578 5096
7580 5002
7588 5079
7598 5028
7614 5002
7614 5028
7614 5079
7623 5028
7625 5028
7626 5028
7601 5002
7675 5020
7675 5096
7677 5022
7679 5022
7679 5079
7682 5020
7727 5022
7733 5022
7733 5064
7733 5079
7744 5022
7744 5079
7755 5064
7755 5079
7771 5079
7772 5064
7774 5022
7775 5096
7790 5022
7791 5079
7808 5079
7808 5096
7818 5022
7818 5079
7818 5096
6709 5064
7837 5079
7842 5079
7843 5079
7844 5079
7845 5079
7848 5079
7865 5022
7865 5096
7882 5096
7900 5064
7903 5022
7907 5022
7945 5022
7948 5096
7964 5020
7964 5022
7964 5096
7974 5096
7975 5096
7976 5096
7980 5022
8053 5022
8061 5022
8066 5022
8085 5022
8091 5022
8092 5022
8093 5022
8094 5022
8095 5022
8096 5022
8162 5064
8189 5064
8199 5064
