24 6566
29 6503
72 6566
87 6553
99 6560
99 6592
103 6589
68 6505
68 6599
109 6505
109 6511
109 6523
109 6528
109 6529
109 6552
109 6555
109 6567
109 6576
109 6596
113 6555
136 6505
136 6560
166 6523
166 6560
310 6505
311 6595
319 6505
319 6570
336 6595
406 6555
425 6599
457 6503
457 6505
457 6528
457 6529
457 6552
457 6554
457 6560
457 6571
457 6576
457 6589
457 6594
457 6595
545 6560
546 6523
546 6553
546 6576
546 6590
600 6560
600 6566
643 6589
737 6523
737 6560
737 6566
737 6567
737 6576
737 6595
737 6596
737 6599
766 6501
766 6505
766 6528
766 6554
766 6555
766 6566
766 6570
766 6576
766 6589
766 6594
766 6595
789 6505
789 6553
791 6566
825 6590
825 6592
865 6566
996 6566
996 6599
1042 6560
1042 6595
1055 6523
1055 6566
1055 6599
1064 6589
1074 6501
1074 6505
1074 6528
1074 6529
1074 6554
1074 6560
1074 6570
1074 6592
1074 6595
1074 6599
1098 6555
1098 6560
1098 6568
1132 6560
1151 6523
1151 6528
1151 6552
1151 6555
1151 6560
1151 6589
1151 6594
1166 6503
1166 6505
1166 6523
1166 6560
1166 6570
1166 6589
1166 6599
1193 6560
1210 6560
1215 6523
1374 6523
1374 6555
1374 6560
1470 6552
1496 6553
1507 6576
1539 6560
1542 6505
1542 6528
1542 6555
1542 6570
1542 6576
1542 6589
1542 6594
1542 6595
1548 6555
1612 6555
1612 6560
1644 6599
1667 6566
1691 6555
1717 6599
1734 6553
1762 6560
1783 6553
1796 6505
1796 6552
1796 6560
1799 6555
1799 6595
1814 6566
1847 6552
1847 6566
1865 6560
1951 6505
1972 6501
1972 6552
1972 6589
1972 6594
1990 6501
1990 6552
1990 6570
1990 6599
2010 6523
2010 6560
2065 6566
2145 6554
2226 6523
2240 6567
2240 6576
2249 6503
2249 6599
2258 6571
2258 6595
2264 6554
2264 6594
2297 6566
2328 6576
2369 6523
2369 6566
2369 6571
2369 6576
2369 6596
2452 6555
2456 6570
2456 6576
2456 6589
2485 6523
2485 6560
2493 6505
2504 6560
2516 6532
2516 6589
2547 6566
2560 6523
2560 6560
2565 6503
2565 6523
2565 6555
2565 6560
2565 6596
2576 6523
2576 6552
2605 6501
2605 6552
2623 6523
2623 6555
2620 6555
2620 6560
2646 6599
2655 6543
2658 6523
2658 6555
2658 6596
2674 6501
2674 6599
2677 6555
2688 6501
2688 6505
2688 6529
2688 6560
2688 6576
2688 6589
2688 6595
2688 6599
2660 6553
2660 6594
2693 6566
2693 6595
2855 6552
2855 6594
2909 6594
2940 6505
2940 6595
2972 6501
2972 6503
2972 6505
2972 6511
2972 6528
2972 6543
2972 6554
2972 6555
2972 6560
2972 6566
2972 6570
2972 6576
2972 6589
2972 6594
2972 6596
3000 6599
3015 6594
3024 6599
3027 6554
3027 6576
3028 6529
3032 6501
3032 6566
3032 6599
3056 6595
3084 6560
3090 6530
3274 6560
3297 6596
3310 6523
3310 6560
3345 6528
3345 6570
3348 6511
3348 6571
3381 6501
3381 6566
3381 6594
3381 6595
3381 6599
3404 6555
3439 6501
3447 6501
3447 6505
3447 6555
3447 6576
3449 6576
3453 6505
3453 6528
3453 6553
3453 6554
3453 6567
3453 6571
3456 6523
3456 6560
3456 6595
3457 6505
3457 6529
3457 6543
3459 6576
3462 6501
3522 6553
3527 6560
3585 6505
3586 6501
3586 6505
3586 6555
3641 6560
3642 6501
3642 6503
3642 6505
3642 6523
3642 6528
3642 6552
3642 6553
3642 6554
3642 6560
3642 6566
3642 6570
3642 6571
3642 6576
3642 6589
3642 6590
3642 6592
3642 6594
3642 6595
3642 6599
3709 6595
3770 6503
3770 6560
3786 6567
3787 6560
3806 6566
3835 6532
3916 6555
3956 6505
3956 6570
3958 6554
3960 6560
3965 6552
3965 6566
3985 6553
4036 6566
2981 6555
4045 6501
4045 6505
4045 6528
4045 6552
4045 6553
4045 6554
4045 6566
4045 6570
4045 6576
4045 6589
4045 6594
4046 6523
4046 6560
4046 6596
4065 6528
4065 6560
4073 6505
4073 6553
4073 6570
4099 6505
4099 6566
4099 6596
4151 6523
3995 6576
4212 6571
4314 6594
4338 6566
4343 6594
4364 6553
4437 6523
4441 6505
4441 6523
4441 6528
4441 6554
4441 6555
4441 6570
4441 6576
4468 6529
4476 6596
4483 6505
4483 6555
4483 6596
4488 6571
4536 6596
4550 6523
4587 6566
4598 6523
4598 6599
4604 6532
4604 6560
4632 6523
4632 6555
4632 6589
4632 6595
4632 6599
4653 6505
4661 6555
4673 6501
4673 6505
4673 6528
4673 6529
4673 6552
4673 6554
4673 6567
4673 6570
4673 6571
4673 6576
4673 6589
4673 6590
4673 6594
4673 6595
4673 6599
4687 6599
4717 6553
4717 6555
4717 6560
4717 6576
4712 6501
4712 6560
4712 6566
4725 6503
4756 6560
4748 6571
4748 6590
4748 6594
4748 6599
4764 6560
4792 6560
4814 6503
4813 6505
4813 6576
4813 6589
4829 6560
4832 6503
4833 6595
4894 6529
4894 6592
4899 6554
4915 6503
4948 6555
4960 6505
4967 6501
4967 6505
4967 6523
4967 6528
4967 6552
4967 6554
4967 6560
4967 6570
4967 6589
4967 6594
4967 6595
4967 6599
4976 6505
4981 6555
4981 6560
5002 6501
5002 6552
5002 6555
5002 6594
5022 6501
5022 6511
5022 6523
5022 6528
5022 6552
5022 6553
5022 6554
5022 6555
5022 6566
5022 6571
5022 6576
5022 6594
5022 6595
5022 6599
5079 6505
5079 6523
5079 6552
5079 6555
5079 6560
5079 6566
5079 6576
5079 6594
5102 6552
5103 6501
5103 6503
5103 6523
5103 6554
5103 6555
5103 6566
5103 6599
4828 6503
4828 6532
4828 6555
4828 6567
5121 6599
5123 6566
5125 6528
5125 6555
5140 6505
5140 6528
5140 6552
5140 6554
5140 6566
5140 6570
5140 6576
5140 6589
5140 6594
5140 6599
5166 6555
5171 6576
5173 6523
5173 6555
5173 6560
5177 6505
5177 6523
5177 6528
5177 6560
5177 6576
4310 6505
4310 6523
4310 6555
4310 6566
4310 6567
4310 6570
4310 6576
5179 6523
5179 6560
5179 6599
5181 6566
5185 6501
5185 6505
5185 6560
5185 6595
5188 6501
5188 6503
5188 6528
5188 6552
5188 6554
5188 6555
5188 6560
5188 6566
5188 6570
5188 6576
5188 6589
5188 6594
5189 6523
5189 6553
5189 6555
5189 6560
5189 6566
5189 6594
5196 6505
5199 6560
5199 6599
5246 6596
5246 6599
5254 6566
5262 6553
5262 6570
5295 6599
5301 6503
5301 6505
5301 6599
5360 6567
5391 6523
5423 6530
5423 6570
5439 6530
5439 6560
5439 6567
5445 6555
5445 6560
5455 6576
5479 6560
5524 6501
5524 6503
5524 6505
5524 6523
5524 6528
5524 6552
5524 6554
5524 6555
5524 6560
5524 6566
5524 6570
5524 6576
5524 6589
5524 6594
5531 6501
5531 6503
5531 6505
5531 6528
5531 6552
5531 6553
5531 6560
5531 6566
5531 6567
5531 6576
5531 6589
5531 6594
5531 6599
5532 6566
5193 6505
5193 6553
5193 6595
5543 6555
5543 6570
5543 6589
5543 6594
5582 6505
5582 6528
5582 6554
5582 6566
5582 6570
5582 6576
5584 6576
5591 6566
5596 6543
5612 6528
5612 6553
5612 6560
5616 6560
5617 6595
5630 6505
5655 6505
5655 6523
5655 6530
5655 6555
5655 6567
5655 6590
5666 6560
5691 6571
5692 6560
5696 6599
5697 6501
5697 6505
5697 6511
5697 6523
5697 6528
5697 6532
5697 6552
5697 6554
5697 6560
5697 6570
5697 6576
5697 6595
5709 6529
5709 6566
5731 6528
5739 6554
5753 6528
5753 6554
5768 6576
5768 6599
5772 6560
5773 6555
5773 6560
5796 6501
5796 6505
5796 6528
5796 6552
5796 6555
5796 6560
5796 6566
5796 6567
5796 6570
5796 6576
5796 6599
5797 6501
5800 6523
5800 6555
5800 6560
5800 6595
5802 6501
5802 6503
5802 6505
5802 6511
5802 6523
5802 6528
5802 6530
5802 6553
5802 6554
5802 6555
5802 6560
5802 6570
5802 6576
5802 6589
5802 6590
5802 6592
5802 6594
5805 6501
5807 6552
5811 6511
5811 6523
5811 6530
5811 6554
5811 6560
5811 6566
5812 6560
5814 6560
5816 6505
5816 6528
5816 6553
5816 6554
5816 6566
5816 6570
5816 6576
5816 6599
5817 6503
5817 6523
5817 6596
5818 6576
5818 6599
5819 6505
5819 6511
5819 6589
5820 6523
5820 6596
5821 6505
5821 6590
5821 6594
5822 6503
5822 6505
5822 6552
5824 6555
5824 6560
5839 6501
5839 6505
5839 6523
5857 6501
5857 6552
5857 6560
5857 6566
5857 6570
5857 6576
5857 6594
5862 6501
5872 6523
4767 6566
5908 6595
5915 6523
5915 6555
5915 6560
5915 6596
5916 6599
5871 6523
5871 6576
5932 6523
5932 6560
5932 6566
5932 6599
5980 6532
5980 6553
5980 6595
5998 6505
5998 6552
5998 6554
5998 6570
5998 6595
5999 6553
6006 6505
6006 6576
6023 6511
6023 6528
6032 6529
6032 6555
6043 6523
6043 6560
6082 6553
6082 6571
6093 6505
6001 6596
6146 6571
6165 6554
6170 6552
6170 6596
6170 6599
6198 6560
6217 6552
6217 6566
6217 6594
6217 6599
6218 6555
6218 6594
6223 6554
6223 6570
6229 6566
6241 6505
6241 6555
6243 6501
6248 6554
6248 6570
6270 6503
6270 6505
6270 6560
6270 6596
6271 6505
6271 6571
6272 6501
6272 6523
6272 6554
6280 6503
6299 6505
6299 6523
6299 6555
6299 6596
6305 6503
6305 6505
6305 6511
6305 6523
6305 6528
6305 6529
6305 6532
6305 6543
6305 6552
6305 6553
6305 6560
6305 6566
6305 6589
6305 6590
6305 6594
6305 6595
6305 6599
6314 6501
6320 6505
6320 6530
6323 6505
6323 6528
6323 6555
6325 6595
6346 6554
6346 6560
6359 6501
6359 6503
6359 6555
6359 6560
6360 6560
6327 6501
6327 6503
6327 6560
6327 6595
6394 6529
6394 6571
6398 6555
6414 6560
6414 6567
6414 6571
6422 6560
6421 6523
6443 6523
6443 6560
6447 6501
6447 6554
6447 6594
6462 6511
6471 6511
6479 6552
6479 6566
6479 6595
6483 6560
6483 6595
6483 6599
6486 6503
6486 6555
6486 6560
6488 6560
6494 6523
6494 6555
6494 6596
6500 6566
6501 6599
6503 6554
6504 6505
6510 6511
6510 6523
6510 6560
6510 6566
6510 6599
6522 6560
6523 6555
6527 6528
6460 6529
6460 6553
6460 6554
6460 6555
6460 6560
6460 6567
6460 6596
6537 6567
6537 6599
6545 6595
6550 6553
6555 6523
6555 6554
6555 6560
6555 6566
6560 6523
6560 6596
6565 6566
6123 6568
6574 6576
6575 6576
6552 6523
6552 6594
6595 6594
6596 6503
6596 6523
6596 6555
6596 6560
6598 6599
6605 6501
6619 6555
6619 6596
6615 6503
6615 6523
6615 6555
6615 6560
6616 6560
6624 6555
6624 6560
6627 6503
6627 6595
6626 6595
6665 6503
6666 6595
6702 6555
6714 6503
6714 6523
6714 6560
6755 6503
6772 6555
6772 6596
6781 6523
6790 6555
6620 6523
6620 6560
6865 6560
6880 6560
6881 6560
6883 6523
6885 6560
6900 6560
6913 6555
6914 6503
6914 6555
6914 6560
6906 6503
6907 6503
6907 6523
6907 6555
6907 6560
2415 6560
6916 6503
6918 6560
6924 6555
6934 6503
6934 6560
6941 6555
6941 6560
5529 6560
6945 6560
6951 6555
6951 6560
6968 6523
6969 6523
6316 6555
6976 6503
6984 6555
6993 6555
6993 6560
6993 6596
7023 6560
7052 6555
7045 6523
7047 6523
7047 6555
7047 6560
7055 6523
7056 6523
7056 6560
7049 6555
7057 6555
7057 6560
7057 6596
7063 6555
7080 6555
7080 6560
7086 6523
7092 6523
7092 6560
7099 6560
7120 6560
7131 6555
7132 6555
6994 6560
7188 6596
7225 6555
7225 6596
7227 6555
7231 6523
7231 6560
7266 6555
7279 6555
7280 6555
7280 6560
7301 6523
7317 6503
7317 6596
7294 6523
7294 6555
7327 6503
7281 6503
7335 6503
7335 6555
7365 6596
7378 6523
7390 6555
7391 6523
7490 6560
7544 6555
7150 6555
7598 6555
7614 6523
7614 6555
7614 6560
7618 6523
7666 6555
7679 6555
7682 6560
7687 6560
7715 6523
7716 6523
7719 6523
6367 6523
7717 6523
7733 6555
7744 6555
7755 6560
7766 6555
7779 6560
7780 6560
7781 6560
7782 6560
7783 6560
7792 6555
7829 6555
7849 6555
7852 6555
7850 6555
7851 6555
6638 6555
