6 6330
44 6306
86 6327
71 6327
87 6337
103 6327
68 6306
109 6306
109 6328
109 6330
109 6344
109 6376
136 6330
166 6305
166 6330
265 6328
311 6306
311 6330
319 6347
371 6388
425 6323
425 6337
457 6302
457 6305
457 6306
457 6323
457 6327
457 6328
457 6334
457 6337
457 6347
457 6376
457 6388
580 6328
600 6330
633 6330
643 6305
645 6306
695 6306
737 6305
737 6320
737 6323
737 6388
749 6347
766 6327
766 6337
766 6347
788 6302
788 6306
788 6334
788 6360
789 6337
816 6306
825 6327
825 6337
825 6360
856 6347
865 6328
865 6388
879 6323
996 6306
1004 6302
1004 6306
1004 6334
1041 6311
1055 6306
1055 6328
1055 6347
1074 6327
1074 6347
1075 6388
1098 6305
1098 6306
1098 6323
1098 6327
1098 6330
1098 6334
1132 6306
1133 6334
1151 6327
1151 6328
1151 6337
1166 6305
1166 6306
1166 6327
1166 6330
1166 6334
1166 6337
1166 6388
1200 6306
1210 6305
1210 6330
1210 6334
1210 6337
1356 6388
1374 6320
1374 6330
1374 6347
1381 6347
1401 6347
1470 6306
1470 6327
1470 6328
1470 6334
1470 6337
1522 6327
1542 6328
1603 6334
1612 6347
1622 6327
1661 6323
1667 6302
1667 6306
1717 6306
1717 6337
1720 6327
1733 6337
1733 6347
1737 6340
1748 6320
1762 6347
1762 6388
1796 6305
1796 6327
1800 6334
1811 6328
1879 6305
1896 6327
1915 6306
1915 6328
1982 6305
1982 6327
1982 6388
2010 6320
2120 6321
2120 6388
2135 6337
2145 6330
2172 6328
2226 6330
2240 6327
2240 6337
2256 6302
2256 6306
2256 6328
2256 6334
2256 6337
2256 6388
2258 6328
2258 6330
2297 6337
2328 6327
2328 6347
2369 6306
2369 6327
2369 6328
2381 6330
2485 6327
2485 6347
2506 6306
2506 6347
2547 6337
2560 6320
2560 6330
2564 6328
2564 6337
2565 6305
2565 6320
2565 6327
2565 6330
2565 6347
2565 6388
2576 6320
2474 6347
2623 6306
2623 6311
2620 6305
2620 6388
2655 6337
2677 6327
2677 6330
2686 6337
2686 6360
2688 6302
2688 6306
2688 6334
2688 6337
2667 6327
2667 6328
2667 6334
2667 6337
2667 6360
2667 6388
2693 6330
2693 6347
2774 6347
2790 6330
2790 6388
2851 6337
2855 6330
2940 6306
2967 6306
2972 6311
2972 6330
2985 6347
3010 6347
3028 6302
3028 6306
3028 6311
3028 6321
3028 6340
3028 6376
3032 6334
3032 6337
3032 6347
3032 6388
3059 6347
3092 6306
3238 6327
3274 6305
3348 6330
3348 6334
3366 6306
3381 6305
3381 6306
3381 6328
3381 6334
3381 6347
3404 6307
3447 6305
3447 6306
3447 6327
3447 6330
3447 6337
3447 6360
3449 6306
3449 6328
3449 6337
3453 6323
3453 6347
3456 6328
3456 6337
3458 6337
3460 6347
3498 6328
3521 6328
3522 6306
3522 6327
3569 6347
3587 6328
3587 6388
3586 6311
3586 6327
3586 6344
3607 6327
3614 6327
3634 6337
3641 6347
3642 6305
3642 6306
3642 6323
3642 6327
3642 6328
3642 6330
3642 6334
3642 6337
3642 6340
3642 6344
3642 6347
3642 6388
3662 6330
3662 6334
3665 6330
3691 6305
3571 6327
3728 6347
3751 6337
3764 6330
3786 6311
3786 6337
3787 6305
3787 6306
3787 6320
3787 6328
3787 6347
3787 6388
3792 6305
3792 6337
3792 6347
3794 6347
3812 6337
3956 6337
3965 6306
3965 6344
3982 6337
4041 6306
4041 6337
4045 6327
4045 6337
4046 6320
4055 6347
4063 6305
4065 6323
4073 6327
4073 6360
4073 6388
4099 6306
4144 6323
4144 6328
4151 6306
4191 6323
4291 6306
4347 6330
4353 6328
4425 6334
4437 6305
4437 6330
4441 6328
4441 6334
4441 6337
4455 6327
4483 6360
4488 6376
4489 6334
4550 6305
4550 6330
4574 6305
4574 6337
4598 6327
4632 6305
4632 6306
4632 6327
4632 6328
4673 6327
4673 6328
4673 6334
4673 6337
4673 6340
4673 6388
4712 6306
4712 6328
4712 6330
4712 6334
4712 6337
4746 6311
4748 6334
4788 6388
4818 6306
4829 6388
4894 6302
4894 6321
4894 6340
4899 6327
4899 6328
4948 6320
4967 6327
4967 6328
4967 6330
4967 6337
5002 6327
5022 6305
5022 6327
5022 6330
5022 6334
5022 6337
5022 6347
5022 6388
5020 6311
5020 6327
5020 6334
5028 6334
5053 6337
5061 6360
5079 6306
5079 6320
5079 6323
5079 6328
5079 6337
5079 6347
5079 6360
5079 6388
5089 6328
5102 6330
5103 6306
5103 6320
5103 6327
5110 6337
5110 6388
4828 6305
4828 6327
4828 6330
4828 6337
4828 6347
4828 6388
5123 6306
5123 6323
5123 6337
5125 6306
5050 6337
5166 6330
5171 6327
5173 6323
5173 6327
4795 6302
4795 6328
4795 6337
5177 6306
4310 6327
4310 6328
4310 6337
5179 6305
5179 6306
5179 6327
5179 6328
5179 6330
5179 6334
5179 6337
5179 6388
5185 6305
5185 6306
5185 6323
5185 6327
5185 6328
5185 6347
5185 6388
5188 6305
5188 6306
5188 6327
5188 6328
5188 6330
5189 6302
5189 6305
5189 6306
5189 6327
5189 6330
5189 6334
5189 6337
5189 6360
5207 6302
5262 6306
5332 6328
5404 6388
5423 6306
5423 6328
5423 6334
5423 6337
5423 6388
5439 6327
5439 6330
5439 6388
5446 6320
5452 6388
5457 6302
5457 6388
5524 6305
5524 6306
5524 6320
5524 6327
5524 6328
5524 6330
5524 6337
5524 6347
5524 6388
5531 6305
5531 6306
5531 6327
5531 6330
5531 6347
5531 6388
5532 6302
5193 6347
5540 6330
5543 6305
5543 6306
5543 6328
5543 6330
5543 6337
5553 6306
5582 6327
5582 6328
5582 6334
5582 6347
5591 6306
5591 6334
5591 6388
5604 6305
5612 6328
5612 6337
5630 6306
5644 6306
5655 6302
5655 6327
5655 6340
5658 6334
5684 6306
5684 6328
5692 6327
5696 6306
5697 6302
5697 6305
5697 6306
5697 6311
5697 6323
5697 6327
5697 6328
5697 6330
5697 6334
5697 6337
5697 6347
5714 6328
5714 6337
5739 6328
5775 6347
5773 6327
5773 6330
5773 6388
5776 6306
5796 6327
5796 6347
5796 6388
5798 6337
5799 6327
5799 6388
5800 6305
5800 6307
5800 6327
5800 6330
5800 6347
5800 6388
5802 6306
5802 6320
5802 6323
5802 6327
5802 6330
5802 6334
5802 6360
5802 6388
5806 6302
5806 6306
5806 6327
5807 6327
5809 6306
5809 6328
5810 6311
5810 6328
5810 6337
5811 6305
5811 6330
5811 6388
5812 6328
5812 6330
5814 6327
5814 6340
5816 6306
5816 6330
5817 6305
5817 6327
5817 6330
5817 6337
5818 6306
5818 6327
5818 6337
5818 6347
5818 6388
5822 6347
5824 6323
5827 6327
5857 6305
5857 6327
5921 6327
5921 6330
5932 6330
5934 6340
5984 6323
5998 6327
6006 6320
6006 6323
6006 6327
6006 6334
4409 6306
6024 6337
6023 6327
6032 6327
6032 6328
6032 6347
6068 6334
6097 6323
6001 6327
6134 6306
6146 6337
6156 6328
6170 6311
6204 6330
6217 6327
6217 6388
6218 6327
6221 6306
6223 6306
6223 6388
6229 6330
6239 6306
6248 6337
6270 6305
6270 6327
6270 6328
6272 6305
6299 6305
6299 6306
6299 6330
6299 6334
6299 6337
6301 6302
6304 6306
6305 6306
6305 6311
6305 6323
6305 6327
6305 6330
6305 6347
6305 6388
6312 6334
6320 6321
6320 6388
6323 6327
6334 6330
6330 6334
6331 6334
6332 6334
6333 6334
6339 6328
6339 6340
6359 6327
6359 6347
6359 6388
6360 6327
6360 6337
6360 6388
6298 6328
6366 6328
6377 6347
6377 6388
6327 6323
6327 6347
6327 6388
6387 6388
5965 6337
6389 6337
6416 6327
6421 6388
6443 6320
6443 6388
6458 6330
6461 6327
6462 6327
6486 6323
6486 6327
6488 6327
6489 6330
6494 6305
6494 6320
6494 6330
6510 6347
6510 6388
6518 6327
6522 6323
6522 6347
6522 6388
6523 6305
6523 6330
6526 6323
6538 6388
6560 6327
6563 6305
6563 6327
6592 6323
6552 6327
6596 6320
6608 6323
6612 6305
6612 6330
6618 6305
6618 6320
6618 6327
6619 6305
6619 6327
6619 6330
6613 6305
6614 6305
6615 6305
6615 6327
6615 6330
6615 6347
6615 6388
6616 6305
6616 6330
6617 6305
6627 6330
6609 6327
6611 6327
6736 6347
6726 6323
6726 6347
6766 6347
6772 6327
6772 6388
6783 6323
6790 6323
6790 6330
6815 6388
6818 6347
6819 6347
5269 6347
6829 6330
6846 6388
6848 6327
6852 6388
6620 6327
6864 6327
6880 6327
6883 6327
6885 6307
6900 6330
6913 6327
6913 6330
6914 6320
6906 6327
6907 6320
6916 6330
6941 6327
5529 6327
5529 6330
6954 6330
6316 6327
6316 6330
6974 6330
6984 6330
6985 6330
7045 6320
7053 6307
7047 6320
7056 6320
7057 6320
7030 6327
7038 6327
7080 6320
7092 6327
7100 6327
7117 6327
7120 6320
7153 6327
7154 6327
7155 6327
7156 6327
7157 6327
7160 6327
7158 6327
7159 6327
7225 6320
7301 6320
7350 6320
7614 6320
7666 6320
7701 6320
8045 6307
8243 6307
