6 1701
6 1716
6 1718
6 1752
6 1758
6 1768
6 1774
6 1783
6 1787
6 1788
6 1798
9 1717
11 1700
11 1701
11 1706
11 1707
11 1714
11 1716
11 1717
11 1718
11 1726
11 1729
11 1730
11 1732
11 1746
11 1747
11 1749
11 1752
11 1757
11 1758
11 1768
11 1769
11 1771
11 1772
11 1774
11 1780
11 1783
11 1787
11 1788
11 1791
11 1798
14 1717
15 1717
20 1730
20 1758
20 1774
20 1783
20 1787
21 1707
21 1717
21 1726
24 1705
24 1717
24 1723
24 1729
24 1734
24 1754
24 1769
24 1772
24 1781
33 1717
36 1701
36 1707
36 1726
36 1769
36 1783
42 1717
42 1783
44 1717
46 1758
47 1717
47 1723
47 1726
47 1787
53 1744
29 1772
59 1781
60 1717
60 1726
66 1717
66 1729
72 1717
72 1718
83 1749
86 1718
87 1717
87 1718
103 1706
68 1706
68 1792
109 1718
109 1758
110 1700
122 1723
122 1729
122 1777
122 1792
113 1701
113 1717
127 1744
128 1705
128 1714
128 1730
128 1780
128 1787
138 1718
138 1726
147 1705
147 1729
147 1730
147 1754
154 1718
161 1718
161 1754
163 1726
171 1726
171 1746
171 1768
171 1771
172 1717
172 1734
172 1754
172 1757
172 1792
173 1701
173 1707
173 1714
173 1717
173 1726
173 1730
173 1732
173 1746
173 1747
173 1752
173 1758
173 1772
173 1774
173 1783
173 1787
173 1788
173 1791
173 1798
177 1718
178 1733
178 1799
180 1701
180 1754
182 1718
182 1754
166 1705
203 1717
204 1718
204 1787
215 1700
215 1726
215 1732
215 1746
215 1747
215 1758
215 1768
215 1771
215 1774
215 1783
215 1788
215 1791
215 1798
224 1793
230 1701
237 1798
254 1718
256 1701
259 1717
266 1723
266 1726
269 1717
269 1726
275 1717
275 1734
275 1792
280 1718
280 1723
282 1718
296 1718
290 1706
290 1717
290 1726
290 1734
290 1754
290 1757
290 1774
290 1788
304 1717
304 1757
306 1700
306 1701
306 1714
306 1732
310 1717
310 1718
310 1723
310 1726
310 1746
310 1749
310 1754
310 1757
310 1774
311 1700
311 1714
311 1717
311 1729
311 1734
311 1752
311 1754
311 1758
311 1769
311 1772
311 1774
311 1787
312 1700
312 1701
312 1726
313 1772
315 1718
316 1717
317 1726
317 1774
317 1783
319 1723
319 1799
324 1757
335 1729
339 1717
341 1771
346 1744
346 1777
371 1706
371 1726
400 1723
403 1705
403 1744
403 1746
404 1744
404 1746
407 1718
407 1723
407 1752
407 1758
407 1787
423 1747
425 1730
425 1777
432 1706
432 1717
432 1723
432 1746
432 1769
457 1705
457 1717
457 1726
457 1729
457 1733
457 1734
457 1752
457 1754
457 1757
457 1758
457 1768
457 1772
457 1774
457 1783
457 1788
457 1791
457 1798
457 1799
493 1718
546 1717
546 1734
546 1772
556 1717
556 1729
572 1717
580 1733
600 1717
634 1707
634 1717
634 1723
634 1744
634 1757
634 1774
646 1734
646 1754
646 1781
643 1718
643 1758
650 1734
664 1718
663 1754
663 1769
667 1729
665 1729
686 1717
689 1787
695 1717
695 1718
695 1732
704 1757
704 1787
706 1718
706 1772
707 1701
707 1718
707 1726
707 1774
710 1705
710 1718
710 1734
710 1754
710 1768
710 1774
712 1774
722 1705
722 1717
722 1718
722 1733
722 1734
722 1744
722 1754
722 1777
722 1783
697 1700
697 1757
749 1744
759 1717
763 1717
763 1718
764 1700
764 1734
764 1754
764 1772
766 1705
766 1706
766 1717
766 1723
766 1733
766 1734
766 1754
766 1769
766 1772
766 1774
766 1777
766 1781
766 1799
768 1717
769 1717
769 1718
769 1726
769 1787
771 1701
771 1726
788 1700
784 1706
784 1707
784 1729
784 1749
784 1752
784 1758
784 1769
784 1792
784 1793
789 1749
789 1774
789 1780
789 1787
789 1799
795 1717
795 1718
798 1729
804 1732
804 1744
804 1746
805 1783
810 1716
810 1718
810 1758
810 1793
813 1705
813 1717
813 1723
813 1726
813 1730
813 1734
813 1744
813 1746
813 1754
334 1774
826 1705
826 1717
826 1718
826 1723
826 1732
826 1734
826 1749
826 1754
826 1757
826 1768
826 1772
826 1774
826 1781
826 1792
825 1706
825 1754
825 1769
836 1705
836 1723
836 1734
836 1754
838 1717
838 1718
838 1732
838 1746
838 1747
838 1752
841 1723
844 1717
844 1723
844 1726
842 1706
842 1726
854 1770
853 1726
859 1700
865 1717
870 1746
870 1768
879 1744
469 1717
904 1700
904 1716
904 1717
904 1718
904 1732
904 1746
904 1747
904 1749
904 1752
904 1757
904 1758
904 1768
904 1771
904 1774
904 1783
904 1787
904 1788
904 1791
904 1798
907 1734
915 1717
918 1717
918 1793
935 1717
935 1723
935 1726
935 1770
937 1723
937 1754
937 1781
941 1700
941 1701
941 1754
941 1768
941 1774
944 1752
948 1714
948 1726
954 1717
954 1718
960 1781
961 1701
971 1752
971 1758
971 1774
971 1780
975 1714
978 1718
982 1730
986 1730
986 1734
986 1758
988 1700
988 1706
988 1734
988 1744
988 1754
988 1769
988 1777
988 1781
988 1792
993 1700
993 1707
993 1717
993 1726
993 1730
993 1749
993 1758
993 1768
993 1772
993 1774
993 1787
993 1788
994 1706
996 1705
996 1723
996 1729
996 1734
996 1749
996 1783
996 1792
998 1717
1000 1734
1000 1754
1000 1781
1006 1718
1006 1747
1006 1774
1006 1783
1006 1787
1006 1788
1006 1793
1006 1798
1023 1700
1029 1758
1029 1768
1029 1774
1029 1780
1029 1783
1029 1787
1029 1788
1029 1791
1029 1798
1034 1718
1037 1734
1037 1744
1037 1758
1037 1783
1041 1758
1042 1744
1043 1717
1043 1734
1050 1714
1050 1726
1050 1758
1050 1793
1052 1781
1055 1700
1055 1744
1055 1752
1055 1758
1055 1768
1055 1774
1062 1700
1062 1705
1062 1706
1062 1714
1062 1723
1062 1734
1062 1754
1062 1772
1063 1799
872 1730
872 1780
1075 1717
1083 1783
1089 1717
1097 1700
1098 1700
1098 1714
1098 1730
1098 1734
1098 1754
1098 1772
1098 1781
1098 1783
1111 1717
1114 1718
1114 1752
1114 1770
1114 1787
1124 1772
1125 1772
1125 1783
1128 1799
1127 1701
1127 1706
1127 1734
1127 1754
1127 1758
1129 1774
1132 1729
1133 1718
1133 1729
1133 1733
1133 1752
1133 1772
1133 1780
1133 1791
1133 1799
1135 1700
1135 1717
1135 1752
1135 1758
1135 1774
1135 1781
1135 1792
1137 1700
1137 1706
1137 1723
1137 1734
1137 1754
1137 1772
1137 1781
1151 1700
1151 1705
1151 1707
1151 1714
1151 1717
1151 1723
1151 1730
1151 1732
1151 1733
1151 1746
1151 1747
1151 1749
1151 1752
1151 1754
1151 1757
1151 1758
1151 1768
1151 1769
1151 1770
1151 1772
1151 1774
1151 1781
1151 1783
1151 1788
1151 1791
922 1718
922 1768
922 1772
922 1774
922 1787
1164 1707
1166 1705
1166 1717
1166 1734
1166 1744
1166 1747
1166 1749
1166 1754
1166 1757
1166 1772
1166 1781
1166 1783
1166 1787
1166 1791
1166 1799
1167 1718
1167 1730
1167 1754
1167 1774
1167 1780
1167 1793
1185 1717
1185 1718
1185 1752
1185 1758
1185 1780
1193 1798
1200 1723
1200 1754
1200 1781
1200 1792
1201 1718
1201 1726
1201 1780
1202 1700
1202 1701
1202 1717
1202 1752
1202 1758
1202 1793
1210 1707
1210 1717
1210 1730
1210 1744
1210 1749
1210 1754
1210 1758
1210 1772
1210 1777
1210 1783
1210 1787
1210 1792
1211 1701
1211 1705
1211 1772
1211 1780
1211 1787
1211 1798
1215 1734
1215 1754
1221 1754
1221 1774
1230 1700
1230 1701
1230 1774
1236 1701
1236 1734
1236 1754
1236 1783
1243 1718
1241 1758
1247 1754
1247 1757
1253 1718
1253 1729
1253 1752
1253 1787
1253 1788
1267 1700
1267 1707
1267 1717
1267 1791
1278 1772
1278 1774
1279 1716
1279 1726
1279 1732
1279 1768
1279 1774
1279 1780
1279 1787
1281 1707
1281 1772
1286 1706
1284 1723
1284 1726
1285 1723
1285 1726
1297 1705
1305 1723
1305 1734
1305 1754
1305 1769
1305 1777
1305 1781
1305 1792
1306 1726
1319 1700
1319 1706
1319 1714
1319 1729
1319 1734
1319 1754
1319 1758
1319 1768
1319 1772
1319 1774
1319 1793
1335 1716
1335 1726
1335 1732
1335 1770
1335 1772
1335 1798
1350 1700
1350 1701
1350 1717
1350 1718
1350 1726
1350 1732
1350 1757
1350 1758
1350 1768
1350 1774
1350 1783
1350 1788
1350 1791
1350 1793
1350 1798
1352 1714
1352 1717
1352 1726
1352 1746
1352 1747
1352 1752
1352 1757
1352 1758
1352 1770
1352 1774
1352 1780
1352 1783
1352 1787
1352 1791
1353 1783
1356 1718
1356 1732
1356 1780
1362 1701
1357 1701
1357 1726
1357 1734
1357 1747
1357 1758
1357 1774
1357 1792
1375 1793
1374 1705
1374 1717
1374 1730
1374 1733
1374 1746
1374 1749
1374 1757
1374 1772
1374 1774
1374 1788
1374 1792
1374 1799
1382 1777
1377 1774
1377 1783
1378 1723
1378 1726
1380 1705
1380 1754
1380 1772
1380 1774
1380 1787
1380 1792
1381 1705
1381 1780
1386 1717
1386 1772
1386 1774
1386 1791
1394 1758
1390 1705
1395 1700
1395 1701
1395 1705
1395 1714
1395 1723
1395 1729
1395 1730
1395 1734
1395 1754
1395 1781
1395 1792
1395 1798
1407 1772
1420 1752
1420 1780
1424 1792
1428 1701
1428 1714
1428 1717
1428 1726
1428 1734
1428 1746
1428 1747
1428 1752
1428 1754
1428 1757
1428 1758
1428 1772
1428 1774
1428 1781
1428 1787
1428 1788
1428 1791
1428 1793
1428 1798
1184 1705
1184 1718
1441 1752
1441 1757
1441 1768
1441 1780
1441 1783
1441 1787
1442 1774
1442 1780
1442 1787
1462 1701
1462 1717
1465 1798
1466 1701
1466 1718
1470 1700
1470 1701
1470 1744
1470 1774
1470 1799
1471 1701
1471 1726
1471 1752
1471 1758
1471 1768
1473 1730
1473 1747
1473 1754
1473 1780
1473 1783
1473 1793
1480 1700
1480 1717
1480 1758
1480 1772
1480 1780
1480 1788
1480 1791
1480 1798
1482 1701
1483 1716
1483 1717
1483 1726
1483 1758
1483 1768
1483 1774
1483 1791
1483 1798
1487 1701
1487 1707
1487 1718
1487 1726
1487 1732
1487 1746
1487 1747
1487 1752
1487 1757
1489 1700
1489 1701
1489 1768
1489 1772
1492 1700
1492 1701
1492 1726
1492 1734
1492 1747
1492 1754
1492 1772
1492 1774
1492 1783
1495 1734
1496 1700
1496 1701
1496 1718
1496 1726
1496 1734
1496 1754
1496 1772
1496 1774
1496 1780
1496 1783
1496 1791
1496 1798
1499 1774
1500 1717
1500 1718
1501 1772
1501 1787
1501 1788
1501 1793
1506 1717
1505 1717
1521 1700
1521 1706
1521 1714
1521 1744
1521 1746
1521 1747
1521 1768
1521 1772
1521 1780
1521 1787
1521 1791
1522 1700
1522 1754
1522 1758
1522 1777
1522 1780
1522 1791
1525 1717
1525 1780
1525 1788
1525 1791
1525 1793
1525 1798
1538 1700
1538 1701
1538 1726
1538 1732
1538 1734
1538 1746
1538 1747
1538 1752
1538 1768
1538 1774
1537 1729
1537 1734
1537 1754
1542 1700
1542 1783
1542 1798
1542 1799
1552 1700
1552 1707
1552 1717
1552 1734
1552 1783
1552 1788
1553 1758
1553 1780
1553 1788
1549 1700
1549 1701
1549 1705
1549 1706
1549 1714
1549 1716
1549 1717
1549 1723
1549 1726
1549 1729
1549 1730
1549 1732
1549 1733
1549 1734
1549 1744
1549 1746
1549 1747
1549 1749
1549 1754
1549 1757
1549 1768
1549 1772
1549 1774
1549 1777
1549 1780
1549 1781
1549 1783
1549 1787
1549 1792
1549 1793
1549 1798
1549 1799
1550 1729
1555 1700
1555 1701
1555 1718
1555 1768
1555 1774
1555 1780
1565 1749
1565 1798
1566 1705
1566 1734
1569 1718
1569 1793
1582 1718
1582 1752
1582 1774
1583 1706
1583 1754
1583 1757
1583 1787
1587 1718
1585 1700
1585 1723
1585 1726
1585 1754
1585 1772
1585 1787
1592 1792
1594 1701
1594 1707
1594 1714
1594 1717
1594 1718
1594 1726
1594 1732
1594 1746
1594 1747
1594 1752
1594 1758
1594 1770
1594 1774
1594 1783
1594 1788
1594 1791
1596 1772
1599 1774
1608 1700
1608 1701
1608 1707
1608 1714
1608 1717
1608 1718
1608 1723
1608 1730
1608 1732
1608 1734
1608 1746
1608 1747
1608 1749
1608 1752
1608 1754
1608 1757
1608 1758
1608 1772
1608 1781
1608 1787
1608 1788
1608 1791
1608 1792
1608 1798
1610 1726
1610 1747
1614 1717
1614 1734
1614 1774
1614 1780
1614 1787
1615 1707
1615 1716
1615 1717
1615 1726
1615 1730
1615 1732
1615 1746
1615 1747
1615 1752
1615 1757
1615 1758
1615 1768
1615 1770
1615 1772
1615 1774
1615 1780
1615 1787
1615 1788
1615 1791
1615 1798
1619 1726
1621 1700
1621 1714
1621 1729
1621 1734
1621 1749
1621 1754
1621 1783
1622 1700
1622 1701
1622 1772
1622 1788
1631 1758
1639 1783
1644 1717
1644 1787
1661 1754
1662 1718
1564 1700
1564 1701
1564 1772
1564 1783
1689 1787
1691 1723
1691 1769
1701 1700
1701 1723
1701 1734
1701 1754
1694 1701
1695 1701
1696 1701
1697 1701
1698 1701
1699 1701
1700 1701
1700 1714
1700 1770
1700 1772
1700 1787
1705 1707
1705 1723
1706 1705
1707 1705
1707 1723
1715 1718
1716 1718
1716 1747
1717 1718
1717 1744
1717 1752
1719 1726
1719 1772
1720 1726
1721 1726
1722 1726
1723 1726
1688 1723
1688 1726
1724 1726
1725 1726
1728 1716
1729 1754
1732 1730
1732 1772
1730 1732
1730 1772
1731 1732
1733 1799
1734 1754
1741 1723
1746 1744
1746 1788
1742 1746
1742 1780
1743 1746
1744 1746
1745 1746
1748 1747
1749 1783
1758 1788
1753 1758
1754 1729
1754 1758
1755 1758
1756 1700
1756 1717
1756 1749
1756 1758
1756 1780
1756 1783
1756 1787
1756 1788
1756 1791
1756 1798
1757 1730
1757 1758
1757 1783
1757 1788
1757 1791
1761 1770
1762 1774
1766 1700
1766 1768
1766 1791
1767 1706
1767 1768
1767 1772
1767 1774
1767 1777
1767 1780
1770 1771
1769 1754
1769 1770
1769 1781
1772 1700
1772 1723
1772 1730
1772 1757
1772 1774
1772 1780
1772 1783
1772 1787
1772 1791
1772 1798
1759 1780
1773 1774
1775 1777
1778 1780
1778 1791
1782 1781
1751 1717
1751 1730
1751 1734
1751 1787
1783 1700
1783 1749
1783 1754
1789 1783
1790 1791
1792 1757
1792 1787
1792 1793
1795 1717
1795 1798
679 1798
1796 1798
1797 1798
1800 1787
1808 1700
1808 1705
1808 1717
1808 1723
1808 1734
1808 1772
1808 1783
1814 1734
1814 1754
1814 1781
1820 1734
1820 1754
1820 1792
1823 1717
1823 1749
1835 1792
1837 1754
1829 1717
1838 1707
1838 1714
1838 1730
1838 1757
1838 1772
1847 1787
1848 1787
1868 1714
1868 1749
1868 1783
1868 1787
1869 1717
1870 1717
1874 1717
1875 1705
1875 1717
1875 1730
1871 1717
1872 1717
1876 1717
1873 1717
1885 1777
1918 1700
1919 1714
1919 1734
1919 1749
1919 1757
1919 1783
1919 1787
1922 1705
1922 1706
1922 1717
1922 1723
1922 1734
1922 1754
1922 1781
1922 1792
1925 1717
1962 1757
1962 1787
1966 1706
1966 1723
1967 1723
1967 1734
1967 1754
1972 1706
1972 1734
1972 1754
1972 1781
1972 1792
1972 1799
1977 1707
1977 1772
1980 1700
1980 1772
1980 1777
1985 1700
1985 1734
1985 1749
1985 1754
1986 1772
1986 1787
1991 1705
1991 1723
1991 1734
1991 1754
1991 1792
1992 1700
1997 1700
1997 1707
1997 1717
1997 1730
1997 1749
1997 1757
1997 1772
1997 1783
1997 1787
1794 1706
2001 1700
2001 1783
2009 1707
2009 1717
2050 1730
2052 1717
2062 1700
2062 1707
2062 1714
2062 1717
2062 1749
2062 1754
2062 1757
2062 1772
2062 1783
2063 1707
2063 1730
2065 1772
2069 1717
2068 1783
2072 1700
2072 1707
2072 1717
2072 1723
2072 1730
2072 1749
2072 1757
2072 1772
2072 1787
2081 1707
2082 1707
2085 1792
2093 1717
2093 1772
2093 1792
2096 1730
2099 1700
2102 1769
2102 1777
2109 1744
2114 1706
2114 1734
2114 1754
2114 1777
2114 1781
2116 1723
2118 1700
2118 1714
2118 1769
2118 1772
2118 1792
2120 1700
2120 1714
2120 1772
2120 1781
2120 1783
2130 1723
2133 1700
2133 1705
2133 1717
2133 1723
2133 1772
2135 1729
2135 1792
2141 1772
2145 1705
2145 1734
2152 1757
2156 1700
2156 1772
2159 1749
2159 1783
2169 1705
2169 1772
2170 1772
2171 1772
2172 1772
2173 1772
2176 1792
2186 1705
2186 1769
2209 1787
2210 1749
2210 1787
2215 1714
2216 1714
2217 1714
2225 1700
2230 1700
2230 1792
2231 1706
2229 1717
2229 1729
2229 1734
2229 1754
2229 1792
2233 1717
2235 1783
2236 1734
2236 1754
2236 1781
2236 1783
2236 1792
2237 1706
2237 1729
2237 1734
2237 1744
2237 1754
2237 1769
2237 1781
2241 1700
2242 1749
2252 1744
2255 1700
2256 1705
2256 1723
2256 1744
2256 1777
2257 1734
2258 1733
2264 1729
2274 1700
2286 1700
2290 1744
2290 1777
2297 1700
2297 1723
2297 1734
2297 1754
2297 1792
2298 1792
2322 1700
2323 1729
2323 1744
2323 1777
2326 1706
2326 1729
2326 1744
2326 1769
2326 1777
2328 1700
2328 1723
2272 1700
2272 1792
2357 1700
2357 1754
2365 1705
2365 1706
2365 1754
2365 1792
2369 1799
2371 1705
2371 1734
2371 1754
2371 1781
2371 1792
2372 1700
2379 1744
2379 1777
2398 1706
2398 1734
2399 1700
2410 1700
2410 1799
2411 1700
2411 1754
2411 1777
2414 1700
2416 1723
2435 1723
2472 1705
2472 1723
2472 1734
2472 1754
2472 1781
2473 1705
2473 1723
2473 1734
2473 1754
2473 1781
2473 1792
2476 1705
2476 1734
2476 1754
2485 1705
2485 1723
2485 1729
2485 1754
2485 1769
2485 1792
2488 1769
2497 1744
2504 1769
2504 1799
2506 1706
2507 1781
2510 1792
2541 1754
2542 1723
2546 1734
2547 1777
2547 1792
2549 1734
2549 1754
2550 1717
899 1723
2566 1792
2557 1705
2557 1723
2557 1769
2559 1729
2559 1734
2559 1744
2559 1754
2559 1792
2560 1744
2560 1754
2560 1777
2564 1799
2565 1705
2565 1706
2565 1723
2565 1729
2565 1734
2565 1744
2565 1754
2565 1769
2565 1777
2565 1781
2565 1792
2565 1799
2570 1717
2576 1705
2576 1781
2578 1717
2592 1799
2593 1734
2593 1754
2474 1705
2474 1723
2474 1734
2474 1754
2474 1781
2474 1792
2608 1723
2613 1777
2618 1734
2619 1754
2619 1781
2627 1717
2626 1717
2646 1734
2651 1706
2651 1729
2651 1744
2651 1754
2651 1769
2651 1777
2653 1734
2655 1792
2658 1729
2658 1744
2658 1769
2658 1777
2659 1744
2674 1734
2674 1754
2699 1706
2699 1744
2700 1706
2700 1744
2700 1777
2686 1777
2686 1792
2702 1734
2688 1706
2688 1733
2688 1734
2688 1744
2688 1754
2688 1769
2688 1777
2688 1781
2688 1792
2688 1799
2704 1723
2704 1754
2660 1734
2660 1744
2660 1754
2660 1781
2689 1799
2667 1799
2690 1754
2691 1799
2693 1744
2693 1792
2696 1799
2697 1769
2719 1729
2724 1777
2727 1754
2747 1729
2747 1744
2752 1744
2765 1729
2768 1705
2768 1723
2774 1705
2774 1706
2775 1799
2790 1706
2790 1744
2790 1754
2790 1777
2792 1723
2815 1734
2822 1723
2654 1744
2654 1781
2654 1792
2799 1777
2830 1723
2845 1723
2846 1723
2847 1723
2848 1723
2849 1723
2850 1723
2851 1723
2851 1754
2852 1723
2853 1723
2859 1769
2859 1777
2866 1705
2871 1706
2871 1769
2871 1777
2871 1781
2872 1705
2872 1706
2883 1799
2900 1705
2900 1706
2900 1754
2904 1734
2904 1754
2909 1754
2912 1734
2912 1754
2912 1769
2913 1705
2916 1705
2917 1705
2918 1705
2919 1705
2923 1734
2932 1777
2914 1754
2940 1744
2948 1734
2948 1754
2948 1781
2953 1706
2964 1734
2967 1729
2967 1734
2967 1754
2967 1769
2968 1754
2972 1733
2972 1769
2972 1799
2987 1734
2987 1754
3000 1744
3009 1733
3006 1792
3010 1706
3010 1734
3010 1744
3010 1754
3010 1799
2707 1733
3015 1733
3018 1754
3020 1734
3020 1754
3020 1781
3020 1792
3024 1754
3026 1706
3026 1729
3026 1754
3026 1792
3026 1799
3031 1734
3031 1754
3032 1744
3032 1777
3032 1792
3032 1799
3033 1734
3033 1781
2713 1706
2713 1729
2713 1777
3056 1744
3055 1754
3059 1734
3059 1754
3047 1781
3047 1792
2356 1706
2356 1734
3062 1734
3062 1754
3062 1781
3062 1792
2976 1777
3072 1754
3072 1781
3072 1792
3075 1754
3081 1754
3084 1777
3089 1754
3092 1769
3098 1754
3098 1781
3095 1734
3095 1754
3095 1781
2842 1744
2842 1754
3109 1734
3110 1734
3111 1734
3125 1792
3142 1744
3144 1729
3144 1777
3144 1792
3153 1781
3154 1781
3168 1777
3175 1777
3180 1744
3181 1799
3188 1706
3192 1729
3199 1729
3239 1706
3258 1777
3291 1744
3304 1744
3313 1777
3290 1706
3333 1744
3343 1706
3352 1706
3352 1729
3352 1769
3352 1799
3394 1706
3394 1729
3394 1777
3402 1729
3402 1744
3404 1799
3435 1744
3447 1799
3449 1733
3449 1769
3449 1799
3451 1729
3452 1769
3452 1799
3453 1733
3453 1769
3453 1799
3454 1706
3454 1729
3454 1769
3455 1769
3456 1729
3456 1769
3456 1799
3457 1706
3457 1729
3457 1799
3458 1744
3459 1799
3470 1744
3479 1729
3479 1744
3477 1706
3488 1706
3498 1799
3512 1706
3523 1744
3526 1706
3527 1706
3527 1777
3569 1777
3601 1799
3610 1744
3611 1744
3614 1733
3614 1769
3614 1799
3615 1706
3615 1729
3615 1769
3622 1706
3622 1744
3624 1733
3624 1744
3630 1729
3633 1777
3634 1799
3635 1729
3639 1777
3641 1769
3642 1733
3646 1777
3647 1706
3658 1729
3659 1706
3659 1729
3660 1769
3660 1777
3661 1706
3661 1729
3666 1729
3666 1799
3678 1777
3682 1744
3682 1777
3691 1799
3702 1744
3703 1744
3704 1744
3705 1744
3706 1744
3707 1744
3724 1729
3786 1777
3787 1799
3796 1733
3796 1769
3794 1769
3803 1769
3835 1799
3882 1706
3917 1729
3965 1769
3969 1729
3969 1799
4001 1729
4036 1769
2981 1799
4044 1769
4045 1733
4045 1769
4046 1769
4077 1799
4065 1729
4065 1769
4070 1733
4072 1769
4074 1729
4142 1729
4151 1769
4151 1799
4211 1729
4219 1769
4276 1733
4315 1729
4353 1799
4355 1733
4366 1729
2028 1729
4441 1769
4536 1733
4547 1769
4550 1733
4550 1799
4632 1799
4653 1799
4662 1769
4682 1769
4688 1769
4718 1799
4712 1799
4725 1769
4824 1733
4824 1799
4829 1799
4898 1769
4899 1733
4899 1799
4948 1799
4963 1769
4967 1733
4967 1799
4969 1769
4970 1769
4971 1769
4972 1769
4973 1769
4974 1769
5020 1799
5079 1799
5118 1799
5119 1799
5171 1799
5176 1733
5176 1799
4310 1799
5179 1733
5180 1733
5184 1733
5184 1799
5188 1733
5189 1799
5190 1799
5203 1799
5296 1799
5428 1799
5457 1799
5468 1799
5462 1733
5675 1733
5691 1733
5761 1733
