11 3114
11 3117
11 3125
11 3136
11 3140
11 3144
11 3180
11 3192
14 3192
20 3136
24 3136
24 3164
24 3192
36 3136
36 3150
36 3192
42 3136
47 3136
53 3192
72 3136
72 3164
86 3136
87 3117
87 3192
68 3117
68 3145
68 3150
68 3192
122 3106
122 3114
122 3117
122 3140
122 3144
122 3148
122 3173
122 3180
122 3192
113 3144
127 3114
127 3117
127 3180
128 3117
128 3126
136 3164
172 3117
172 3126
172 3140
172 3150
172 3164
172 3173
173 3136
74 3117
180 3136
182 3192
203 3192
232 3192
259 3192
263 3106
270 3144
275 3117
280 3136
290 3117
304 3136
306 3114
306 3117
306 3144
306 3191
308 3136
308 3150
310 3136
311 3117
311 3136
311 3144
313 3117
315 3117
317 3136
319 3192
346 3104
346 3117
346 3173
346 3180
346 3192
376 3150
407 3130
432 3148
412 3130
457 3106
457 3117
457 3125
457 3136
457 3140
457 3144
457 3192
465 3180
546 3136
553 3136
556 3136
556 3192
572 3192
600 3136
600 3164
600 3192
626 3136
634 3192
646 3140
646 3150
635 3148
650 3117
650 3130
689 3173
689 3180
695 3117
707 3136
722 3117
722 3140
722 3145
722 3173
727 3104
737 3106
697 3106
759 3136
763 3130
764 3192
766 3103
766 3104
766 3114
766 3117
766 3125
766 3140
766 3144
766 3148
766 3150
766 3192
769 3148
784 3117
789 3103
789 3106
789 3191
794 3136
805 3192
813 3103
813 3148
813 3173
813 3192
826 3105
826 3117
826 3130
826 3136
826 3140
826 3150
825 3103
825 3117
825 3125
825 3140
825 3148
825 3192
856 3191
879 3125
879 3148
879 3180
918 3136
937 3117
941 3117
941 3136
941 3164
946 3117
948 3148
960 3136
978 3136
982 3173
988 3114
988 3126
988 3140
988 3148
988 3150
988 3164
988 3173
988 3180
993 3117
993 3130
993 3136
994 3192
996 3103
996 3106
996 3117
996 3140
996 3148
996 3192
1000 3140
1000 3150
1000 3191
1006 3136
1013 3164
1009 3148
1024 3125
1024 3145
1024 3150
1024 3164
1031 3104
1032 3136
1037 3130
1051 3180
1055 3103
1055 3117
1055 3136
1055 3140
1055 3192
1062 3117
1062 3192
1063 3103
872 3136
1075 3192
1097 3117
1097 3155
1097 3192
1098 3117
1098 3130
1098 3150
1111 3192
1102 3173
1129 3140
1132 3173
1133 3125
1133 3136
1133 3140
1133 3144
1133 3191
1133 3192
1135 3130
1137 3117
1137 3192
1150 3136
1151 3114
1151 3117
1151 3136
1151 3144
1151 3192
1156 3130
922 3136
1166 3106
1166 3117
1166 3126
1166 3136
1166 3140
1166 3145
1166 3150
1166 3155
1166 3164
1166 3173
1166 3191
1166 3192
1167 3130
1167 3164
1185 3136
1196 3193
1200 3126
1200 3138
1200 3140
1200 3145
1200 3150
1200 3164
1202 3136
1210 3148
1211 3117
1215 3130
1230 3117
1236 3117
1247 3106
1247 3171
1296 3192
1297 3140
1305 3114
1305 3117
1305 3126
1305 3140
1305 3148
1305 3150
1305 3164
1305 3173
1305 3193
1316 3192
1319 3117
1319 3130
1319 3136
1352 3136
1353 3192
1360 3117
1360 3140
1360 3150
1354 3136
1357 3117
1357 3130
1357 3192
1367 3173
1374 3114
1374 3117
1374 3136
1374 3164
1381 3144
1381 3173
1381 3192
1384 3180
1385 3164
1395 3136
1395 3150
1395 3192
1416 3140
1424 3117
1424 3126
1424 3130
1424 3155
1428 3104
1428 3117
1428 3136
1428 3192
1463 3136
1463 3144
1469 3171
1470 3117
1470 3130
1471 3180
1473 3136
1487 3130
1492 3117
1496 3136
1500 3117
1500 3193
1501 3117
1501 3140
1501 3171
1521 3117
1521 3136
1522 3125
1522 3130
1525 3136
1538 3155
1537 3140
1552 3130
1549 3103
1549 3104
1549 3117
1549 3130
1549 3136
1549 3138
1549 3140
1549 3144
1549 3148
1549 3150
1549 3164
1549 3192
1550 3117
1550 3180
1550 3192
1555 3136
1566 3173
1566 3192
1569 3136
1570 3136
1570 3164
1010 3148
1583 3130
1583 3145
1585 3136
1592 3117
1592 3140
1592 3164
1594 3117
1594 3136
1594 3192
1596 3117
1571 3136
1604 3136
1608 3117
1608 3136
1608 3150
1608 3180
1608 3192
1614 3136
1615 3136
1621 3117
1622 3117
1622 3136
1623 3140
1661 3144
1661 3145
1687 3125
1691 3150
1697 3136
1697 3164
1700 3136
1711 3136
1717 3136
1717 3144
1719 3117
1688 3144
1688 3192
1748 3117
1748 3191
1749 3130
1749 3173
1769 3117
1769 3125
1772 3136
1751 3180
1783 3130
1808 3130
1808 3136
1813 3117
1813 3125
1813 3144
1814 3117
1814 3130
1814 3140
1814 3150
1820 3117
1821 3117
1835 3148
1837 3104
1833 3164
1847 3103
1847 3130
1855 3136
1874 3192
1875 3130
1875 3193
1885 3130
1885 3136
1885 3155
1896 3117
1919 3117
1919 3136
1922 3117
1922 3126
1922 3140
1922 3145
1922 3150
1922 3155
1922 3164
1925 3136
1937 3192
1935 3192
1947 3117
1951 3114
1962 3136
1967 3117
1967 3140
1972 3114
1972 3117
1972 3140
1972 3148
1972 3150
1972 3173
1972 3180
1980 3117
1991 3130
1991 3140
1991 3150
1997 3136
2001 3191
2009 3173
2033 3192
698 3117
2062 3117
2062 3192
2065 3130
2065 3164
2065 3192
2093 3106
2093 3117
2102 3171
2105 3114
2109 3117
2109 3192
2114 3117
2114 3140
2118 3125
2120 3104
2120 3126
2120 3193
2129 3144
2134 3125
2134 3192
2135 3117
2135 3126
2145 3125
2145 3130
2145 3140
2160 3140
2160 3145
2160 3150
2160 3164
2174 3155
2176 3164
2186 3148
2186 3192
2209 3148
2214 3136
2217 3125
2223 3125
2234 3145
2234 3150
2230 3104
2230 3130
2231 3104
2231 3171
2229 3126
2229 3140
2229 3144
2229 3145
2229 3148
2229 3150
2229 3155
2229 3164
2229 3173
2229 3192
2236 3117
2236 3126
2236 3140
2236 3145
2236 3150
2236 3164
2237 3114
2237 3117
2237 3125
2237 3140
2237 3144
2237 3148
2237 3150
2237 3164
2237 3192
2240 3130
2246 3130
2256 3117
2257 3117
2274 3130
2274 3155
2274 3193
2290 3114
2290 3117
2290 3148
2290 3173
2289 3117
2297 3150
2297 3192
2298 3117
2298 3144
2298 3145
2299 3117
2307 3117
2323 3103
2323 3130
2326 3114
2326 3117
2326 3148
2326 3173
2326 3180
2326 3192
2328 3114
2328 3148
2328 3192
2352 3117
2365 3117
2365 3180
2368 3117
2369 3106
2371 3104
2371 3117
2371 3126
2371 3140
2371 3144
2371 3150
2371 3164
2371 3173
2371 3192
2375 3192
2376 3117
2381 3192
2379 3192
2384 3192
2398 3117
2398 3130
2398 3180
2411 3104
2411 3117
2411 3126
2411 3140
2411 3148
2416 3150
2472 3117
2472 3150
2472 3164
2473 3126
2473 3145
2476 3140
2476 3145
2476 3150
2485 3103
2485 3114
2485 3117
2485 3125
2485 3144
2485 3145
2485 3148
2485 3164
2485 3173
2485 3192
2497 3104
2497 3193
2504 3117
2510 3130
2535 3103
2547 3126
2547 3150
2549 3117
2550 3164
2550 3171
2559 3117
2559 3140
2559 3148
2559 3173
2560 3114
2560 3140
2560 3145
2560 3164
2560 3173
2560 3180
2564 3164
2565 3103
2565 3106
2565 3114
2565 3117
2565 3125
2565 3126
2565 3140
2565 3144
2565 3145
2565 3148
2565 3150
2565 3164
2565 3173
2565 3192
2576 3106
2576 3117
2576 3125
2576 3148
2578 3130
2585 3117
2585 3192
2593 3117
2594 3104
2594 3130
2595 3117
2597 3145
2474 3117
2605 3104
2611 3130
2614 3130
2615 3130
2617 3117
2617 3130
2618 3130
2618 3148
2618 3164
2619 3103
2619 3164
2620 3193
2645 3192
2646 3144
2651 3114
2651 3117
2651 3125
2651 3130
2651 3140
2651 3144
2651 3148
2651 3180
2653 3114
2653 3117
2653 3125
2653 3173
2653 3192
2657 3130
2657 3173
2657 3180
2658 3106
2658 3114
2658 3173
2674 3114
2674 3148
2674 3164
2683 3126
2699 3106
2699 3117
2699 3148
2700 3114
2700 3117
2700 3148
2700 3173
2700 3180
2686 3117
2686 3126
2686 3140
2686 3145
2686 3150
2686 3164
2686 3191
2686 3193
2702 3117
2702 3140
2702 3150
2702 3164
2688 3103
2688 3104
2688 3114
2688 3125
2688 3130
2688 3140
2688 3144
2688 3145
2688 3148
2688 3150
2688 3155
2688 3164
2688 3173
2688 3191
2688 3192
2704 3104
2704 3117
2704 3126
2704 3140
2704 3145
2704 3150
2704 3155
2704 3164
2660 3114
2660 3125
2660 3150
2660 3192
2667 3106
2667 3191
2690 3117
2690 3164
2691 3103
2691 3106
2691 3117
2691 3125
2691 3130
2693 3106
2693 3114
2693 3117
2693 3148
2696 3125
2696 3144
2696 3173
2696 3192
2697 3192
2719 3180
2737 3106
2747 3114
2747 3117
2747 3125
2747 3148
2746 3171
2765 3117
2790 3114
2790 3117
2790 3125
2790 3130
2790 3155
2790 3173
2790 3180
2804 3148
2654 3109
2654 3126
2654 3140
2654 3148
2654 3171
2654 3180
2654 3193
2834 3117
2831 3103
2832 3125
2832 3144
2838 3117
2851 3144
2856 3126
2859 3144
2859 3155
2871 3106
2871 3114
2871 3117
2871 3126
2871 3140
2871 3145
2871 3150
2871 3164
2871 3192
2872 3145
2872 3180
2883 3103
2904 3104
2904 3117
2904 3164
2909 3125
2909 3130
2909 3144
2912 3104
2923 3117
2932 3140
2932 3192
2940 3114
2940 3117
2940 3148
2936 3148
2948 3117
2948 3130
2948 3140
2948 3150
2948 3164
2948 3193
2958 3117
2958 3125
2964 3192
2967 3117
2967 3140
2967 3148
2967 3173
2967 3192
2968 3117
2972 3103
2972 3125
2972 3140
2972 3144
2972 3192
2978 3155
2978 3164
2987 3126
2987 3130
2988 3173
2988 3192
2989 3173
2989 3192
3000 3144
3001 3192
3009 3103
3009 3140
3009 3144
3009 3148
3010 3103
3010 3114
3010 3117
3010 3148
3010 3173
2707 3130
2707 3144
2707 3180
3018 3140
3020 3130
3024 3109
3024 3114
3024 3117
3026 3103
3026 3106
3026 3117
3026 3144
3026 3148
3026 3173
3026 3180
3026 3192
3028 3130
3031 3130
3031 3145
3031 3150
3031 3173
3032 3106
3032 3140
3032 3145
3032 3173
3032 3180
3032 3192
3033 3150
3033 3164
3034 3106
2713 3117
2713 3125
2713 3144
2713 3148
2713 3173
2713 3180
2713 3192
3039 3130
3041 3140
3041 3150
3044 3117
3056 3104
3056 3148
3053 3117
3055 3148
3055 3180
3057 3106
3057 3148
3057 3173
3059 3173
3059 3192
3047 3117
2356 3117
2356 3140
3061 3164
3062 3126
3062 3140
3062 3150
3062 3155
3070 3164
3072 3117
3073 3130
3081 3117
3084 3117
3098 3126
3098 3140
3098 3145
3098 3150
3098 3164
3095 3126
3095 3140
3102 3104
3103 3104
2842 3114
2842 3117
2842 3148
2842 3192
2842 3193
3110 3103
3110 3117
3112 3117
3113 3117
2003 3117
3114 3117
3115 3117
3123 3130
3124 3130
3125 3130
3126 3130
3127 3130
3128 3130
3129 3130
3131 3136
3132 3136
3132 3164
3135 3136
3133 3136
3134 3136
3137 3138
3137 3140
3144 3106
3144 3148
3144 3193
3145 3125
3145 3140
3149 3150
3158 3164
3159 3164
3159 3192
3160 3164
3162 3164
3163 3164
3168 3117
3168 3180
3168 3192
3172 3180
3173 3192
3190 3192
3188 3117
3194 3195
3191 3103
3200 3114
3225 3192
3258 3117
3258 3173
3258 3192
3275 3117
3276 3117
3276 3173
3276 3180
3297 3117
3304 3114
3304 3173
3290 3117
3326 3192
3333 3148
3343 3117
3350 3103
3350 3117
3350 3144
3352 3103
3352 3106
3352 3114
3352 3117
3352 3125
3352 3140
3352 3144
3352 3173
3352 3180
3352 3192
3373 3192
3380 3148
3380 3173
3394 3103
3394 3117
3394 3125
3394 3144
3394 3173
3394 3180
3402 3103
3402 3106
3402 3144
3402 3180
3404 3103
3404 3114
3404 3148
3404 3191
3417 3173
3439 3140
3439 3148
3447 3103
3449 3103
3449 3106
3449 3125
3449 3140
3449 3144
3450 3140
3451 3140
3451 3144
3452 3103
3452 3125
3453 3103
3453 3106
3453 3125
3453 3140
3453 3144
3454 3117
3454 3125
3454 3180
3456 3103
3456 3125
3456 3140
3456 3144
3456 3192
3457 3103
3457 3117
3457 3125
3457 3140
3457 3144
3457 3192
3458 3191
3459 3103
3461 3140
3462 3192
3463 3106
3463 3125
3463 3140
3463 3144
3469 3192
3470 3148
3470 3173
3479 3125
3479 3192
3481 3117
3482 3114
3477 3117
3477 3173
3488 3117
3498 3180
3519 3117
3521 3117
3521 3125
3522 3192
3523 3109
3523 3114
3523 3148
3527 3117
3386 3117
3541 3117
3560 3125
3567 3148
3568 3103
3568 3114
3568 3125
3568 3192
3569 3148
3569 3173
3598 3173
3598 3192
3595 3173
3599 3173
3600 3173
3601 3173
3596 3173
3597 3173
3597 3192
3610 3148
3611 3114
3611 3148
3614 3103
3614 3106
3614 3192
3615 3117
3615 3125
3615 3140
3615 3180
3615 3192
3618 3148
3619 3148
3624 3125
3629 3114
3630 3117
3631 3180
3631 3192
3633 3117
3634 3144
3635 3117
3635 3180
3635 3192
3637 3117
3639 3144
3641 3103
3641 3117
3641 3191
3641 3192
3642 3191
3645 3125
3645 3144
3658 3192
3659 3117
3660 3117
3660 3144
3660 3180
3661 3180
3661 3192
3666 3106
3666 3180
3666 3191
3666 3192
3667 3117
3682 3180
3691 3106
2067 3114
3719 3117
3724 3117
3724 3125
3724 3144
3724 3192
3571 3144
3728 3106
3728 3192
3748 3192
3767 3117
3767 3192
3770 3180
3775 3180
3787 3140
3787 3191
3787 3192
3798 3117
3798 3180
3806 3144
3806 3192
3812 3125
3812 3180
3813 3144
3813 3192
3814 3125
3814 3144
3814 3180
3854 3192
3863 3192
3648 3117
3876 3117
3878 3117
3877 3117
3917 3125
3917 3144
3922 3191
3925 3144
3948 3144
3948 3180
3956 3180
3961 3180
3969 3103
3969 3125
3969 3144
3971 3192
3973 3192
3976 3180
3985 3140
4007 3192
4020 3192
4036 3103
4040 3106
4041 3103
4045 3106
4045 3125
4045 3140
4045 3144
4056 3106
4062 3125
4063 3125
4077 3103
4065 3125
4065 3140
4065 3144
4070 3103
4070 3106
4070 3144
4071 3192
4073 3191
4073 3192
4099 3191
4111 3125
4127 3192
4128 3192
4136 3192
4137 3192
4138 3125
4138 3144
4138 3192
4141 3125
4142 3125
4142 3144
4142 3192
4144 3191
4151 3125
4151 3144
4152 3125
4152 3144
4189 3192
4191 3125
4197 3144
4214 3144
4216 3140
4219 3106
4222 3125
4222 3140
4275 3192
4273 3192
4276 3192
213 3192
4277 3192
4274 3192
4278 3192
4279 3192
4280 3192
4295 3125
4297 3125
4298 3125
4324 3140
4363 3106
4371 3125
4433 3125
4437 3140
4441 3103
4441 3106
4448 3140
4465 3144
4469 3144
4504 3125
4502 3125
4503 3125
4531 3140
4547 3140
4550 3103
4563 3140
4564 3140
4569 3140
4625 3103
4632 3106
4632 3191
4653 3106
4709 3106
4715 3103
4718 3103
4726 3106
4829 3103
4899 3103
4948 3103
4948 3106
4967 3103
4967 3191
4982 3106
5009 3106
5022 3191
5020 3103
5020 3106
5020 3191
5029 3103
5079 3103
5079 3191
5106 3103
5110 3103
5139 3191
5140 3106
5155 3106
5176 3103
5176 3191
5177 3191
5184 3103
5189 3103
5189 3191
5190 3103
5195 3106
5233 3103
5233 3106
5243 3103
5246 3191
5250 3106
5247 3106
5248 3106
5249 3106
5262 3191
5263 3191
5296 3103
5321 3191
5324 3191
5361 3191
5382 3103
5395 3103
5457 3191
5624 3191
5684 3191
5691 3191
5697 3191
5708 3191
5783 3191
5809 3191
5834 3191
5871 3191
5939 3191
5960 3191
