6 6765
6 6790
11 6715
11 6739
20 6780
72 6715
72 6774
72 6790
87 6737
99 6737
99 6765
99 6774
68 6774
68 6784
109 6715
109 6765
109 6770
109 6774
109 6788
136 6707
136 6725
136 6739
136 6777
143 6770
143 6784
145 6720
199 6784
237 6780
265 6737
311 6715
311 6770
319 6715
319 6774
346 6784
406 6774
407 6770
425 6725
425 6770
432 6780
457 6715
457 6720
457 6725
457 6739
457 6770
457 6774
457 6780
457 6783
457 6784
457 6788
546 6715
546 6784
580 6784
600 6739
600 6774
663 6784
695 6770
722 6714
722 6784
737 6700
737 6720
737 6725
737 6736
737 6739
737 6759
737 6765
737 6770
737 6772
737 6780
737 6784
737 6789
742 6712
697 6784
766 6715
766 6739
766 6770
766 6774
766 6783
766 6784
766 6790
789 6715
805 6770
840 6784
840 6790
854 6715
856 6700
856 6720
856 6739
896 6780
909 6789
988 6737
988 6759
996 6714
996 6780
1008 6714
1032 6774
1037 6720
1041 6715
1055 6720
1055 6739
1074 6700
1074 6725
1074 6739
1074 6755
1074 6769
1074 6770
1074 6788
1098 6712
1098 6714
1098 6736
1098 6739
1098 6765
1098 6783
1098 6784
1098 6789
1098 6790
1151 6714
1151 6715
1151 6784
1166 6700
1166 6714
1166 6715
1166 6720
1166 6784
1166 6789
1185 6790
1210 6715
1210 6790
1319 6789
1356 6770
1365 6790
1374 6774
1374 6783
1374 6784
1374 6789
1374 6790
1395 6790
1471 6720
1471 6765
1549 6774
1549 6790
1608 6770
1608 6774
1612 6780
1612 6783
1644 6765
1647 6784
1701 6723
1701 6770
1688 6739
1733 6774
1762 6700
1762 6725
1762 6755
1762 6770
1762 6777
1762 6788
1796 6736
1796 6739
1796 6774
1799 6715
1800 6715
1823 6715
1879 6765
1924 6789
1964 6762
1982 6712
1990 6707
1990 6739
2145 6784
2240 6774
2249 6736
2258 6790
2264 6714
2264 6784
2276 6725
2276 6739
2328 6770
2328 6774
2328 6783
2369 6720
2369 6725
2369 6736
2369 6765
2369 6789
2376 6774
2381 6720
2414 6788
2452 6772
2452 6784
2456 6770
2485 6780
2504 6770
2506 6759
2565 6712
2565 6714
2565 6720
2565 6736
2565 6737
2565 6759
2565 6765
2565 6770
2565 6774
2565 6780
2565 6783
2565 6789
2565 6790
2619 6784
2619 6790
2620 6765
2655 6715
2658 6737
2677 6736
2677 6790
2688 6700
2688 6739
2688 6777
2688 6783
2693 6790
2819 6780
2834 6784
2851 6725
2855 6790
2889 6790
2909 6774
2940 6755
2940 6780
2940 6784
2972 6736
2972 6765
2972 6774
2983 6720
2983 6737
3000 6715
3010 6770
3010 6783
2707 6784
3015 6723
3015 6784
3032 6737
3032 6759
3032 6770
3032 6774
3032 6784
3057 6780
3090 6784
3092 6774
3142 6737
3142 6759
3297 6759
3310 6780
3310 6784
3320 6714
3348 6755
3381 6712
3381 6715
3381 6720
3381 6736
3381 6770
3381 6774
3381 6783
3381 6784
3381 6790
3393 6774
3445 6784
3447 6714
3447 6720
3447 6724
3447 6736
3447 6765
3447 6784
3453 6724
3453 6725
3453 6770
3453 6777
3456 6736
3479 6739
3522 6770
3538 6720
3586 6715
3586 6770
3586 6780
3586 6784
3593 6736
3607 6715
3607 6770
3614 6715
3634 6784
3641 6739
3641 6770
3641 6777
3641 6783
3642 6700
3642 6714
3642 6715
3642 6720
3642 6721
3642 6736
3642 6739
3642 6765
3642 6770
3642 6774
3642 6783
3642 6789
3643 6765
3658 6790
3665 6790
3747 6737
3764 6790
3770 6736
3770 6784
3787 6720
3812 6759
3813 6762
3877 6784
3958 6774
3969 6715
3969 6721
3976 6755
4013 6789
4036 6780
4040 6709
4041 6739
2981 6774
4045 6725
4045 6765
4045 6774
4045 6790
4046 6714
4046 6736
4065 6770
4099 6714
4099 6770
4099 6789
4076 6720
4076 6770
4140 6715
4140 6739
4144 6725
4169 6789
4192 6736
4221 6720
4221 6774
4273 6715
4273 6788
4338 6739
4338 6789
4353 6780
4364 6737
4395 6736
4395 6755
4435 6770
4437 6736
4437 6789
4441 6712
4483 6715
4483 6720
4483 6724
4483 6725
4483 6739
4483 6774
4483 6784
4527 6755
4536 6714
4536 6720
4536 6790
4550 6707
4550 6765
4574 6709
4598 6700
4598 6715
4598 6720
4598 6739
4598 6765
4626 6780
4632 6737
4632 6780
4662 6774
4666 6780
4669 6736
4687 6789
2621 6770
2621 6789
4712 6715
4712 6789
4748 6739
4764 6715
4764 6784
4788 6737
4788 6783
4792 6700
4792 6783
4813 6715
4824 6720
4824 6784
4829 6720
4829 6755
4829 6788
4833 6790
4843 6790
4883 6770
4899 6715
4899 6739
4925 6714
4933 6774
4934 6784
4943 6784
4948 6737
4948 6780
4964 6755
4964 6770
4967 6715
4967 6720
4967 6721
4967 6725
4967 6770
4967 6774
4967 6777
4967 6783
4967 6784
4967 6790
4981 6725
4981 6774
4981 6790
5002 6715
5002 6720
5002 6774
5002 6784
5022 6715
5022 6720
5022 6725
5022 6755
5022 6765
5022 6769
5022 6770
5022 6783
5022 6788
5022 6789
5022 6790
5020 6725
5028 6762
5028 6784
5053 6712
5053 6780
5059 6784
5067 6720
5079 6714
5079 6715
5079 6720
5079 6736
5079 6739
5079 6765
5079 6774
5079 6778
5079 6784
5098 6784
5103 6720
5103 6780
5103 6790
4828 6721
4828 6725
4828 6765
4828 6783
4828 6790
5123 6715
5123 6784
5125 6714
5171 6720
5171 6739
5173 6714
5173 6736
5173 6777
5173 6789
4795 6736
5177 6707
5177 6774
5178 6715
4310 6715
4310 6720
4310 6774
4310 6784
5179 6714
5179 6715
5179 6765
5179 6784
5185 6720
5185 6739
5185 6755
5185 6765
5185 6770
5185 6777
5185 6783
5185 6784
5185 6788
5185 6789
5188 6715
5188 6770
5188 6774
5188 6783
5188 6784
5188 6790
5189 6715
5189 6774
5189 6784
5190 6700
5194 6737
5233 6780
5247 6737
5254 6707
5254 6765
5285 6765
5301 6714
5301 6715
5301 6739
5301 6789
5316 6774
5378 6737
5378 6780
5391 6712
5391 6790
5404 6714
5404 6715
5423 6789
5432 6784
5439 6707
5439 6715
5439 6783
5439 6788
5439 6790
5445 6715
5482 6790
5484 6790
5485 6784
5524 6712
5524 6714
5524 6715
5524 6736
5524 6765
5524 6770
5524 6774
5524 6780
5524 6784
5524 6789
5524 6790
5531 6715
5531 6720
5531 6721
5531 6723
5531 6736
5531 6770
5531 6774
5531 6777
5531 6783
5531 6790
5532 6774
5543 6736
5543 6774
5543 6784
5543 6790
5549 6770
5549 6790
5553 6759
5553 6780
5582 6715
5582 6720
5582 6739
5582 6774
5582 6783
5582 6784
5596 6723
5596 6725
5596 6783
5604 6765
5608 6783
5612 6715
5612 6720
5612 6739
5614 6780
5655 6725
5655 6736
5655 6755
5655 6790
5692 6765
5692 6784
5696 6700
5696 6720
5696 6739
5697 6707
5697 6715
5697 6739
5697 6765
5697 6770
5697 6774
5697 6783
5697 6790
5709 6707
5720 6783
5738 6774
5739 6765
5739 6774
5739 6777
5761 6736
5773 6774
5788 6715
5796 6715
5796 6739
5796 6770
5796 6774
5796 6783
5796 6784
5800 6712
5800 6715
5800 6725
5800 6736
5800 6737
5800 6769
5800 6774
5800 6780
5800 6783
5800 6784
5800 6789
5800 6790
5802 6712
5802 6714
5802 6715
5802 6725
5802 6736
5802 6739
5802 6765
5802 6770
5802 6774
5802 6777
5802 6780
5802 6784
5802 6789
5806 6724
5806 6737
5806 6739
5806 6756
5806 6772
5806 6777
5806 6789
5804 6765
5804 6784
5807 6765
5810 6715
5811 6725
5811 6736
5811 6765
5812 6784
5814 6714
5814 6715
5814 6759
5814 6774
5814 6780
5814 6784
5814 6790
5816 6700
5816 6736
5817 6720
5817 6765
5819 6780
5820 6712
5822 6774
5822 6789
5824 6715
5824 6790
5839 6712
5857 6790
5859 6762
4767 6715
5908 6770
5871 6720
5871 6774
5920 6780
5932 6789
5934 6715
5950 6725
5958 6720
5980 6714
5997 6791
5998 6774
5999 6774
6000 6709
6006 6700
6006 6783
6016 6780
6032 6700
6032 6736
6032 6765
6032 6769
6032 6774
6032 6784
6064 6780
6082 6707
6082 6720
6093 6790
6097 6715
6134 6739
6151 6780
6198 6789
6198 6790
6217 6720
6217 6725
6217 6783
6218 6784
6219 6723
6220 6715
6221 6715
6221 6780
6229 6714
6229 6784
6241 6715
6241 6784
6241 6790
6243 6700
6243 6774
6270 6714
6270 6736
6270 6765
6270 6770
6270 6772
6270 6789
6272 6714
6272 6736
6272 6774
6280 6736
6280 6789
6299 6714
6299 6715
6299 6720
6299 6736
6299 6739
6299 6755
6299 6783
6299 6784
6299 6788
6299 6789
6305 6700
6305 6714
6305 6715
6305 6720
6305 6725
6305 6759
6305 6770
6305 6777
6305 6780
6305 6783
6305 6784
6305 6789
6305 6790
6314 6765
6323 6783
6323 6784
6323 6789
6346 6739
6346 6777
6346 6789
6359 6720
6359 6739
6359 6765
6359 6772
6359 6774
6359 6784
6360 6736
6377 6770
6377 6783
6378 6739
6327 6715
6327 6720
6327 6724
6327 6736
6327 6765
6327 6783
6327 6784
6398 6770
6398 6774
6406 6770
6422 6762
6422 6770
6443 6789
6461 6715
6471 6790
6483 6707
6483 6720
6483 6721
6483 6723
6483 6755
6483 6789
6486 6715
6486 6725
6486 6736
6486 6765
6486 6774
6486 6784
6487 6755
6488 6770
6490 6790
6494 6759
6494 6765
6494 6790
6510 6720
6510 6725
6510 6736
6510 6765
6510 6789
6518 6784
6522 6770
6522 6777
6522 6783
6522 6789
6523 6774
6525 6790
6526 6770
6526 6783
6460 6759
6538 6769
6538 6789
6555 6772
6560 6736
6560 6770
6560 6789
6123 6774
6123 6784
6595 6715
6596 6712
6596 6759
6596 6774
6596 6783
6596 6789
6608 6707
6608 6770
6608 6778
6612 6765
6618 6765
6618 6780
6618 6784
6619 6765
6619 6774
6619 6784
6619 6789
6615 6714
6615 6736
6615 6765
6615 6770
6615 6772
6615 6774
6615 6783
6615 6784
6615 6789
6615 6790
6616 6714
6622 6736
6624 6712
6624 6780
6627 6790
6626 6715
6635 6784
6655 6784
6649 6784
6657 6715
6657 6774
6658 6780
6665 6715
6666 6715
6696 6770
6701 6700
6702 6700
6710 6715
6711 6715
6712 6715
3293 6715
6713 6715
6714 6715
6714 6736
6714 6770
6714 6774
6714 6784
6714 6789
6718 6720
6717 6720
6717 6778
6719 6720
6611 6784
6735 6739
6736 6739
6736 6774
6736 6783
6736 6788
6737 6739
6738 6739
6746 6736
6751 6757
6726 6770
6755 6774
6772 6783
6772 6789
6775 6770
6781 6789
6784 6790
6787 6788
6802 6755
6804 6770
6810 6770
6812 6770
6811 6770
6815 6783
6848 6774
6848 6784
6620 6736
6620 6774
6620 6784
6620 6790
6885 6784
6886 6790
6899 6774
6913 6714
6913 6736
6913 6774
6913 6784
6914 6714
6914 6736
6914 6780
6914 6784
6906 6714
6906 6736
6906 6784
6906 6789
6907 6712
6907 6714
6907 6780
6907 6784
6907 6789
6911 6714
6911 6774
6912 6790
6918 6780
6934 6736
6934 6765
6934 6784
6941 6765
6941 6784
6949 6765
6949 6790
6947 6765
6971 6784
6975 6784
6975 6790
6976 6774
6976 6784
6984 6790
6991 6736
6991 6789
6993 6774
6993 6784
6993 6790
6995 6790
6998 6774
6999 6774
7000 6774
7001 6774
7002 6774
7003 6774
7004 6774
7005 6774
7006 6774
7007 6774
7008 6774
7009 6774
7010 6774
7011 6774
7012 6774
7012 6784
7013 6774
7014 6774
7015 6774
7016 6774
7017 6774
7018 6774
7019 6774
7020 6774
7020 6780
7021 6774
7022 6774
7023 6774
7024 6774
7025 6774
7026 6774
7027 6774
7028 6774
7029 6774
7052 6712
7052 6714
7052 6736
7052 6789
7045 6712
7045 6789
7054 6712
7046 6712
7047 6712
7047 6737
7047 6759
7047 6780
7055 6712
7063 6784
7080 6736
7080 6759
6946 6780
7086 6736
7086 6737
7086 6759
7086 6780
7086 6784
7092 6736
7092 6755
7092 6784
7099 6714
7104 6784
7120 6712
7121 6714
7128 6784
7129 6784
7132 6784
6994 6714
6994 6736
6994 6784
7164 6789
7188 6789
5143 6736
7231 6712
7241 6784
7245 6736
7265 6784
7266 6714
7266 6784
7267 6784
7268 6784
7269 6784
7270 6784
7271 6714
7271 6784
7280 6737
7280 6780
7293 6714
7301 6759
7305 6714
7171 6714
7335 6789
7363 6789
7391 6737
7402 6712
7425 6780
7449 6759
7490 6712
7490 6780
7511 6780
7564 6712
7580 6712
7598 6712
7659 6712
7666 6759
7670 6712
7675 6759
7676 6737
7682 6759
7774 6780
7810 6737
7826 6709
7827 6709
7828 6709
7901 6737
7902 6737
7980 6759
8036 6780
8047 6737
8053 6780
8069 6780
8023 6780
8084 6780
8085 6780
8086 6780
8087 6780
8211 6737
8050 6737
8260 6737
8261 6737
