25 706
25 723
25 739
25 756
6 700
6 704
6 717
6 723
6 730
6 733
6 739
6 741
6 761
6 765
6 779
6 789
6 791
6 798
8 706
8 715
8 719
8 723
8 725
8 739
8 741
8 749
8 756
8 760
8 761
8 778
8 779
8 798
9 715
9 733
9 756
10 700
10 706
10 715
10 719
10 725
10 739
10 741
10 743
10 746
10 748
10 750
10 756
10 760
10 761
10 765
10 778
10 779
11 700
11 705
11 706
11 707
11 710
11 715
11 717
11 719
11 722
11 723
11 725
11 730
11 733
11 739
11 741
11 743
11 744
11 746
11 748
11 749
11 750
11 756
11 760
11 761
11 762
11 763
11 764
11 765
11 771
11 779
11 791
11 793
11 798
12 706
12 725
12 748
12 756
12 765
12 793
14 797
15 737
15 756
15 762
16 749
16 789
17 739
17 750
17 756
20 700
20 704
20 706
20 707
20 722
20 723
20 746
20 749
20 756
20 765
21 723
21 725
21 760
21 765
21 789
21 794
23 700
23 706
23 715
23 725
23 760
23 765
23 794
24 706
24 707
24 710
24 719
24 722
24 739
24 742
24 750
24 756
24 760
24 762
24 763
24 769
28 715
28 723
28 725
28 730
28 739
28 741
28 743
28 746
28 748
28 750
28 756
28 789
28 798
36 704
36 707
36 710
36 719
36 722
36 730
36 733
36 737
36 762
37 762
39 706
39 756
39 779
39 793
26 756
41 756
42 710
42 743
42 748
42 756
46 704
46 715
46 749
47 704
47 739
47 756
47 761
47 789
49 749
49 762
51 739
51 750
51 756
51 791
29 700
29 704
29 715
29 719
29 722
29 730
29 733
29 739
29 756
29 761
29 789
55 714
55 730
55 733
55 739
55 761
55 784
55 793
55 795
56 750
56 762
57 756
57 789
59 723
59 733
59 763
27 700
27 719
27 737
27 741
27 743
27 746
27 748
66 756
66 784
72 704
72 714
72 719
72 730
72 733
72 739
72 756
72 761
72 762
72 789
72 794
75 739
75 756
75 771
78 793
79 704
79 733
79 756
79 784
79 789
77 700
80 719
80 723
80 725
80 730
80 733
80 739
80 746
80 756
80 779
80 789
80 798
67 756
86 719
86 733
86 750
86 756
86 761
86 762
86 794
86 795
71 706
71 762
71 789
87 704
87 737
87 756
87 761
87 762
87 765
87 771
87 789
89 756
90 733
90 737
90 749
90 750
90 756
90 761
94 715
94 739
94 756
94 779
94 789
94 798
103 700
103 719
103 739
103 741
103 746
103 761
116 756
68 700
68 762
68 771
110 705
110 722
110 730
110 733
110 744
110 789
110 794
111 730
122 737
122 765
113 722
113 744
113 762
130 733
126 733
126 742
126 756
126 789
127 700
127 737
127 762
128 730
128 761
132 730
132 756
132 791
136 739
136 761
138 719
138 723
138 730
138 746
138 749
138 798
139 741
139 743
139 748
139 756
139 760
139 793
142 700
143 704
143 710
143 762
147 704
147 737
147 794
147 798
145 717
145 769
151 707
151 719
151 723
151 733
151 749
151 762
154 733
154 750
154 795
157 704
157 707
157 743
157 756
157 762
168 742
168 789
171 705
171 762
172 743
172 744
172 756
172 761
172 762
173 704
173 733
173 742
173 762
173 763
173 764
173 769
173 771
173 789
173 794
74 710
74 749
74 769
74 784
74 789
74 794
176 710
177 739
178 704
178 719
178 723
178 730
178 741
178 798
179 739
179 756
179 761
182 723
182 750
182 762
166 733
166 789
187 706
187 733
187 739
187 760
187 761
187 779
197 741
201 705
201 706
201 760
204 756
208 771
192 756
125 704
125 710
125 730
125 784
215 784
224 765
226 789
231 739
231 756
232 737
232 739
232 742
236 725
236 746
236 749
237 746
237 765
254 706
254 715
254 739
254 756
255 706
255 719
255 723
255 725
255 730
255 739
255 741
255 743
255 746
255 748
255 749
255 756
255 760
255 763
255 765
255 779
255 789
255 798
256 771
259 769
263 733
263 746
263 762
265 700
265 737
265 748
266 715
269 704
269 730
269 789
280 719
280 739
280 789
280 794
280 795
282 762
283 771
285 763
290 765
249 700
249 784
304 704
304 714
304 741
304 742
304 761
304 763
304 789
304 795
306 700
306 704
306 706
306 707
306 714
306 715
306 719
306 722
306 723
306 730
306 733
306 739
306 741
306 742
306 743
306 746
306 748
306 749
306 750
306 756
306 760
306 762
306 765
306 778
306 794
306 795
306 798
308 704
308 707
308 710
308 730
308 733
308 739
308 746
308 750
308 762
308 789
310 704
310 707
310 710
310 719
310 723
310 725
310 730
310 733
310 739
310 742
310 748
310 749
310 756
310 760
310 763
310 765
310 769
310 778
310 779
310 784
310 789
310 794
310 798
311 704
311 705
311 707
311 710
311 722
311 730
311 742
311 762
311 765
311 769
311 784
311 789
311 795
312 700
312 704
312 705
312 706
312 707
312 710
312 715
312 719
312 722
312 723
312 725
312 730
312 733
312 739
312 742
312 743
312 746
312 749
312 750
312 756
312 761
312 769
312 778
312 784
312 789
312 794
312 795
312 798
313 704
313 761
313 762
313 795
315 730
315 741
315 742
315 749
315 765
315 778
315 779
315 793
315 798
305 715
317 704
317 705
317 707
317 714
317 730
317 741
317 742
317 762
317 769
317 789
317 794
317 795
319 704
319 706
319 725
319 730
319 733
319 739
319 741
319 746
319 749
319 762
319 765
319 789
319 798
329 733
324 704
324 739
324 742
324 746
324 789
251 719
328 789
335 737
150 737
339 706
339 719
339 725
339 730
339 733
339 741
339 746
339 750
339 762
341 710
341 761
341 791
348 704
348 769
346 762
346 765
356 769
351 733
352 756
193 733
364 739
371 704
371 717
371 730
371 733
371 737
371 739
371 746
371 756
371 762
371 789
376 706
376 789
387 756
101 756
101 761
383 739
383 746
383 756
383 762
399 715
400 769
403 739
406 756
407 722
407 762
407 763
325 739
432 700
432 715
432 719
432 722
432 723
432 743
432 749
432 765
432 769
432 798
412 715
439 733
457 707
457 722
457 737
457 741
457 762
457 763
457 764
457 789
493 739
499 739
499 789
501 704
501 749
513 739
530 733
545 710
546 761
546 762
546 763
546 764
549 714
560 748
560 750
560 760
553 769
556 710
556 722
556 730
556 733
556 769
564 730
564 739
564 756
564 761
575 765
583 737
583 762
583 789
582 762
586 733
587 704
587 794
600 704
600 706
600 722
600 723
600 730
600 733
600 739
600 742
600 746
600 749
600 750
600 760
600 762
600 763
600 769
600 794
600 798
604 725
604 746
614 715
614 798
615 700
615 719
615 739
615 750
615 756
615 760
615 761
618 715
620 730
620 739
620 741
620 778
626 707
626 733
633 704
633 706
633 746
633 749
633 760
633 769
633 789
633 798
634 705
634 737
646 762
635 704
635 710
635 714
635 722
635 730
635 741
635 779
636 715
636 739
636 750
647 739
637 742
637 762
637 789
643 715
643 719
643 725
643 733
643 746
643 749
643 750
643 756
643 798
644 762
645 706
649 705
649 714
649 715
649 719
649 723
649 730
649 741
649 778
649 779
649 789
649 793
649 794
649 798
650 700
650 714
650 733
650 748
650 762
650 765
650 779
650 794
650 798
651 714
659 761
664 749
664 797
663 700
663 704
663 707
663 710
663 715
663 719
663 725
663 730
663 737
663 739
663 743
663 746
663 750
663 756
663 760
663 761
663 762
663 769
663 789
663 794
663 798
639 719
639 749
639 760
639 761
639 794
674 733
674 749
677 760
684 756
686 710
686 769
688 743
689 749
689 789
689 798
695 704
695 730
695 733
695 737
695 756
695 761
695 762
695 769
695 789
703 714
704 714
704 723
704 762
704 765
704 789
705 710
705 714
705 795
706 710
706 714
706 741
706 748
706 761
706 765
706 778
706 789
707 710
707 714
707 742
707 762
707 769
707 784
707 794
707 795
708 707
708 714
708 764
708 784
708 789
709 714
710 704
710 707
710 714
710 762
710 769
710 784
710 789
710 795
696 714
711 714
712 714
712 795
713 714
715 719
716 715
717 715
718 715
719 715
719 723
720 715
721 715
722 719
722 723
722 733
722 737
722 739
722 746
722 748
722 760
722 761
722 762
722 763
722 765
722 769
722 784
722 789
723 719
725 749
725 789
724 725
724 741
726 739
726 756
727 737
727 739
728 706
728 739
728 756
729 739
730 704
730 733
730 739
730 743
730 749
730 750
731 739
732 739
733 739
737 739
738 739
738 748
734 739
735 739
742 704
742 707
742 722
742 762
742 769
742 789
744 746
745 746
745 750
697 704
697 705
697 730
697 742
697 748
697 789
697 794
749 730
749 750
749 789
749 798
321 704
321 750
321 769
751 756
754 756
752 756
753 756
755 756
758 760
759 704
759 730
759 760
759 762
759 763
759 769
759 789
763 733
763 765
764 762
764 765
766 706
766 722
766 737
766 741
766 749
766 762
766 765
766 789
762 704
762 789
769 707
769 710
769 722
769 742
769 749
772 798
788 705
788 707
788 733
788 742
788 761
788 762
788 769
780 771
782 749
782 798
784 704
784 705
784 707
784 710
784 762
784 765
784 789
789 704
789 705
789 710
789 717
789 722
789 730
789 749
789 762
789 769
789 784
789 794
789 795
789 798
792 733
792 793
791 769
791 793
791 794
794 723
794 789
794 795
795 704
795 723
795 789
795 794
796 742
796 797
796 798
797 798
802 769
801 749
804 749
805 704
805 710
805 749
805 789
810 704
810 705
810 791
813 704
813 722
813 733
813 762
813 763
816 742
816 763
816 784
816 797
334 704
334 741
334 789
823 789
826 761
826 765
825 737
836 763
836 765
838 730
841 765
844 730
844 794
844 795
854 762
852 762
853 789
860 730
861 707
861 762
865 705
865 730
865 762
865 769
865 784
870 730
870 733
870 761
871 710
871 717
871 784
873 730
879 737
883 730
885 794
895 741
895 794
896 741
898 762
904 761
904 763
904 797
907 704
907 733
911 704
911 769
911 789
911 794
911 795
915 762
918 763
921 761
928 762
926 769
937 795
946 704
946 707
946 722
946 744
946 762
946 765
947 737
947 764
954 742
956 722
956 742
956 764
956 765
956 784
933 704
933 789
933 795
967 742
967 789
970 784
971 710
971 762
971 789
971 794
974 762
978 761
981 704
981 789
982 705
982 794
984 704
984 789
985 704
985 789
986 704
986 722
986 789
986 791
988 722
988 737
988 762
992 794
993 722
993 761
993 762
993 765
993 789
994 707
994 710
994 742
994 762
994 789
996 722
996 762
996 764
996 765
998 789
1005 789
999 789
1000 765
1000 789
1006 762
1006 789
1001 789
1002 789
1003 789
1004 789
1013 762
1013 769
1009 707
1023 722
1023 742
1029 705
1029 707
1029 742
1029 761
1029 762
1029 769
1029 771
1029 784
1035 742
1037 722
1037 761
1038 707
1038 710
1042 769
1043 762
1043 763
1043 769
1044 769
1045 769
1046 710
1046 769
1047 769
1048 769
1049 769
1051 762
1055 737
1055 761
1055 762
1055 771
1058 784
1059 784
1060 784
1062 705
1062 707
1062 710
1062 722
1062 763
1062 764
1062 765
1075 763
1097 737
1097 762
1098 722
1098 764
1111 722
1114 705
1114 710
1125 737
1129 761
1129 762
1133 737
1133 761
1133 762
1135 710
1135 722
1135 765
1137 763
1142 705
1142 762
1151 722
1151 737
1151 761
1151 762
1151 763
1151 764
1151 765
1156 762
922 710
922 761
922 762
922 763
1164 761
1166 737
1166 741
1166 761
1166 762
1166 763
1166 764
1166 765
1167 710
1167 717
1167 762
1185 762
1185 771
1185 797
1193 762
1196 737
1200 765
1202 722
1204 710
1210 722
1210 737
1210 762
1210 763
1210 764
1210 765
1211 710
1211 761
1211 762
1215 762
1221 765
1221 791
1230 710
1230 763
1233 761
1235 717
1235 762
1236 763
1247 762
1247 765
1253 717
1253 761
1259 791
1261 763
1267 722
1267 763
1278 710
1278 717
1279 710
1279 717
1279 762
1279 771
1286 737
1286 765
1290 762
1297 710
1297 762
1299 791
1305 762
1305 765
1319 717
1319 762
1319 764
1322 710
1335 761
1335 762
1350 763
1352 717
1352 761
1352 763
1360 762
1360 763
1362 771
1357 762
1368 771
1373 762
1374 737
1374 762
1374 765
1378 762
1380 717
1380 762
1384 762
1386 761
1386 763
1386 771
1390 762
1395 722
1395 762
1395 763
1420 761
1428 765
1184 765
1441 761
1462 771
1463 762
1463 765
1468 762
1470 737
1470 762
1471 762
1473 763
1480 763
1483 771
1487 763
1489 797
1492 763
1492 764
1496 722
1496 762
1496 763
1496 764
1496 765
1497 771
1498 762
1500 737
1501 762
1506 771
1510 771
1522 741
1522 762
1522 763
1525 763
1537 737
1537 762
1539 771
1540 771
1541 771
1543 771
1545 771
1546 771
1542 722
1542 737
1542 762
1542 771
1552 761
1547 722
1549 722
1549 737
1549 761
1549 762
1549 763
1549 764
1549 765
1566 741
1566 761
1583 762
1583 764
1585 762
1594 762
1594 763
1608 737
1608 761
1608 762
1608 763
1608 765
1613 763
1614 762
1614 763
1615 761
1615 763
1623 737
1623 761
1634 797
1635 797
1644 737
1644 762
1564 764
1667 737
1701 737
1697 762
1700 762
1700 778
1705 765
1717 722
1717 762
1722 737
1730 762
1734 764
1754 762
1756 722
1756 744
1756 763
1766 722
1767 762
1769 765
1772 763
1772 764
1783 761
1783 764
1792 761
1811 722
1811 762
1803 762
1808 722
1808 762
1808 765
1814 737
1814 762
1820 762
1823 737
1823 763
1823 765
1835 762
1836 722
1838 761
1838 764
1847 761
1848 762
1868 764
1885 762
1885 765
1887 763
1888 764
1891 762
1897 763
1918 764
1919 764
1919 765
1922 741
1922 762
1925 762
1964 765
1979 762
1985 762
1986 761
1991 765
1992 764
1997 761
1997 764
2001 764
2009 762
2061 765
2062 722
2062 761
2062 764
2072 722
2102 762
2102 778
2105 761
2109 762
2110 762
2119 765
2118 737
2118 764
2118 765
2120 737
2120 764
2120 765
2128 764
2133 722
2133 765
2135 737
2135 741
2135 762
2144 737
2145 737
2156 761
2156 762
2159 764
2160 761
2160 762
2161 761
2163 761
2164 761
2176 762
2186 741
2225 764
2230 744
2231 744
2229 762
2236 762
2236 764
2237 737
2237 762
2240 737
2255 722
2256 741
2256 765
2256 778
2257 737
2257 765
2258 762
2274 722
2274 744
2297 737
2323 737
2326 762
2328 722
2328 744
2328 765
2364 762
2365 762
2369 737
2371 722
2371 762
2375 741
2375 762
2375 765
2381 762
2379 762
2387 737
2387 762
2407 722
2410 737
2416 762
2440 737
2472 765
2473 765
2485 737
2485 762
2485 765
2504 737
2504 762
2507 765
2510 765
2541 762
2542 765
2547 762
2549 762
2550 765
2555 765
2566 762
2557 765
2559 762
2559 765
2564 737
2565 737
2565 762
2565 765
2576 765
2578 765
2585 762
2593 765
2594 737
2596 765
2474 737
2474 762
2474 765
2599 762
2608 765
2612 737
2612 765
2613 737
2613 762
2617 765
2618 762
2623 737
2623 741
2646 765
2651 737
2651 762
2653 737
2653 778
2655 762
2658 762
2700 778
2686 762
2688 737
2688 762
2660 737
2660 762
2689 737
2667 737
2693 737
2696 737
2696 762
2711 762
2719 765
2727 737
2740 765
2762 762
2765 762
2765 765
2778 762
2790 741
2790 762
2792 765
2802 765
2822 737
2822 762
2822 765
2654 762
2826 765
2758 765
2827 765
2832 762
2851 737
2859 741
2859 762
2859 778
2871 737
2871 762
2872 762
2872 778
2889 737
2909 737
2932 762
2940 762
2948 762
2967 762
2968 762
2972 737
2972 778
2974 762
2988 737
3009 762
3006 762
3026 737
3027 737
3028 737
3028 762
3032 737
3032 762
3033 762
3034 762
3040 762
3062 762
3088 737
3092 737
3098 762
3109 737
2003 762
3144 778
3169 762
3168 762
3191 737
3227 737
3274 762
3290 737
3325 762
3345 737
3350 737
3352 762
3375 737
3378 737
3378 762
3388 737
3388 762
3394 737
3394 762
3394 778
3402 762
3404 737
3417 762
3443 762
3447 737
3449 737
3449 762
3452 737
3452 762
3453 737
3454 737
3454 762
3456 737
3458 737
3469 737
3498 737
3519 737
3527 778
3541 762
3568 737
3601 737
3607 762
3614 737
3615 762
3615 778
3631 737
3631 762
3634 737
3639 762
3641 737
3641 762
3642 778
3643 737
3645 737
3658 737
3660 762
3666 737
3666 762
3682 778
3723 762
3728 737
3728 762
3743 737
3749 737
3782 762
3785 737
3786 737
3787 737
3787 762
3792 762
3796 737
3796 762
3794 737
3813 737
3830 737
3842 778
3843 762
3854 737
3648 778
3877 737
3902 737
3956 737
3965 737
3969 737
3976 737
3976 762
3982 737
4001 737
4040 737
4041 737
2981 737
4063 737
4077 737
4077 762
4065 762
4072 762
4099 737
4076 762
4124 737
4124 762
4127 762
4138 737
4144 762
4151 762
4152 737
4152 762
4189 737
4191 737
4197 762
4212 737
4219 762
4222 762
4276 737
4292 737
4297 737
4298 737
4315 762
4319 737
4329 762
4335 737
4343 762
4353 737
4364 762
4371 762
4415 762
4433 762
4448 762
4493 762
4486 762
4494 762
4495 762
4488 737
4488 762
4489 762
4490 762
4496 762
4491 762
4497 762
4534 737
4550 737
4564 737
4665 737
4714 737
4717 737
4712 737
4781 737
4796 737
4792 737
4813 737
4818 737
4824 737
4829 737
4846 737
4943 737
4948 737
4964 737
4967 737
4938 737
4974 737
4988 737
5002 737
5008 737
5029 737
5069 737
5079 737
5099 737
5102 737
4828 737
5119 737
5171 737
5175 737
4795 737
5176 737
4310 737
5179 737
5184 737
5188 737
5189 737
5190 737
5203 737
5233 737
5250 737
5285 737
5312 737
5352 737
5382 737
5478 737
5482 737
5484 737
5462 737
5515 737
5521 737
5526 737
5531 737
5532 737
5534 737
5543 737
5584 737
5606 737
5612 737
5620 737
6710 737
7522 737
7523 737
7524 737
7525 737
