11 2202
11 2205
11 2206
11 2210
11 2237
11 2240
11 2241
11 2246
11 2252
11 2253
11 2257
11 2273
11 2289
11 2294
12 2252
15 2229
20 2281
20 2285
21 2202
24 2209
24 2225
24 2237
24 2264
24 2276
36 2237
36 2241
36 2297
42 2241
47 2240
29 2252
29 2273
56 2211
60 2252
62 2247
66 2237
71 2210
87 2256
87 2264
94 2237
106 2211
68 2209
68 2237
68 2264
68 2276
109 2273
122 2209
122 2237
122 2240
122 2252
122 2256
122 2257
122 2289
113 2264
127 2237
127 2252
127 2290
128 2276
128 2290
172 2211
172 2225
172 2240
172 2273
172 2297
173 2202
173 2210
173 2211
173 2237
173 2241
173 2246
173 2253
173 2273
173 2276
178 2210
180 2246
166 2276
187 2290
204 2211
215 2234
215 2240
215 2241
215 2242
259 2210
263 2210
280 2246
290 2210
290 2225
302 2289
304 2210
304 2246
304 2276
306 2206
306 2209
306 2240
306 2257
306 2276
308 2297
310 2241
310 2246
310 2257
310 2297
311 2206
311 2210
311 2225
311 2241
311 2257
311 2297
327 2205
341 2205
341 2242
348 2264
346 2251
346 2252
356 2210
363 2237
376 2253
383 2206
383 2297
403 2264
407 2211
407 2264
425 2231
432 2237
432 2251
432 2257
432 2264
449 2209
457 2209
457 2225
457 2237
457 2240
457 2241
457 2246
457 2252
457 2253
457 2273
457 2277
457 2289
501 2209
521 2257
534 2210
546 2209
546 2210
546 2289
546 2297
580 2258
601 2251
600 2210
600 2225
600 2251
600 2256
600 2297
634 2225
634 2289
647 2281
637 2237
643 2253
644 2264
650 2225
650 2234
663 2223
663 2242
695 2210
695 2240
695 2252
704 2225
704 2231
710 2225
710 2276
710 2290
722 2234
722 2237
722 2251
722 2252
722 2256
722 2294
727 2256
738 2276
697 2225
749 2225
749 2258
763 2257
763 2294
764 2205
764 2294
766 2209
766 2225
766 2231
766 2237
766 2240
766 2241
766 2251
766 2252
766 2256
766 2257
766 2258
766 2264
766 2276
766 2290
766 2297
769 2210
769 2225
769 2231
769 2256
788 2240
784 2211
784 2225
784 2237
784 2256
784 2257
784 2290
784 2297
789 2210
789 2211
789 2237
789 2240
789 2273
789 2276
789 2281
795 2210
798 2289
805 2237
805 2297
813 2209
813 2210
813 2241
813 2251
813 2252
813 2264
813 2290
813 2297
820 2237
820 2240
334 2202
826 2225
826 2231
826 2237
826 2240
826 2242
826 2251
826 2256
826 2294
825 2209
825 2237
825 2252
825 2276
825 2285
825 2290
831 2247
836 2225
836 2240
836 2256
841 2256
842 2251
854 2206
854 2234
854 2251
854 2297
856 2210
856 2231
856 2252
852 2210
865 2210
865 2297
879 2209
879 2237
879 2240
879 2257
879 2297
904 2210
904 2253
904 2273
904 2276
904 2281
904 2290
907 2211
907 2281
937 2251
946 2225
946 2241
946 2290
946 2294
947 2237
954 2205
954 2206
956 2210
956 2246
974 2209
974 2237
974 2240
974 2289
975 2211
986 2237
986 2251
986 2256
988 2209
988 2210
988 2225
988 2231
988 2237
988 2240
988 2251
988 2252
988 2256
988 2257
988 2290
988 2297
993 2211
993 2225
993 2246
994 2209
996 2209
996 2210
996 2225
996 2231
996 2240
996 2241
996 2246
996 2251
996 2253
996 2273
996 2281
1000 2240
1000 2264
1006 2202
1006 2231
1011 2210
1012 2247
1018 2237
1009 2202
1024 2264
1037 2210
1037 2225
1041 2276
1041 2277
1042 2231
1042 2256
1050 2210
1050 2211
1050 2253
1050 2264
1051 2285
1055 2285
1062 2225
1062 2240
1062 2241
1062 2251
1062 2256
1064 2225
872 2225
872 2264
1074 2273
1074 2285
1075 2237
1084 2210
1097 2256
1098 2225
1098 2240
1098 2241
1098 2251
1098 2256
1098 2264
1098 2294
1098 2297
1124 2205
1132 2237
1132 2257
1132 2290
1133 2210
1133 2229
1133 2240
1133 2276
1133 2289
1135 2225
1135 2240
1135 2246
1135 2256
1135 2276
1137 2205
1137 2241
1151 2202
1151 2206
1151 2209
1151 2210
1151 2211
1151 2225
1151 2229
1151 2240
1151 2241
1151 2246
1151 2251
1151 2253
1151 2257
1151 2258
1151 2264
1151 2273
1151 2297
1166 2205
1166 2209
1166 2210
1166 2211
1166 2223
1166 2225
1166 2231
1166 2237
1166 2240
1166 2251
1166 2256
1166 2257
1166 2258
1166 2264
1166 2273
1166 2276
1166 2281
1166 2285
1166 2289
1166 2290
1166 2297
1167 2210
1167 2225
1167 2256
1185 2237
1200 2225
1200 2231
1200 2251
1200 2264
1200 2297
1202 2251
1204 2231
1210 2210
1210 2211
1210 2240
1210 2253
1210 2273
1210 2281
1210 2297
1211 2225
1215 2264
1215 2285
1221 2210
1221 2225
1221 2241
1221 2290
1236 2251
1236 2257
1241 2210
1247 2251
1247 2257
1259 2209
1267 2251
1280 2251
1286 2206
1291 2251
1291 2256
1291 2297
1293 2294
1297 2210
1297 2256
1297 2297
1305 2209
1305 2225
1305 2231
1305 2251
1305 2252
1305 2256
1305 2257
1305 2264
1305 2290
1305 2294
1305 2297
1319 2231
1319 2240
1336 2237
1350 2240
1350 2285
1352 2211
1353 2276
1357 2264
1367 2290
1368 2210
1374 2202
1374 2223
1374 2225
1374 2246
1374 2253
1374 2257
1374 2258
1374 2264
1374 2273
1382 2257
1378 2246
1386 2205
1386 2241
1390 2264
1390 2297
1395 2202
1395 2225
1395 2240
1395 2241
1395 2246
1395 2251
1395 2264
1395 2297
1420 2211
1419 2256
1419 2277
1419 2294
1419 2297
1424 2225
1424 2251
1428 2202
1428 2210
1428 2211
1428 2252
1428 2256
1428 2276
1428 2290
1441 2242
1462 2285
1463 2264
1468 2264
1466 2264
1470 2209
1470 2252
1473 2225
1473 2289
1489 2256
1489 2281
1492 2225
1492 2251
1492 2256
1496 2211
1496 2225
1496 2241
1496 2251
1496 2256
1496 2297
1497 2297
1500 2210
1500 2240
1500 2256
1501 2225
1501 2290
1504 2231
1521 2225
1521 2241
1521 2297
1522 2210
1522 2297
1538 2256
1537 2240
1537 2256
1537 2289
1542 2240
1542 2276
1549 2209
1549 2211
1549 2225
1549 2231
1549 2233
1549 2237
1549 2240
1549 2241
1549 2242
1549 2251
1549 2252
1549 2256
1549 2257
1549 2258
1549 2264
1549 2273
1549 2276
1549 2277
1549 2281
1549 2285
1549 2290
1549 2294
1549 2297
1550 2289
1555 2206
1555 2264
1566 2246
1583 2202
1583 2225
1583 2231
1583 2241
1583 2256
1583 2273
1583 2297
1585 2210
1585 2252
1603 2240
1608 2205
1608 2210
1608 2225
1608 2231
1608 2240
1608 2242
1608 2246
1608 2251
1608 2253
1608 2256
1608 2264
1608 2273
1608 2285
1608 2290
1608 2297
1613 2223
1614 2205
1614 2225
1614 2256
1614 2297
1621 2205
1621 2210
1621 2211
1621 2240
1621 2246
1621 2273
1622 2285
1639 2237
1639 2241
1644 2211
1644 2237
1661 2210
1658 2297
1670 2240
1670 2294
1647 2252
1684 2225
1697 2237
1697 2252
1697 2258
1700 2202
1700 2244
1700 2256
1711 2210
1705 2241
1705 2251
1705 2256
1705 2264
1717 2210
1717 2281
1719 2289
1729 2264
1732 2256
1730 2246
1734 2241
1734 2246
1746 2237
1748 2237
1748 2264
1749 2210
1749 2231
1749 2285
1754 2211
1754 2240
1754 2251
1756 2240
1756 2246
1756 2253
1756 2273
1766 2240
1766 2290
1767 2209
1767 2237
1767 2256
1767 2277
1769 2253
1772 2210
1772 2246
1772 2264
1772 2294
1751 2211
1751 2252
1783 2237
1783 2241
1783 2246
1783 2251
1789 2251
1795 2210
1795 2251
1795 2290
1799 2223
1800 2246
1811 2240
1808 2234
1808 2256
1808 2297
1813 2210
1814 2225
1814 2251
1814 2256
1814 2276
1816 2256
1820 2225
1820 2231
1820 2256
1820 2290
1820 2297
1835 2210
1835 2240
1835 2297
1837 2205
1837 2251
1838 2210
1832 2210
1848 2256
1855 2237
1868 2210
1868 2211
1868 2241
1868 2253
1875 2225
1875 2256
1875 2264
1885 2210
1885 2225
1885 2231
1885 2256
1885 2257
1888 2205
1888 2210
1888 2211
1888 2253
1888 2276
1891 2205
1915 2237
1919 2205
1919 2210
1919 2211
1919 2241
1919 2246
1919 2251
1919 2253
1919 2264
1919 2273
1919 2285
1919 2290
1922 2202
1922 2225
1922 2231
1922 2251
1922 2256
1922 2273
1922 2276
1922 2294
1943 2285
1947 2210
1951 2257
1951 2297
1962 2211
1967 2209
1967 2252
1972 2209
1972 2210
1972 2225
1972 2252
1972 2256
1972 2257
1972 2285
1972 2290
1972 2297
1977 2240
1977 2246
1980 2240
1980 2241
1984 2252
1985 2209
1985 2231
1985 2241
1985 2276
1986 2211
1991 2225
1991 2256
1991 2264
1997 2202
1997 2210
1997 2240
1997 2241
1997 2246
1997 2273
1794 2225
1794 2246
1794 2251
1794 2297
2001 2241
2009 2237
2009 2257
2009 2297
2014 2237
2014 2253
2016 2237
2052 2246
2062 2202
2062 2205
2062 2206
2062 2210
2062 2211
2062 2241
2062 2246
2062 2253
2062 2273
2062 2277
2062 2285
2062 2297
2065 2225
2065 2240
2068 2242
2071 2211
2072 2210
2072 2240
2072 2256
2072 2264
2084 2244
2084 2247
2085 2264
2091 2210
2092 2247
2093 2240
2099 2244
2099 2247
2099 2290
2105 2206
2105 2231
2109 2210
2114 2251
2115 2210
2116 2206
2116 2234
2116 2256
2116 2273
2118 2209
2118 2240
2118 2246
2118 2256
2120 2205
2120 2206
2120 2211
2120 2225
2120 2234
2120 2242
2120 2246
2120 2276
2120 2281
2120 2285
2120 2290
2129 2210
2133 2240
2135 2225
2135 2251
2135 2256
2135 2289
2144 2210
2145 2210
2145 2258
2145 2289
2145 2297
2156 2205
2156 2211
2156 2233
2156 2241
2156 2294
2159 2210
2159 2241
2159 2246
2159 2253
2169 2202
2169 2241
2169 2246
2169 2285
2169 2294
2174 2210
2174 2256
2174 2276
2176 2205
2176 2237
2178 2285
2184 2264
2186 2209
2186 2264
2193 2240
2194 2242
2198 2247
2200 2202
2201 2202
2206 2233
2206 2234
2209 2252
2210 2211
2210 2246
2210 2253
2234 2285
2228 2234
2230 2231
2230 2234
2230 2240
2230 2256
2231 2234
2231 2294
2229 2209
2229 2225
2229 2231
2229 2234
2229 2237
2229 2252
2229 2289
2232 2234
2233 2234
2233 2251
2236 2225
2236 2231
2236 2241
2236 2246
2236 2251
2236 2256
2236 2273
2237 2209
2237 2251
2237 2252
2237 2256
2237 2257
2237 2276
2237 2289
2237 2290
2237 2297
2239 2241
2240 2209
2240 2237
2240 2241
2240 2256
2240 2285
2243 2242
2246 2210
2249 2281
2250 2246
2251 2231
2252 2251
2252 2253
2255 2290
2256 2225
2256 2240
2256 2264
2256 2294
2257 2225
2257 2246
2258 2246
2259 2246
2267 2273
2268 2273
2269 2273
2270 2273
2274 2240
2278 2276
2282 2285
2285 2210
2285 2231
2290 2209
2290 2210
2290 2252
2290 2257
2290 2289
2290 2297
2288 2290
2289 2237
2289 2290
2297 2209
2297 2210
2297 2225
2297 2240
2297 2290
2298 2289
2299 2251
2299 2256
2308 2285
2310 2285
2311 2285
2312 2285
2313 2285
2314 2285
2315 2285
2309 2285
2316 2285
2317 2285
2318 2285
2319 2285
2320 2285
2321 2285
2322 2289
2323 2210
2323 2225
2323 2240
2323 2252
2323 2297
2326 2209
2326 2210
2326 2252
2326 2257
2326 2289
2326 2290
2326 2297
2328 2209
2328 2210
2328 2240
2328 2252
2328 2257
2328 2264
2328 2297
2272 2225
2364 2290
2365 2252
2365 2256
2365 2297
2369 2276
2371 2225
2371 2251
2371 2256
2371 2264
2375 2240
2375 2256
2376 2237
2376 2240
2381 2252
2381 2297
2379 2257
2384 2237
2384 2256
2398 2209
2398 2210
2398 2297
2411 2209
2411 2210
2411 2251
2411 2252
2411 2256
2411 2290
2427 2237
2427 2240
2435 2231
2435 2240
2435 2256
2440 2237
2440 2257
2444 2237
2456 2285
2458 2237
2472 2225
2472 2237
2472 2264
2473 2225
2473 2251
2473 2256
2473 2264
2476 2225
2476 2264
2478 2252
2485 2225
2485 2237
2485 2256
2485 2257
2485 2289
2485 2297
2487 2240
2488 2240
2497 2225
2497 2256
2497 2297
2502 2297
2504 2252
2504 2256
2504 2297
2506 2251
2507 2225
2507 2231
2507 2264
2510 2231
2510 2294
2531 2256
2535 2240
2541 2251
2541 2256
2542 2225
2542 2231
2542 2252
2542 2264
2542 2290
2542 2297
2546 2297
2547 2209
2547 2290
2547 2297
2549 2251
2549 2256
2550 2233
2550 2264
899 2225
2557 2264
2559 2225
2559 2252
2559 2256
2559 2289
2559 2290
2560 2210
2560 2231
2560 2252
2560 2256
2564 2237
2565 2209
2565 2210
2565 2223
2565 2225
2565 2231
2565 2237
2565 2240
2565 2251
2565 2252
2565 2256
2565 2257
2565 2258
2565 2264
2565 2289
2565 2290
2565 2297
2569 2294
2576 2231
2576 2251
2576 2285
2585 2210
2585 2252
2592 2237
2593 2294
2594 2256
2594 2264
2595 2237
2595 2264
2595 2276
2598 2251
2474 2210
2474 2225
2474 2229
2474 2231
2474 2240
2474 2251
2474 2256
2474 2264
2474 2294
2474 2297
2605 2251
2608 2264
2613 2237
2617 2231
2618 2209
2618 2231
2618 2240
2618 2252
2618 2256
2623 2209
2623 2257
2620 2294
2646 2256
2647 2264
2651 2209
2651 2225
2651 2231
2651 2240
2651 2252
2651 2256
2651 2257
2651 2289
2651 2290
2653 2206
2653 2209
2653 2237
2653 2252
2653 2257
2655 2210
2657 2252
2657 2257
2657 2297
2658 2209
2658 2240
2658 2252
2658 2257
2658 2290
2658 2297
2665 2251
2665 2256
2662 2256
2671 2294
2672 2294
2673 2294
2674 2209
2674 2225
2674 2231
2674 2251
2674 2252
2674 2290
2674 2297
2699 2210
2699 2252
2700 2209
2700 2210
2700 2252
2700 2257
2700 2290
2700 2297
2701 2225
2701 2264
2686 2225
2686 2231
2686 2237
2686 2285
2686 2290
2686 2297
2702 2225
2702 2251
2703 2225
2703 2231
2703 2290
2703 2297
2688 2209
2688 2210
2688 2225
2688 2231
2688 2237
2688 2240
2688 2251
2688 2252
2688 2256
2688 2257
2688 2258
2688 2276
2688 2289
2688 2290
2688 2297
2704 2225
2704 2231
2704 2237
2704 2251
2704 2256
2660 2210
2660 2231
2660 2252
2689 2257
2667 2276
2690 2225
2690 2231
2693 2209
2693 2252
2693 2289
2693 2290
2693 2297
2696 2225
2696 2237
2697 2231
2698 2297
2719 2252
2727 2251
2727 2289
2727 2297
2733 2206
2733 2237
2747 2257
2747 2289
2747 2290
2746 2256
2760 2258
2765 2257
2765 2273
2768 2264
2775 2285
2775 2297
2789 2257
2790 2209
2790 2231
2790 2256
2790 2297
2791 2297
2792 2264
2804 2209
2804 2252
2822 2256
2654 2210
2654 2252
2654 2297
2831 2256
2838 2290
2840 2256
2840 2264
2855 2225
2855 2264
2856 2264
2857 2264
2858 2264
2859 2237
2859 2264
2871 2210
2871 2225
2871 2231
2871 2240
2871 2251
2871 2252
2871 2256
2871 2257
2871 2290
2871 2297
2872 2225
2883 2277
2898 2297
2909 2237
2912 2231
2912 2251
2923 2252
2923 2256
2940 2210
2940 2240
2940 2251
2940 2273
2940 2290
2940 2297
2948 2251
2951 2297
2958 2225
2958 2256
2964 2210
2964 2225
2964 2237
2964 2256
2967 2209
2967 2210
2967 2237
2967 2240
2967 2252
2967 2256
2967 2257
2967 2290
2967 2297
2968 2225
2968 2251
2968 2258
2968 2297
2972 2237
2972 2240
2972 2273
2978 2237
2988 2252
2988 2257
2994 2237
3007 2251
3000 2225
3009 2252
3009 2290
3009 2297
3005 2210
3005 2256
3005 2297
3006 2225
3006 2256
3010 2209
3010 2251
3010 2252
3010 2257
3010 2297
2707 2225
2707 2237
2707 2251
2707 2289
3015 2258
3017 2256
3018 2256
3020 2225
3020 2231
3024 2225
3024 2231
3025 2237
3026 2209
3026 2225
3026 2237
3026 2251
3026 2252
3028 2209
3028 2210
3028 2231
3028 2237
3028 2252
3028 2256
3028 2257
3028 2297
3031 2206
3031 2231
3032 2252
3032 2257
3032 2285
3032 2289
3032 2290
3033 2251
3033 2289
3033 2290
3033 2297
3034 2231
3034 2237
3035 2237
2713 2209
2713 2210
2713 2252
2713 2257
2713 2289
2713 2290
2713 2297
3037 2256
3038 2256
3039 2256
3040 2256
3041 2256
3042 2256
3043 2256
3044 2256
3046 2251
3056 2209
3056 2251
3056 2290
3055 2209
3055 2231
3055 2257
3059 2237
3059 2251
3047 2251
3060 2251
2356 2210
2356 2289
3062 2225
3062 2231
3071 2251
3072 2251
3073 2251
3074 2251
3075 2251
3076 2251
3084 2210
3088 2225
3088 2237
3092 2225
3098 2225
3098 2231
3095 2225
3095 2231
3107 2210
3107 2297
2842 2209
2842 2231
2842 2252
2842 2290
2842 2297
3108 2237
2003 2231
3144 2209
3144 2237
3144 2290
3145 2240
3147 2225
3148 2297
3159 2237
3168 2289
3175 2257
3180 2225
3180 2290
3180 2297
3192 2210
3192 2297
3191 2277
3196 2257
3199 2237
3208 2237
3209 2225
3209 2237
3209 2290
3212 2237
3213 2237
3215 2237
3214 2237
3216 2237
3210 2237
3217 2237
532 2237
3219 2237
3220 2237
3221 2237
1509 2237
3211 2237
3218 2237
3222 2237
3223 2237
3224 2237
3225 2225
3233 2285
3238 2225
3252 2209
3262 2297
3276 2210
3276 2240
3276 2297
3291 2240
3291 2290
3297 2210
3304 2257
3304 2297
3315 2258
3290 2237
3290 2252
3290 2290
3317 2210
3321 2237
3325 2290
3333 2290
3343 2209
3345 2297
3349 2209
3349 2252
3350 2237
3352 2240
3352 2252
3352 2257
3352 2289
3352 2297
3375 2290
3377 2297
3378 2297
3379 2209
3379 2252
3379 2290
3379 2297
3380 2290
3380 2297
3381 2290
3381 2297
3382 2297
3383 2297
3384 2297
3385 2297
3394 2209
3394 2237
3394 2252
3394 2257
3402 2237
3402 2252
3404 2257
3404 2276
3404 2290
3390 2258
3417 2237
3417 2257
3444 2252
3439 2206
3439 2209
3439 2210
3439 2290
3447 2237
3447 2258
3447 2285
3449 2237
3449 2240
3449 2258
3449 2276
3450 2240
3451 2289
3452 2237
3452 2240
3453 2237
3453 2240
3453 2258
3454 2210
3454 2237
3454 2289
3456 2240
3456 2276
3456 2289
3457 2257
3457 2289
3458 2257
3459 2276
3461 2252
3461 2277
3466 2209
3470 2209
3470 2252
3472 2237
3472 2285
3479 2237
3481 2290
3482 2209
3482 2252
3482 2257
3483 2209
3477 2209
3477 2210
3477 2252
3477 2257
3492 2285
3495 2285
3491 2285
3498 2237
3498 2290
3499 2285
3512 2209
3519 2237
3523 2257
3527 2257
3531 2290
3532 2290
3541 2210
3553 2252
3557 2257
3562 2210
3568 2257
3569 2210
3576 2252
3577 2252
3528 2257
3593 2237
3601 2276
3603 2237
3607 2237
3611 2257
3614 2257
3614 2258
3614 2276
3615 2237
3615 2240
3615 2252
3622 2257
3624 2210
3624 2237
3624 2240
3630 2240
3630 2276
3631 2258
3633 2252
3634 2240
3634 2276
3635 2289
3641 2210
3641 2276
3642 2276
3642 2277
3642 2285
3643 2276
3645 2210
3645 2289
3646 2210
3658 2237
3658 2257
3659 2289
3660 2252
3660 2289
3661 2210
3665 2223
3666 2210
3666 2240
3666 2252
3685 2237
3688 2289
3691 2289
3724 2210
3724 2289
3735 2210
3748 2289
3720 2210
3767 2210
3770 2210
3786 2252
3786 2258
3786 2273
3786 2277
3787 2237
3787 2252
3787 2258
3796 2237
3794 2237
3798 2210
3813 2258
3813 2289
3814 2210
3814 2252
3815 2210
3815 2276
3830 2240
3854 2237
3854 2258
3871 2237
3869 2237
3872 2210
3872 2237
3905 2289
3917 2237
3924 2210
3949 2210
3956 2276
3961 2210
3961 2252
3969 2240
3976 2240
3976 2276
3982 2276
4000 2210
4001 2289
4006 2210
4007 2210
4016 2210
4015 2210
4036 2258
4040 2237
4040 2240
4040 2277
4044 2237
4044 2240
4045 2237
4045 2240
4045 2276
4077 2237
4065 2289
4070 2258
4072 2237
4072 2240
4073 2276
4099 2240
4099 2258
4123 2289
4124 2229
4124 2289
4127 2237
4127 2240
4138 2289
4142 2240
4148 2289
3995 2276
4211 2289
4212 2237
4212 2289
4219 2240
4220 2240
4222 2240
4223 2240
4224 2240
4221 2240
4225 2240
4234 2289
4261 2289
4276 2258
4297 2276
4315 2289
4347 2223
4353 2258
4383 2223
4404 2289
4415 2237
4468 2258
4483 2276
4536 2258
4550 2258
4557 2276
4600 2237
4632 2223
4632 2276
4632 2285
4659 2237
4681 2223
4687 2237
4687 2285
4688 2237
4781 2276
4792 2273
4798 2223
4818 2237
4824 2276
4824 2277
4832 2237
4857 2237
4833 2237
4834 2237
4835 2237
4836 2237
4837 2237
4838 2237
4839 2237
4840 2237
4858 2237
4841 2237
4842 2237
4843 2237
4844 2237
4859 2237
4860 2237
4845 2237
4846 2237
4847 2237
4848 2237
4849 2237
4850 2237
4861 2237
4862 2237
4851 2237
4852 2237
4863 2237
4853 2237
4854 2237
4855 2237
4856 2237
4899 2276
4967 2258
4967 2273
4967 2276
4988 2276
5002 2276
5022 2285
5020 2276
5079 2273
5079 2276
5079 2285
4828 2273
5123 2276
5125 2273
5140 2273
5160 2285
5171 2258
4795 2276
5176 2258
5176 2276
4310 2258
4310 2276
4310 2285
5179 2258
5179 2276
5180 2258
5184 2258
5184 2276
5185 2273
5185 2277
5188 2258
5189 2258
5189 2276
5189 2277
5190 2258
5246 2276
5263 2258
5263 2277
5301 2276
5301 2285
5382 2258
5391 2258
5439 2273
5457 2276
5457 2277
5524 2273
5531 2273
5531 2276
5531 2285
5532 2285
5543 2276
5553 2258
5562 2277
5582 2276
5600 2258
5612 2276
5639 2258
5644 2273
5655 2276
5656 2276
5684 2258
5684 2276
5697 2273
5739 2273
5787 2276
5796 2276
5804 2276
5809 2276
5814 2276
5816 2273
5816 2285
5818 2285
5819 2276
5821 2285
5822 2285
5857 2276
5857 2285
5934 2276
6042 2276
6043 2276
6072 2223
6223 2285
6305 2285
6380 2223
6327 2285
6538 2285
6578 2285
6579 2285
6580 2285
6586 2285
6581 2285
6582 2285
6583 2285
6587 2285
6584 2285
6588 2285
6585 2285
6596 2223
4401 2223
6907 2223
7047 2223
7280 2223
7301 2223
7391 2223
7490 2223
7675 2223
7743 2223
7810 2223
7818 2223
7964 2223
7980 2223
8005 2223
