11 6496
24 6441
24 6496
36 6437
36 6496
42 6437
42 6458
44 6432
44 6437
29 6498
72 6437
87 6400
87 6407
87 6437
87 6441
87 6458
87 6496
68 6400
68 6407
68 6437
109 6407
109 6417
109 6437
109 6442
109 6458
109 6464
109 6481
122 6498
113 6437
136 6441
136 6472
136 6498
172 6441
172 6498
173 6414
177 6496
182 6400
226 6437
237 6417
319 6442
364 6458
425 6424
425 6447
457 6400
457 6407
457 6409
457 6417
457 6422
457 6432
457 6437
457 6441
457 6442
457 6447
457 6458
457 6464
457 6472
457 6474
457 6481
457 6491
457 6496
457 6498
544 6458
546 6407
546 6421
546 6441
608 6414
643 6400
658 6458
695 6437
722 6432
737 6414
737 6417
737 6421
737 6422
737 6442
737 6447
737 6496
742 6424
749 6498
766 6414
766 6417
766 6432
766 6437
766 6441
766 6442
766 6458
766 6481
766 6496
788 6400
788 6407
788 6409
788 6417
788 6422
789 6432
789 6481
791 6417
813 6400
854 6496
993 6498
996 6400
996 6432
996 6437
996 6441
996 6498
1004 6414
1004 6441
1009 6417
1051 6496
1051 6498
1074 6409
1074 6424
1074 6441
1074 6474
1074 6481
1074 6491
1074 6496
1074 6498
1098 6424
1151 6414
1151 6437
1151 6458
1151 6481
1151 6496
1164 6424
1166 6400
1166 6407
1166 6414
1166 6432
1166 6437
1166 6441
1166 6496
1166 6498
1210 6498
1215 6437
1247 6417
1267 6496
1319 6496
1374 6414
1374 6496
1470 6417
1470 6432
1470 6458
1470 6474
1496 6458
1522 6462
1542 6417
1542 6447
1542 6481
1542 6496
1549 6442
1010 6417
1603 6400
1603 6407
1603 6422
1612 6414
1623 6496
1644 6414
1644 6437
1644 6498
1701 6414
1701 6496
1717 6400
1688 6496
1733 6481
1734 6462
1748 6442
1767 6437
1767 6496
1769 6441
1800 6496
1814 6421
1814 6462
1835 6437
1879 6417
1879 6442
1951 6481
1972 6437
1972 6441
1972 6458
2037 6481
2135 6496
2145 6414
2145 6437
2145 6441
2145 6498
2172 6407
2174 6498
2249 6417
2256 6409
2256 6422
2256 6432
2258 6414
2264 6458
2276 6422
2297 6437
2297 6442
2369 6414
2369 6447
2369 6458
2375 6441
2376 6437
2376 6441
2381 6400
2381 6498
2410 6414
2427 6417
2440 6414
2452 6417
2456 6414
2456 6437
2456 6458
2458 6442
2485 6417
2493 6474
2506 6422
2516 6481
2545 6437
2545 6458
2547 6407
2547 6435
2547 6481
2566 6464
2560 6422
2564 6437
2564 6442
2565 6414
2565 6417
2565 6422
2565 6424
2565 6442
2565 6496
2576 6437
2595 6437
2623 6447
2655 6422
2655 6441
2655 6498
2658 6414
2658 6417
2658 6422
2658 6442
2699 6458
2686 6414
2686 6417
2686 6422
2688 6407
2688 6417
2688 6458
2660 6417
2667 6400
2667 6407
2667 6409
2667 6414
2667 6422
2667 6432
2667 6437
2667 6441
2693 6496
2765 6441
2774 6437
2775 6437
2839 6417
2839 6442
2851 6437
2851 6442
2940 6462
2940 6496
2967 6400
2972 6414
2972 6435
2972 6441
2972 6458
2972 6462
2972 6472
2972 6474
2972 6481
2972 6491
2972 6498
2988 6400
3000 6424
3009 6417
3010 6441
3015 6481
3021 6481
3027 6441
3027 6458
3027 6498
3028 6409
3028 6427
3028 6462
3028 6474
3028 6475
3032 6432
3032 6437
3088 6407
3106 6458
3176 6400
3274 6421
3291 6432
3297 6414
3345 6458
3345 6496
3345 6498
3348 6472
3348 6498
3366 6421
3381 6414
3381 6417
3381 6432
3381 6441
3381 6442
3381 6498
3447 6414
3447 6474
3447 6481
3449 6400
3449 6432
3453 6481
3453 6496
3456 6437
3456 6458
3456 6481
3456 6496
3456 6498
3459 6432
3459 6441
3459 6481
3478 6458
3535 6437
3508 6496
3586 6407
3586 6414
3586 6427
3586 6464
3586 6481
3600 6417
3634 6400
3634 6441
3634 6481
3641 6417
3641 6464
3641 6498
3642 6400
3642 6409
3642 6414
3642 6417
3642 6422
3642 6424
3642 6435
3642 6437
3642 6441
3642 6458
3642 6462
3642 6474
3642 6475
3642 6481
3642 6496
3665 6422
3691 6498
3787 6400
3932 6458
3965 6414
3965 6496
3969 6481
3969 6496
3985 6496
4036 6417
4036 6437
4041 6400
4045 6432
4045 6437
4045 6441
4045 6481
4045 6496
4046 6414
4073 6400
4073 6417
4073 6422
4073 6424
4073 6437
4073 6472
4073 6474
4073 6481
4073 6498
4099 6437
4099 6481
4162 6496
4175 6498
4187 6422
4257 6417
4338 6422
4335 6414
4347 6414
4347 6422
4364 6422
4437 6442
4441 6414
4441 6437
4441 6458
4447 6422
4483 6417
4483 6481
4542 6422
4598 6400
4632 6414
4632 6422
4632 6432
4632 6437
4632 6441
4632 6458
4632 6474
4632 6481
4632 6498
4653 6441
4673 6407
4673 6409
4673 6424
4673 6432
4673 6441
4673 6458
4673 6474
4673 6481
4673 6498
4669 6442
4687 6400
4687 6498
4709 6458
2621 6481
4712 6407
4712 6498
4764 6442
4781 6458
4792 6421
4814 6422
4813 6441
4813 6458
4813 6481
4813 6498
4894 6417
4894 6424
4894 6435
4894 6474
4899 6441
4899 6458
4899 6481
4899 6498
4948 6481
4960 6437
4964 6407
4964 6414
4966 6472
4967 6407
4967 6409
4967 6432
4967 6437
4967 6441
4967 6458
4967 6481
4967 6496
4970 6437
4988 6424
5002 6481
5012 6441
5022 6407
5022 6409
5022 6417
5022 6424
5022 6432
5022 6441
5022 6474
5022 6498
5020 6400
5020 6414
5020 6422
5028 6409
5028 6414
5028 6498
5053 6496
5061 6407
5079 6417
5079 6422
5079 6427
5079 6432
5079 6437
5079 6481
5096 6442
5102 6442
5103 6400
5103 6417
5103 6441
5103 6442
5110 6400
5110 6417
5110 6422
4828 6422
4828 6424
4828 6432
4828 6435
4828 6464
4828 6472
4828 6474
4828 6481
5123 6422
5123 6498
5125 6498
5166 6496
5171 6481
5173 6414
4795 6407
4795 6432
4795 6474
5177 6437
5177 6441
5177 6481
5178 6496
4310 6400
4310 6414
4310 6432
4310 6437
4310 6481
5179 6400
5179 6407
5179 6414
5179 6432
5181 6437
5185 6432
5185 6447
5185 6458
5185 6481
5185 6491
5185 6496
5188 6458
5188 6496
5189 6417
5189 6437
5189 6441
5189 6458
5189 6474
5189 6481
5199 6422
5217 6442
5248 6458
5254 6496
5301 6498
5316 6496
5360 6474
5391 6400
5391 6414
5423 6409
5423 6432
5423 6441
5423 6474
5423 6481
5423 6496
5439 6400
5439 6409
5439 6422
5439 6424
5439 6437
5439 6441
5439 6458
5439 6462
5439 6474
5439 6481
5439 6498
5440 6462
5457 6435
5472 6458
5475 6414
5524 6407
5524 6414
5524 6417
5524 6422
5524 6437
5524 6441
5524 6458
5524 6481
5524 6496
5531 6400
5531 6414
5531 6417
5531 6437
5531 6441
5531 6442
5531 6458
5531 6481
5531 6496
5531 6498
5193 6498
5551 6481
5553 6496
5582 6432
5582 6437
5582 6441
5582 6458
5582 6481
5582 6496
5591 6400
5591 6409
5591 6414
5591 6417
5591 6432
5596 6407
5596 6496
5612 6441
5630 6441
5644 6417
5655 6407
5655 6424
5655 6462
5655 6464
5655 6491
5696 6432
5696 6441
5696 6458
5696 6496
5697 6400
5697 6417
5697 6432
5697 6437
5697 6441
5697 6458
5697 6474
5697 6481
5697 6496
5709 6427
5709 6472
5714 6437
5714 6458
5714 6481
5721 6414
5739 6424
5739 6435
5775 6458
5773 6414
5788 6447
5796 6400
5796 6407
5796 6414
5796 6442
5796 6481
5796 6496
5796 6498
5798 6409
5798 6427
5799 6407
5799 6432
5799 6435
5799 6437
5800 6414
5800 6417
5800 6424
5800 6441
5800 6442
5800 6447
5802 6400
5802 6407
5802 6409
5802 6414
5802 6417
5802 6424
5802 6435
5802 6437
5802 6441
5802 6442
5802 6447
5802 6458
5802 6462
5802 6464
5802 6472
5802 6474
5802 6481
5802 6491
5802 6496
5806 6424
5806 6441
5804 6458
5805 6424
5805 6462
5807 6417
5810 6442
5811 6414
5811 6432
5811 6441
5811 6472
5811 6491
5811 6498
5812 6458
5812 6498
5813 6417
5814 6409
5814 6417
5814 6422
5814 6437
5814 6498
5816 6432
5816 6441
5816 6498
5817 6414
5817 6481
5818 6400
5818 6441
5818 6458
5819 6432
5819 6441
5820 6414
5821 6458
5822 6424
5822 6432
5822 6435
5822 6437
5823 6417
5823 6432
5823 6437
5823 6441
5824 6491
5839 6417
5839 6424
5839 6432
5839 6442
5839 6458
5857 6458
5857 6481
5857 6496
5890 6400
5896 6422
5896 6474
5932 6407
5934 6409
5940 6496
5952 6414
5969 6417
5972 6424
5999 6496
6006 6437
6006 6441
6006 6458
6006 6481
6006 6496
6007 6496
6013 6496
4409 6496
6015 6496
6016 6496
6023 6407
6023 6417
6023 6432
6023 6435
6023 6437
6023 6441
6023 6462
6023 6474
6023 6481
6032 6414
6032 6442
6072 6422
6068 6414
6068 6498
6082 6424
6082 6496
6097 6414
6097 6496
6126 6432
6126 6437
6126 6441
6156 6417
6156 6422
6156 6432
6179 6496
6216 6458
6216 6481
6217 6441
6217 6458
6217 6496
6217 6498
6218 6432
6223 6437
6230 6407
6239 6432
6241 6417
6241 6424
6241 6442
6241 6496
6243 6414
6270 6417
6270 6424
6270 6441
6270 6462
6270 6464
6270 6474
6270 6496
6280 6442
6299 6400
6299 6414
6299 6417
6299 6496
6305 6414
6305 6417
6305 6424
6305 6441
6305 6458
6305 6462
6305 6474
6305 6481
6305 6498
6320 6414
6323 6417
6323 6481
6317 6432
6347 6496
6359 6491
6359 6496
6360 6414
6360 6417
6298 6400
6298 6409
6327 6414
6327 6432
6327 6437
6327 6462
6391 6400
6392 6400
6393 6400
6394 6400
6399 6400
6395 6400
6396 6400
6397 6400
6398 6400
6406 6407
6408 6409
6415 6417
6416 6417
6421 6422
6424 6481
6426 6427
6428 6498
6430 6432
6431 6432
6436 6437
6439 6441
6440 6441
6447 6474
6447 6481
6447 6498
6450 6458
6451 6458
6452 6458
6453 6458
6454 6458
6455 6458
6456 6458
6457 6458
6459 6458
6466 6424
6467 6424
6468 6424
6469 6424
6470 6472
6471 6472
6480 6481
6483 6496
6484 6496
6485 6496
6486 6496
6487 6496
6488 6496
6489 6496
6490 6496
6491 6496
6492 6496
6493 6496
6494 6496
6495 6496
6497 6498
6518 6442
6525 6414
6548 6442
6563 6414
6596 6422
6619 6417
6619 6442
6613 6414
6615 6414
6615 6417
6615 6442
6616 6414
6624 6414
6624 6442
6627 6424
5943 6421
6712 6414
6712 6442
6714 6417
6714 6442
6611 6414
6736 6422
6749 6491
6753 6442
6772 6417
6784 6414
6789 6417
6620 6414
6875 6442
6885 6442
6747 6414
6914 6417
6906 6414
6906 6417
6907 6414
6907 6417
6907 6442
6918 6442
6945 6414
6951 6422
6975 6414
6993 6414
6993 6447
7052 6414
7045 6414
7053 6422
7054 6424
7047 6414
7047 6422
7055 6442
7057 6414
7057 6417
7057 6442
6946 6417
6946 6424
7086 6422
7086 6442
7092 6414
7092 6422
5015 6422
7099 6414
7100 6414
7110 6414
7113 6422
7131 6442
7151 6414
7233 6447
7270 6442
7280 6422
7317 6424
7294 6414
7335 6424
7352 6447
7378 6417
7378 6422
7386 6422
7390 6424
7391 6422
7394 6424
7400 6417
7416 6417
7417 6442
7418 6442
7419 6442
7420 6442
7443 6414
7449 6422
7490 6424
7580 6424
7614 6422
7675 6422
7682 6422
7733 6414
7733 6422
7743 6422
7768 6414
7769 6414
7775 6422
7791 6414
7875 6447
7882 6414
7966 6422
7968 6422
7969 6422
7967 6422
7970 6422
