3 8283
25 8282
25 8284
4 8282
6 8282
6 8290
7 8283
7 8287
8 8284
11 8286
11 8287
11 8290
11 8291
11 8293
12 8287
12 8291
14 8285
14 8287
15 8287
15 8292
20 8288
23 8288
28 8282
28 8284
28 8285
36 8282
26 8282
42 8287
44 8295
46 8287
47 8212
47 8282
47 8294
29 8294
56 8287
56 8290
58 8237
72 8295
75 8284
75 8285
78 8287
79 8284
79 8287
81 8287
83 8287
86 8291
87 8212
87 8287
90 8287
94 8282
99 8237
31 8285
31 8286
31 8287
104 8287
68 8287
68 8293
68 8295
107 8287
108 8283
109 8237
109 8291
109 8297
110 8285
110 8287
110 8288
121 8283
121 8285
122 8293
122 8294
113 8285
113 8287
113 8292
124 8283
127 8293
127 8294
128 8290
128 8291
128 8292
139 8288
147 8295
151 8288
152 8287
154 8282
172 8291
172 8293
173 8290
173 8291
74 8290
178 8288
166 8294
187 8291
192 8283
192 8287
125 8283
125 8287
215 8283
215 8290
215 8291
259 8294
296 8282
302 8283
306 8288
306 8290
306 8294
311 8290
311 8295
313 8290
313 8292
317 8288
319 8288
336 8287
341 8290
346 8293
352 8287
364 8287
366 8287
367 8287
372 8287
101 8287
400 8284
407 8290
407 8293
425 8291
425 8293
425 8295
426 8282
426 8284
426 8287
440 8284
454 8287
457 8209
457 8212
457 8219
457 8224
457 8226
457 8249
457 8290
457 8291
457 8292
457 8293
457 8295
462 8287
463 8287
465 8283
465 8284
465 8294
472 8284
486 8286
489 8287
494 8287
502 8287
511 8293
527 8287
528 8287
531 8287
530 8287
529 8287
546 8290
546 8291
546 8292
600 8212
600 8219
620 8289
634 8288
686 8288
686 8290
695 8292
705 8289
706 8291
710 8289
710 8292
722 8292
737 8204
737 8212
737 8297
759 8293
764 8290
766 8293
766 8294
769 8294
788 8295
784 8209
784 8290
784 8291
784 8292
784 8293
789 8290
789 8291
789 8295
813 8293
813 8294
826 8290
825 8246
825 8293
865 8292
865 8293
904 8291
907 8291
787 8290
937 8288
941 8291
954 8291
961 8290
961 8291
974 8294
983 8288
986 8290
986 8291
988 8209
988 8212
988 8219
988 8224
988 8237
988 8293
993 8290
996 8290
996 8291
996 8292
996 8293
1029 8289
1037 8290
1043 8290
1050 8290
1055 8294
1062 8291
1067 8290
1098 8246
1098 8290
1098 8291
1133 8290
1133 8294
1133 8295
1151 8290
1151 8291
1151 8292
922 8290
1166 8290
1166 8291
1166 8292
1166 8293
1166 8294
1166 8295
1166 8297
1167 8292
1167 8293
1185 8293
1200 8293
1202 8290
1202 8291
1207 8295
1210 8292
1211 8290
1211 8294
1243 8290
1247 8249
1253 8290
1259 8293
1297 8293
1305 8292
1305 8293
1319 8290
1319 8291
1350 8290
1350 8291
1352 8290
1374 8290
1374 8292
1374 8293
1374 8294
1374 8297
1380 8292
1384 8293
1395 8293
1419 8293
1428 8290
1184 8290
1184 8292
1441 8290
1441 8291
1462 8293
1470 8292
1470 8295
1480 8290
1487 8290
1487 8293
1489 8291
1492 8290
1496 8290
1496 8291
1496 8294
1497 8292
1521 8291
1538 8290
1542 8290
1547 8290
1549 8293
1555 8290
1555 8292
1566 8290
1576 8288
1581 8292
1587 8294
1585 8291
1585 8297
1594 8290
1608 8291
1608 8293
1608 8294
1612 8212
1612 8219
1612 8224
1612 8235
1612 8237
1612 8249
1613 8290
1615 8290
1621 8290
1623 8290
1628 8290
1644 8290
1661 8293
1564 8290
1670 8290
1700 8290
1717 8292
1717 8294
1717 8295
1729 8290
1730 8294
1746 8291
1748 8249
1748 8275
1748 8291
1749 8290
1749 8293
1757 8290
1762 8297
1766 8290
1767 8293
1772 8290
1772 8291
1772 8292
1772 8293
1783 8290
1792 8290
1796 8297
1800 8291
1803 8290
1808 8290
1808 8291
1808 8293
1814 8219
1814 8224
1814 8237
1814 8293
1814 8294
1816 8290
1820 8292
1821 8291
1835 8294
1838 8290
1838 8293
1838 8294
1832 8293
1857 8290
1857 8291
1888 8290
1888 8291
1891 8293
1896 8237
1896 8290
1896 8293
1915 8295
1919 8291
1922 8292
1922 8293
1931 8212
1962 8290
1967 8290
1972 8293
1972 8294
1977 8291
1985 8290
1990 8294
1997 8290
2001 8290
2052 8291
2062 8290
2062 8291
2065 8290
2072 8290
2072 8291
2099 8290
2105 8290
2118 8290
2120 8225
2120 8290
2129 8293
2129 8294
2133 8290
2133 8291
2139 8290
2144 8294
2145 8290
2145 8293
2145 8297
2156 8290
2156 8291
2159 8290
2160 8290
2161 8290
2169 8290
2169 8291
2169 8292
2174 8291
2223 8294
2226 8291
2234 8293
2236 8291
2237 8293
2240 8290
2240 8291
2240 8293
2240 8294
2250 8291
2251 8291
2256 8291
2256 8293
2256 8294
2258 8294
2260 8291
2261 8291
2262 8291
2153 8291
2277 8291
2278 8291
2282 8290
2290 8293
2297 8209
2297 8293
2299 8294
2314 8293
2309 8293
2316 8293
2317 8293
2318 8293
2319 8293
2320 8293
2321 8293
2323 8294
2323 8295
2326 8293
2326 8294
2328 8291
2328 8293
2328 8294
2332 8293
2357 8290
2369 8212
2369 8224
2369 8295
2376 8246
2381 8292
2381 8294
2384 8293
2398 8293
2411 8293
2411 8294
2416 8291
2472 8291
2472 8293
2473 8291
2478 8292
2485 8212
2485 8295
2504 8296
2516 8295
2535 8293
2541 8293
2542 8294
2547 8293
2547 8294
2547 8295
2550 8291
899 8292
2555 8292
2566 8292
2557 8290
2557 8292
2567 8292
2559 8292
2559 8294
2560 8293
2565 8209
2565 8212
2565 8219
2565 8224
2565 8237
2565 8249
2565 8292
2565 8293
2565 8294
2576 8293
2576 8295
2585 8293
2585 8294
2593 8292
2474 8294
2612 8293
2618 8293
2618 8294
2623 8293
2646 8293
2651 8293
2651 8294
2653 8294
2655 8293
2658 8209
2658 8212
2658 8219
2658 8237
2674 8293
2674 8295
2700 8294
2686 8293
2686 8295
2703 8293
2688 8293
2688 8294
2688 8295
2691 8293
2692 8293
2693 8293
2693 8295
2706 8293
2695 8294
2719 8293
2728 8291
2755 8291
2790 8293
2791 8293
2822 8292
2654 8294
2835 8292
2851 8212
2859 8293
2859 8294
2871 8293
2871 8294
2872 8293
2872 8294
2467 8293
2909 8294
2948 8293
2964 8293
2964 8294
2967 8293
2967 8294
2972 8294
2972 8295
2974 8293
2983 8212
2983 8224
2983 8237
2983 8249
3000 8297
3010 8293
3010 8294
3020 8293
3026 8293
3028 8294
3032 8297
2713 8293
2713 8294
3046 8293
3055 8293
3047 8293
3072 8293
3084 8293
3084 8294
3088 8237
3092 8295
3092 8296
2842 8293
2842 8294
3109 8227
2003 8209
3142 8209
3142 8212
3142 8219
3142 8237
3142 8249
3142 8293
3159 8293
3168 8293
3168 8294
3192 8294
3209 8293
3216 8293
3235 8293
3233 8293
3258 8293
3276 8293
3276 8294
3291 8293
3291 8295
3297 8293
3304 8293
3310 8212
3290 8293
3320 8295
3323 8293
3348 8297
3352 8293
3352 8294
3366 8295
3380 8209
3380 8219
3394 8294
3036 8293
3404 8263
3404 8293
3422 8293
3423 8293
3416 8293
3424 8293
3425 8293
3418 8293
3417 8293
3426 8293
3439 8295
3447 8295
3449 8295
3451 8294
3454 8293
3454 8294
3456 8295
3461 8295
3461 8296
3470 8293
3477 8294
3492 8293
3493 8293
3490 8293
3494 8293
3495 8293
3427 8293
3496 8293
3491 8293
2524 8293
3497 8293
3498 8293
3498 8294
3499 8293
3500 8293
3518 8294
3562 8294
3568 8294
3586 8295
3591 8294
3615 8293
3615 8294
3631 8293
3631 8295
3633 8294
3634 8295
3641 8294
3642 8295
3646 8294
3655 8294
3659 8293
3660 8294
3666 8294
3666 8295
3714 8294
3728 8294
3728 8295
3728 8296
3751 8295
3720 8294
3767 8293
3775 8294
3786 8293
3786 8295
3787 8219
3787 8224
3787 8237
3787 8295
3792 8297
3804 8294
3812 8293
3812 8294
3813 8294
3814 8293
3814 8294
3910 8295
3912 8293
3918 8294
3925 8295
3948 8294
3949 8294
3965 8209
3965 8237
3965 8294
3976 8295
3976 8296
3977 8294
3991 8293
3991 8294
4000 8293
4007 8294
4025 8293
4026 8293
4027 8293
4028 8293
4036 8294
4037 8294
4040 8204
4040 8212
4040 8219
4040 8224
4040 8226
4040 8294
2981 8295
4045 8295
4056 8294
4083 8294
4082 8294
4099 8295
4219 8296
4221 8295
4338 8295
4335 8297
4347 8212
4347 8224
4355 8295
4432 8212
4441 8209
4441 8212
4441 8219
4441 8237
4468 8295
4476 8225
4476 8246
4483 8209
4483 8295
4550 8295
4632 8209
4632 8237
4632 8295
4653 8295
4674 8212
4686 8295
4712 8295
4712 8297
4894 8295
4894 8296
4915 8224
4948 8209
4948 8212
4948 8219
4948 8237
4967 8295
4967 8296
4980 8295
5022 8295
5022 8297
5020 8295
5079 8224
5079 8277
5079 8295
5096 8209
5106 8212
5106 8219
5102 8212
5103 8212
5103 8219
5103 8224
4828 8249
4828 8277
4828 8295
4828 8296
5173 8204
5173 8209
5173 8224
4795 8224
4795 8295
5176 8295
5176 8296
5177 8295
5177 8297
4310 8297
5179 8295
5181 8295
5185 8219
5185 8237
5185 8297
5188 8295
5189 8209
5189 8224
5189 8249
5189 8295
5189 8296
5190 8295
5190 8296
5194 8295
5243 8295
5301 8295
5323 8295
5324 8295
5342 8209
5342 8297
5378 8209
5378 8219
5378 8224
5378 8237
5404 8249
5427 8295
5452 8295
5457 8295
5482 8212
5485 8296
5462 8296
5524 8209
5524 8219
5524 8224
5524 8295
5524 8297
5531 8295
5531 8297
5532 8295
5534 8295
5582 8297
5596 8295
5612 8295
5624 8295
5644 8295
5655 8224
5655 8225
5655 8249
5691 8295
5696 8295
5741 8224
5768 8295
5776 8295
5800 8219
5800 8246
5800 8249
5800 8271
5800 8297
5802 8209
5802 8212
5802 8219
5802 8225
5802 8297
5806 8224
5806 8275
5806 8295
5811 8295
5812 8295
5814 8246
5814 8295
5814 8297
5816 8295
5816 8297
5817 8297
5818 8249
5818 8295
5822 8275
5822 8295
5829 8295
5836 8295
5857 8212
5857 8295
5859 8224
5859 8246
5859 8249
5862 8295
5872 8212
5872 8249
5908 8224
5908 8237
5916 8295
5871 8295
5932 8295
5966 8219
6000 8276
6006 8209
6006 8224
4409 8275
6024 8295
6072 8212
6072 8224
6204 8295
6220 8246
6220 8297
6229 8212
6227 8212
6241 8212
6241 8219
6243 8297
6270 8295
6271 8295
6272 8295
6273 8295
6274 8295
6275 8295
6276 8295
6299 8297
6305 8219
6305 8297
6359 8297
6327 8297
6398 8224
6398 8235
6398 8249
6398 8297
6443 8224
6452 8297
6483 8297
6525 8297
6550 8249
6577 8297
6596 8209
6596 8212
6596 8219
6596 8237
6596 8249
6618 8276
6706 8297
6744 8297
6745 8297
6746 8297
4401 8227
6766 8224
6809 8249
6859 8204
6859 8226
6875 8212
6885 8249
6907 8209
6907 8219
6907 8237
6916 8219
6916 8224
6916 8226
6916 8235
6916 8275
6924 8224
6924 8237
6951 8204
6951 8249
7043 8219
7043 8226
7043 8235
7043 8249
7043 8275
7053 8224
7053 8235
7047 8204
7047 8209
7047 8212
7047 8224
7047 8225
7047 8226
7047 8235
7047 8237
7047 8246
7047 8249
7047 8263
7047 8275
7047 8276
7047 8277
7056 8209
7056 8226
7057 8209
7057 8224
7057 8237
7086 8209
7086 8212
7086 8219
7086 8224
7086 8237
7198 8219
7198 8224
7198 8225
7198 8226
7237 8224
7238 8212
7280 8209
7295 8249
7335 8276
7350 8224
7357 8204
7357 8219
7386 8249
7386 8275
7386 8277
7391 8209
7391 8212
7391 8224
7391 8249
7393 8237
7449 8219
7449 8224
7544 8226
7564 8219
7675 8212
7677 8224
7679 8219
7679 8235
7682 8209
7685 8219
7695 8224
7744 8209
7744 8219
7744 8225
7744 8249
7744 8263
7772 8204
7772 8212
7772 8237
7772 8249
7772 8276
7774 8209
7774 8212
7810 8224
7865 8212
7865 8275
7901 8209
7901 8212
7901 8219
7901 8224
7902 8209
7902 8224
7906 8212
7906 8219
7906 8224
7967 8249
8037 8246
8045 8235
8045 8246
8045 8271
8046 8212
8046 8246
8046 8249
8046 8263
8047 8219
8047 8224
8047 8237
8047 8249
8047 8276
8048 8235
8051 8219
8051 8237
8051 8246
8051 8249
8053 8209
8053 8219
8053 8224
8053 8235
8053 8237
8053 8249
8053 8263
8092 8219
8094 8275
8094 8276
8107 8249
8152 8209
8152 8212
8189 8276
8204 8212
8211 8212
8211 8237
8211 8249
8221 8219
8222 8224
8222 8249
8050 8246
8050 8249
8050 8263
8236 8237
8243 8263
8248 8249
8229 8249
8150 8275
8150 8276
8274 8275
8274 8275
