3 28
3 30
3 39
3 54
25 3
25 6
25 8
25 19
25 23
25 28
25 29
25 30
25 33
25 35
25 50
25 54
25 55
25 75
25 80
25 86
25 94
4 8
4 10
4 28
4 30
4 38
4 55
4 56
4 75
5 6
5 8
5 10
5 23
5 30
5 33
5 38
5 50
5 54
5 55
5 61
5 75
5 89
5 93
6 3
6 8
6 10
6 19
6 23
6 28
6 29
6 30
6 33
6 34
6 35
6 38
6 39
6 50
6 54
6 55
6 56
6 61
6 80
6 86
6 89
6 93
6 94
7 6
7 28
7 30
7 32
7 35
7 38
7 54
7 55
7 61
7 75
7 93
8 6
8 10
8 19
8 23
8 28
8 30
8 33
8 34
8 36
8 39
8 49
8 50
8 54
8 55
8 56
8 61
8 75
8 80
8 86
8 89
9 8
9 10
9 23
9 28
9 30
9 33
9 34
9 54
9 55
9 56
9 61
9 75
9 80
9 86
9 94
10 3
10 6
10 8
10 19
10 23
10 28
10 30
10 33
10 34
10 38
10 50
10 54
10 89
10 93
11 6
11 8
11 10
11 15
11 19
11 23
11 28
11 29
11 30
11 33
11 34
11 35
11 36
11 38
11 49
11 50
11 54
11 55
11 56
11 61
11 72
11 75
11 86
11 89
11 93
11 95
12 8
12 28
12 30
12 56
12 72
12 80
13 28
13 30
14 3
14 10
14 23
14 28
14 30
14 32
14 49
14 54
14 55
14 56
14 61
14 75
14 95
15 8
15 23
15 28
15 30
15 32
15 33
15 38
15 49
15 54
15 55
15 56
15 61
15 95
16 28
16 30
17 3
17 8
17 10
17 28
17 30
17 32
17 33
17 35
17 50
17 54
17 55
17 95
18 30
18 36
18 55
19 3
19 6
19 23
19 28
19 30
19 33
19 38
19 50
19 54
19 55
19 61
19 89
20 3
20 6
20 19
20 30
20 33
20 34
20 36
20 50
20 54
20 55
20 56
20 61
20 75
20 80
20 89
21 28
21 30
21 35
21 54
21 61
21 75
21 86
21 89
22 30
23 29
23 30
23 33
23 38
23 39
23 50
23 55
23 80
23 94
24 3
24 8
24 15
24 19
24 28
24 30
24 33
24 34
24 35
24 36
24 50
24 54
24 72
54 3
54 28
28 3
28 6
28 8
28 19
28 29
28 33
28 34
28 35
28 38
28 49
28 50
28 54
28 55
28 56
28 61
28 75
28 80
28 86
28 94
33 8
33 28
33 38
33 50
33 54
33 56
34 3
34 6
34 39
34 54
36 15
36 28
36 35
36 38
36 50
36 54
36 55
36 80
36 86
36 89
35 3
35 33
35 39
35 50
35 54
37 50
37 54
38 54
38 55
38 56
38 75
39 6
39 8
39 23
39 28
39 29
39 33
39 35
39 50
39 54
39 80
40 33
40 54
40 55
26 3
26 6
26 19
26 23
26 28
26 33
26 34
26 38
26 39
26 50
26 54
26 55
26 56
26 80
26 89
26 93
41 3
41 28
41 33
41 54
41 56
41 75
42 19
42 23
42 28
42 34
42 50
42 54
42 55
42 56
42 75
42 80
43 54
44 15
44 54
45 8
45 54
45 55
46 3
46 36
46 54
46 56
47 3
47 8
47 10
47 19
47 28
47 39
47 50
47 54
47 55
47 56
47 61
47 72
47 80
47 93
47 94
48 28
48 54
48 86
48 94
49 28
49 54
50 23
50 28
50 54
50 61
51 33
51 39
51 54
51 55
51 56
51 72
51 80
51 93
52 54
53 15
53 28
53 54
29 3
29 8
29 10
29 23
29 28
29 33
29 39
29 50
29 54
29 55
29 56
29 75
29 86
29 93
29 95
55 6
55 8
55 28
55 29
55 36
55 38
55 56
55 61
55 75
55 80
55 86
55 94
56 6
56 28
56 49
56 61
57 55
57 61
58 15
58 23
58 28
58 50
58 55
58 61
58 75
58 80
58 89
58 93
58 94
59 3
59 15
59 28
59 33
59 49
59 56
59 61
59 86
60 61
62 6
27 6
27 15
27 19
27 28
27 34
27 55
27 93
63 6
64 6
65 6
65 89
66 6
66 28
66 55
66 56
72 8
72 15
72 28
72 39
72 56
72 89
73 3
73 8
73 28
73 75
73 95
75 8
75 28
75 32
75 56
75 94
76 8
78 8
78 28
78 49
78 56
79 8
79 29
79 50
79 55
79 75
79 93
79 94
77 8
77 28
77 49
80 8
80 29
80 33
80 50
80 55
80 75
80 86
81 8
81 28
81 32
81 55
81 93
83 33
91 33
91 55
67 33
67 56
67 75
84 33
85 33
86 15
86 33
86 35
86 50
86 55
86 56
71 19
71 33
71 35
71 50
71 55
71 75
71 80
71 86
71 93
71 94
87 8
87 15
87 28
87 29
87 33
87 35
87 36
87 55
87 56
87 72
87 75
87 86
88 33
89 15
89 33
89 35
89 56
89 86
90 15
90 23
90 28
90 29
90 33
90 35
90 39
90 55
90 72
90 75
90 86
92 93
82 93
94 3
94 19
94 23
94 28
94 39
94 56
94 80
94 86
94 93
95 10
99 10
96 10
96 28
100 10
100 34
98 10
98 56
98 86
31 28
31 49
31 75
31 95
102 95
103 28
103 75
103 80
103 95
115 95
116 95
104 28
104 55
104 75
104 94
104 95
105 94
105 95
106 28
106 55
106 95
68 8
68 15
68 32
68 56
68 72
68 75
68 95
117 95
118 95
119 95
107 95
108 95
109 95
110 29
110 49
110 95
111 3
111 39
111 80
111 86
111 95
120 15
120 28
120 95
112 95
121 95
122 15
122 95
113 8
113 15
113 28
113 29
113 32
113 56
113 75
113 94
113 95
123 95
124 95
114 95
130 56
130 86
126 29
126 55
126 75
126 86
127 3
127 15
127 28
127 35
128 28
128 29
128 86
129 55
132 19
132 35
132 56
136 15
136 19
136 56
136 80
138 3
138 19
138 28
138 36
138 55
138 86
138 89
139 3
139 8
139 28
139 49
139 75
139 86
140 34
140 39
140 56
140 80
142 34
143 3
143 19
143 28
143 29
143 35
143 36
143 80
147 28
151 28
151 29
151 80
151 86
152 28
152 35
152 50
152 55
152 56
152 75
153 50
154 15
154 23
154 28
154 29
154 39
154 50
154 80
155 15
155 50
155 75
155 89
156 50
157 23
157 29
157 50
157 56
158 28
158 75
161 28
161 55
161 75
162 89
165 39
171 23
171 35
172 23
175 55
173 15
173 35
173 86
74 28
74 29
74 35
74 49
74 55
74 56
74 75
74 86
176 19
176 29
176 35
177 56
178 3
178 72
180 3
180 80
182 56
182 86
166 28
166 35
166 75
166 86
187 28
187 29
187 36
187 86
32 75
201 36
201 55
201 75
201 80
202 28
205 86
208 28
192 28
192 39
192 56
192 75
192 94
125 28
125 29
125 35
125 36
125 55
216 86
215 28
215 35
215 94
221 28
222 28
223 3
223 28
223 80
224 28
225 28
226 28
226 55
226 72
240 28
227 28
227 35
228 28
242 28
243 28
244 28
244 56
245 28
245 56
246 28
247 28
230 28
231 28
231 35
231 86
231 94
232 28
232 34
233 28
234 28
235 28
236 28
236 80
236 94
237 28
237 56
237 75
248 28
238 28
239 28
169 28
169 80
257 19
254 55
254 75
255 29
255 35
255 36
255 56
256 80
259 29
263 80
265 29
265 32
265 35
265 49
265 75
269 3
269 86
273 34
275 15
275 28
275 75
275 80
275 94
280 15
280 56
282 19
282 34
284 3
284 19
287 34
288 34
289 34
291 72
292 3
295 56
290 35
302 75
302 94
249 15
249 28
303 80
303 94
304 29
304 86
306 8
306 29
306 36
306 86
307 55
307 75
308 15
308 29
308 35
308 36
308 86
310 35
310 36
310 56
310 86
311 15
311 29
311 35
311 56
311 72
311 86
312 8
312 29
312 36
312 86
313 29
313 35
313 56
315 8
315 36
315 72
317 29
317 35
317 36
319 8
319 15
319 39
329 80
330 80
323 80
324 80
326 39
326 80
331 80
331 94
327 80
251 32
251 80
251 94
328 75
328 80
333 55
333 94
335 15
335 56
335 94
150 56
150 94
336 15
336 28
336 75
336 86
339 35
339 36
339 86
340 86
341 28
342 55
344 75
348 86
345 39
345 56
356 55
351 86
352 75
353 56
193 86
364 75
365 56
365 75
366 28
366 49
367 75
371 15
371 29
371 56
371 72
371 86
376 35
376 36
376 86
386 8
101 28
101 56
101 75
383 15
383 56
395 35
403 75
405 56
407 15
407 72
415 35
414 39
423 56
426 28
426 32
426 39
426 49
426 56
426 75
430 49
432 36
439 86
440 28
440 49
443 28
447 28
447 75
444 28
444 55
451 28
448 28
449 28
446 28
450 28
211 28
454 8
454 28
454 49
454 75
455 28
457 15
457 35
457 56
457 64
457 72
460 28
460 75
461 28
461 75
462 28
462 75
463 28
463 32
467 32
468 32
164 35
479 86
488 86
489 75
494 75
497 8
498 8
498 75
499 8
499 86
502 86
504 49
513 8
530 86
534 55
536 39
536 75
539 75
540 75
541 49
541 55
541 75
542 15
542 75
543 55
544 55
545 35
545 55
546 55
551 55
218 55
547 55
548 55
549 55
550 55
552 49
556 15
556 35
556 86
561 56
570 56
583 56
583 86
582 56
586 86
587 35
588 35
590 36
595 39
593 39
596 39
594 39
597 86
600 15
600 29
600 35
600 36
600 72
600 86
620 86
626 35
626 86
633 86
634 15
634 35
635 29
635 35
647 35
643 72
644 35
644 86
645 29
645 72
650 36
659 35
659 86
663 35
663 36
663 56
663 72
663 86
665 56
639 86
673 86
674 86
689 86
691 36
695 15
695 36
695 56
695 86
701 15
705 35
706 35
706 36
706 56
707 35
707 86
708 29
710 15
710 35
710 56
715 35
722 36
722 72
722 86
727 72
730 35
730 86
733 86
738 8
738 86
742 72
742 86
697 15
697 72
749 86
321 35
321 86
754 56
759 35
759 36
759 72
759 86
761 29
763 15
766 15
766 72
766 86
762 15
769 56
788 15
788 72
788 86
782 8
784 35
784 56
789 35
789 56
789 72
791 15
791 35
794 86
803 35
805 35
808 8
810 35
812 36
813 72
813 86
816 15
816 72
334 29
334 36
334 56
334 86
823 29
826 56
825 15
825 72
841 56
842 56
854 15
854 72
852 15
852 86
859 86
865 15
865 35
865 72
865 86
870 86
871 35
879 35
895 86
896 86
898 86
904 35
905 86
909 86
910 86
911 86
912 86
913 86
923 86
915 86
916 86
917 86
918 86
919 86
920 86
921 86
924 86
787 15
787 86
941 35
941 56
943 35
946 35
946 56
946 72
949 56
954 56
956 56
971 35
974 15
978 35
978 56
984 15
985 35
986 35
986 72
993 35
993 56
994 15
994 35
996 15
996 56
1006 35
1022 35
1029 35
1034 15
1037 15
1041 15
1050 35
1051 15
1055 15
1055 56
1062 35
1063 35
1064 15
1075 15
1075 35
1097 15
1097 56
1098 56
1106 15
1111 15
1111 72
1125 72
1128 35
1127 35
1132 56
1133 15
1133 72
1137 56
1137 64
1137 72
1142 15
1143 56
1151 15
1151 56
1151 72
922 35
1160 35
1164 15
1166 15
1166 56
1166 72
1167 35
1167 56
1179 15
1185 56
1190 15
1193 15
1193 35
1193 72
1200 56
1201 35
1202 56
1210 35
1210 56
1210 72
1215 15
1215 72
1228 15
1234 35
1235 35
1237 35
1241 35
1242 72
1247 15
1253 64
1259 35
1278 35
1279 35
1286 35
1286 72
1285 15
1285 72
1291 35
1292 35
1297 35
1305 35
1305 56
1326 56
1331 35
1332 35
1359 15
1374 56
1374 72
1384 56
1395 15
1428 64
1184 56
1184 72
1442 64
1462 56
1470 15
1470 56
1470 72
1471 56
1492 72
1496 15
1497 15
1499 56
1500 56
1501 64
1522 15
1538 15
1537 56
1542 15
1552 15
1552 56
1553 56
1549 15
1549 56
1549 64
1603 15
1571 56
1608 15
1614 15
1615 56
1615 64
1530 72
1622 15
1644 15
1644 56
1661 15
1674 72
1701 15
1701 56
1701 72
1696 56
1697 15
1707 72
1717 15
1717 56
1717 72
1730 15
1733 15
1749 64
1767 15
1772 56
1751 15
1751 56
1783 15
1792 56
1800 15
1808 72
1820 56
1835 15
1847 15
1875 56
1915 15
1919 56
1922 72
1924 15
1962 56
1979 15
1991 56
1992 56
1997 56
2016 15
2033 72
2062 72
2072 56
2127 15
2133 56
2135 15
2144 15
2160 15
2172 15
2178 15
2225 15
2231 15
2233 56
2237 15
2240 15
2256 15
2256 56
2276 15
2276 72
2297 15
2299 56
2323 15
2323 72
2340 56
2272 56
2365 15
2368 15
2369 15
2384 15
2384 72
2387 72
2398 72
2410 15
2435 56
2440 15
2456 72
2472 56
2504 15
2507 15
2535 15
2542 72
2566 15
2557 56
2567 15
2564 15
2564 72
2565 56
2569 56
2576 56
2587 72
2585 15
2593 56
2594 15
2595 15
2474 56
2617 15
2623 15
2619 15
2647 56
2651 15
2655 15
2655 72
2657 15
2658 72
2702 72
2688 72
2660 72
2667 15
2693 15
2744 15
2744 72
2752 15
2757 56
2760 15
2760 72
2774 15
2775 15
2790 15
2544 15
2851 15
2871 72
2932 15
2940 15
2951 72
2972 15
3000 72
3004 15
3026 72
3027 15
3028 72
3032 15
3032 72
3041 15
3088 15
3150 15
3160 15
3168 72
3176 72
3191 95
3255 15
3258 15
3259 15
3269 15
3274 72
3284 15
3352 72
3366 72
3378 72
3380 72
3381 15
3388 15
3390 72
3443 15
3445 15
3445 72
3449 15
3449 72
3452 15
3453 15
3453 72
3456 15
3458 15
3459 15
3461 72
3462 72
3479 72
3521 15
3522 15
3554 15
3568 15
3601 15
3607 15
3624 72
3631 15
3631 72
3641 15
3641 72
3642 15
3642 72
3643 15
3643 72
3692 72
3688 15
3571 15
3728 15
3751 15
3786 15
3787 15
3787 72
3792 72
3794 15
3794 72
3806 15
3812 15
3813 15
3830 15
3854 15
3916 72
3930 15
3956 15
3960 15
3969 15
3969 72
3976 15
3976 72
3977 15
3982 15
3985 15
4008 15
4013 15
4015 15
4036 15
4037 15
4040 15
4040 72
4041 15
2981 15
4045 15
4070 72
4071 15
4072 72
4073 15
4073 72
4099 15
4099 72
4076 15
4076 72
4124 15
4124 72
4144 15
4175 15
4190 15
4212 72
4297 15
4314 15
4315 15
4338 72
4338 95
4353 15
4353 72
4416 72
4438 15
4441 15
4447 72
4483 15
4486 72
4488 15
4489 72
4524 15
4530 15
4550 95
4564 72
4576 15
4587 15
4598 15
4600 15
2841 72
4611 72
4625 72
4630 15
4662 72
4647 15
4712 15
4739 15
4745 15
4756 72
4781 15
4824 72
4899 15
4903 15
4904 15
4906 15
4912 15
4914 15
4922 15
4933 15
4948 15
4967 15
4970 15
4982 72
4988 15
4988 72
5002 72
5006 72
5017 72
5020 72
5020 95
5037 15
5079 15
5089 15
5099 15
5110 15
4828 15
4828 95
5118 72
5121 15
5123 15
5150 15
5166 15
5172 72
5175 72
5176 72
5176 95
5177 15
4310 15
4310 72
5179 15
5189 15
5189 72
5189 95
5190 95
5196 15
5215 15
5262 15
5263 15
5301 15
5321 15
5360 15
5360 72
5391 15
5427 15
5479 15
5484 15
5487 15
5515 72
5531 15
5531 72
5532 15
5532 72
5534 15
5536 72
5543 15
5584 15
5589 15
5591 15
5605 15
5612 15
5610 15
5617 15
5617 72
5624 15
5630 15
5644 15
5666 15
5666 72
5675 72
5691 15
5691 72
5695 72
5698 72
5696 15
5696 72
5697 72
5714 15
5741 15
5750 15
5768 15
5783 15
5787 15
5796 15
5805 15
5807 15
5810 15
5818 15
5819 15
5855 15
5857 15
5862 15
5890 15
5590 15
4767 15
5908 15
5913 15
5916 15
5993 15
6020 15
6024 15
6068 15
6075 15
6001 15
6156 15
6157 15
6160 15
6178 15
6179 15
6180 15
6196 15
6197 15
6181 15
6182 15
6183 15
6184 15
6185 15
6186 15
6187 15
388 15
6188 15
6198 15
6199 15
6200 15
6201 15
6202 15
6203 15
6204 15
6190 15
6205 15
6206 15
6207 15
6191 15
6192 15
6208 15
6193 15
