6 7161
24 7119
24 7143
24 7144
36 7115
42 7108
29 7119
68 7115
68 7168
109 7101
109 7115
109 7168
109 7185
155 7116
259 7115
395 7115
425 7108
425 7131
580 7144
600 7115
737 7115
737 7116
737 7162
737 7185
737 7186
749 7115
766 7101
766 7115
766 7116
766 7119
766 7143
766 7144
766 7168
469 7131
996 7108
1003 7115
1043 7115
1075 7131
1098 7108
1098 7110
1098 7120
1098 7131
1098 7186
1132 7108
1142 7115
1142 7168
1151 7115
1151 7119
1151 7143
1151 7144
1166 7108
1166 7168
1215 7131
1215 7168
1305 7108
1359 7168
1353 7131
1374 7108
1374 7120
1374 7131
1473 7115
1542 7115
1549 7115
1549 7168
1549 7185
1612 7162
1647 7131
1691 7115
1701 7131
1717 7168
1733 7143
1767 7131
1795 7186
1796 7168
1814 7168
1823 7116
1835 7115
1847 7146
1847 7168
1896 7144
2120 7146
2186 7108
2192 7131
2215 7108
2258 7119
2258 7143
2153 7168
2264 7115
2297 7168
2328 7131
2369 7116
2369 7131
2369 7146
2369 7168
2387 7143
2387 7144
2417 7168
2452 7116
2456 7115
2502 7115
2518 7115
2547 7115
2549 7131
2565 7101
2565 7108
2565 7110
2565 7115
2565 7116
2565 7119
2565 7120
2565 7131
2565 7143
2565 7144
2565 7186
2576 7120
2585 7168
2474 7168
2658 7116
2658 7131
2660 7115
2909 7168
2940 7116
2940 7162
2972 7101
2972 7115
2972 7116
2972 7119
2972 7162
2972 7185
2972 7186
3032 7120
3092 7146
3092 7168
3106 7108
3366 7115
3381 7101
3381 7108
3381 7115
3381 7119
3381 7143
3381 7144
3447 7101
3447 7108
3447 7144
3447 7186
3456 7168
3457 7115
3457 7131
3459 7116
3460 7131
3478 7115
3527 7108
3586 7110
3586 7119
3586 7143
3586 7144
3586 7168
3586 7185
3593 7101
3593 7115
3593 7143
3593 7144
3607 7143
3607 7168
3641 7108
3642 7108
3642 7115
3642 7131
3642 7168
3642 7185
3691 7110
3691 7161
3691 7186
3803 7101
3803 7115
3813 7168
3910 7108
3965 7101
3976 7185
3982 7115
4036 7101
2981 7120
2981 7149
4045 7101
4045 7108
4045 7115
4045 7119
4045 7143
4045 7144
4045 7162
4046 7108
4046 7168
4046 7185
4151 7115
4200 7144
4297 7168
4361 7115
4422 7108
4437 7115
4437 7119
4441 7108
4441 7116
4451 7115
4455 7108
4524 7144
4536 7168
4632 7143
4662 7143
4709 7119
4717 7131
4712 7144
4712 7168
4760 7110
4760 7119
4764 7143
4792 7185
4964 7101
4964 7149
4967 7101
4967 7115
4967 7119
4967 7143
4967 7144
4967 7168
5002 7115
5002 7119
5002 7143
5002 7144
5002 7186
5020 7168
5028 7115
5028 7116
5053 7116
5054 7119
5059 7110
5059 7143
5079 7108
5102 7115
5102 7168
5103 7108
5103 7115
5103 7116
5123 7168
5166 7119
5166 7131
5173 7108
5173 7119
5173 7146
4795 7101
4795 7108
4310 7101
4310 7115
4310 7116
4310 7119
4310 7143
4310 7144
4310 7168
5179 7144
5188 7101
5188 7115
5188 7119
5188 7143
5188 7144
5188 7168
5189 7101
5189 7115
5189 7120
5189 7131
5254 7144
5301 7131
5445 7131
5445 7146
5452 7115
5489 7115
5524 7101
5524 7108
5524 7115
5524 7119
5524 7131
5524 7143
5524 7162
5524 7168
5524 7185
5524 7186
5531 7108
5531 7115
5531 7143
5531 7149
5543 7101
5543 7119
5543 7131
5543 7143
5553 7119
5582 7108
5582 7119
5582 7143
5582 7144
5596 7108
5616 7108
5630 7131
5655 7116
5655 7146
5692 7143
5697 7101
5697 7115
5697 7119
5697 7144
5697 7185
5714 7115
5714 7168
5721 7115
5721 7119
5721 7143
5721 7144
5775 7115
5772 7168
5773 7101
5773 7119
5773 7120
5773 7143
5773 7144
5773 7162
5773 7185
5776 7149
5796 7115
5800 7101
5800 7110
5800 7116
5800 7119
5800 7120
5800 7144
5800 7162
5800 7185
5802 7101
5802 7108
5802 7110
5802 7115
5802 7116
5802 7119
5802 7131
5802 7143
5802 7144
5802 7168
5802 7186
5804 7115
5804 7116
5807 7101
5807 7115
5807 7116
5811 7108
5811 7149
5814 7110
5814 7116
5816 7115
5816 7168
5817 7143
5817 7168
5817 7185
5817 7186
5822 7168
5827 7143
5872 7116
5932 7101
5940 7115
5988 7131
5998 7101
5998 7115
5998 7119
5998 7143
6000 7168
6006 7108
6024 7131
6032 7116
6032 7131
6097 7101
6097 7144
6156 7131
6218 7168
6241 7116
6245 7116
6270 7161
6270 7185
6280 7116
6280 7131
6299 7185
6305 7108
6305 7144
6359 7108
6360 7108
6360 7119
6360 7143
6360 7144
6327 7101
6327 7108
6327 7115
6327 7119
6327 7143
6327 7144
6327 7168
6398 7185
6408 7144
6408 7149
6414 7116
6443 7108
6443 7115
6443 7131
6443 7168
6458 7108
6458 7115
6459 7108
6486 7108
6486 7143
6486 7162
6486 7185
6494 7101
6494 7115
6502 7115
6523 7115
6525 7119
6538 7116
6555 7146
6123 7185
6563 7108
6563 7144
6552 7168
6596 7116
6596 7120
6612 7115
6618 7101
6618 7115
6618 7116
6618 7119
6618 7131
6618 7144
6618 7161
6619 7101
6619 7108
6619 7115
6619 7116
6619 7144
6619 7162
6619 7185
6619 7186
6615 7101
6615 7108
6615 7115
6615 7119
6615 7131
6615 7143
6615 7144
6615 7168
6615 7185
6615 7186
6622 7146
6624 7131
6627 7115
6649 7110
6665 7101
6665 7108
6665 7116
6671 7131
6711 7115
6711 7119
6714 7131
6611 7101
6766 7185
6772 7185
6784 7131
6848 7101
6848 7143
6855 7185
6620 7101
6620 7108
6620 7115
6620 7119
6620 7143
6620 7144
6620 7168
6620 7185
6620 7186
6886 7143
6900 7131
6913 7101
6913 7108
6913 7119
6913 7143
6913 7149
6913 7168
6913 7185
6914 7131
6906 7101
6906 7108
6906 7115
6906 7119
6906 7143
6906 7144
6906 7185
6906 7186
6907 7101
6907 7108
6907 7116
6907 7131
6907 7144
6916 7108
6916 7131
6918 7108
6924 7131
6934 7115
6934 7119
6934 7120
6934 7186
6941 7131
5529 7144
6945 7119
6975 7110
6975 7119
6976 7101
6976 7115
6976 7119
6976 7143
6991 7108
7026 7116
7052 7101
7052 7108
7052 7115
7052 7116
7052 7119
7052 7143
7052 7144
7052 7146
7054 7116
7047 7120
7055 7131
7056 7116
7057 7131
7070 7115
7071 7115
7080 7108
7080 7185
6946 7116
6946 7120
7086 7108
7086 7131
7092 7131
7092 7144
7092 7162
7092 7185
7098 7101
7099 7101
7100 7101
7100 7115
7100 7119
7100 7143
7100 7144
7103 7108
7104 7108
7106 7108
7107 7108
7109 7115
7110 7115
7111 7115
7112 7115
7113 7115
7114 7115
7118 7119
7117 7119
7117 7143
7117 7144
7132 7131
6986 7143
7142 7143
7142 7144
7145 7144
7146 7144
6994 7161
7163 7162
7165 7168
7166 7168
7167 7168
7175 7131
7179 7131
7176 7116
7176 7185
7184 7185
7190 7191
7194 7195
7231 7116
7231 7131
7239 7116
7239 7131
7317 7146
7362 7116
7391 7120
7451 7131
7452 7131
7453 7131
7181 7131
7180 7131
7454 7131
7455 7131
7456 7131
7457 7131
7458 7131
7459 7131
7461 7131
7462 7131
7580 7116
7588 7116
7598 7116
7050 7120
7684 7120
7687 7120
7686 7120
7697 7120
7733 7120
7736 7120
