30 5254
24 5254
44 5254
47 5254
58 5254
27 5210
27 5254
72 5254
71 5254
87 5200
87 5210
87 5254
68 5210
68 5226
68 5233
68 5245
68 5254
68 5262
68 5288
109 5200
109 5210
109 5254
109 5273
109 5295
122 5254
127 5254
143 5288
173 5254
166 5210
166 5246
166 5254
166 5288
203 5254
231 5226
231 5263
232 5254
237 5254
259 5210
259 5254
263 5222
265 5254
275 5254
308 5288
310 5210
310 5222
310 5239
310 5288
311 5254
319 5226
319 5273
336 5233
351 5254
371 5288
383 5254
398 5295
425 5233
432 5222
457 5200
457 5204
457 5210
457 5222
457 5226
457 5233
457 5239
457 5245
457 5246
457 5254
457 5262
457 5273
457 5285
457 5288
457 5289
457 5295
546 5254
546 5273
546 5295
546 5298
553 5254
600 5226
600 5254
634 5200
634 5233
634 5288
637 5254
663 5204
686 5233
695 5233
704 5204
722 5263
737 5210
737 5233
737 5239
737 5246
737 5254
737 5273
737 5288
737 5295
748 5210
697 5215
749 5239
749 5254
763 5222
763 5288
766 5200
766 5204
766 5215
766 5222
766 5226
766 5239
766 5245
766 5254
766 5262
766 5273
769 5210
769 5254
788 5200
788 5233
789 5204
789 5210
789 5222
789 5239
789 5254
789 5288
791 5254
816 5254
825 5233
825 5262
825 5263
841 5204
841 5215
841 5222
854 5200
854 5254
856 5233
865 5254
879 5295
469 5254
896 5254
909 5233
948 5253
967 5210
984 5210
985 5210
988 5210
993 5210
996 5233
996 5254
996 5263
996 5288
1008 5254
1032 5222
1041 5262
1041 5285
1042 5254
1055 5254
1055 5288
1063 5273
1074 5254
1075 5254
1087 5254
1098 5246
1098 5289
1111 5254
1111 5263
1133 5204
1133 5222
1133 5233
1133 5254
1133 5262
1133 5263
1133 5288
1137 5285
1151 5226
1151 5254
1151 5273
1151 5289
1166 5210
1166 5233
1166 5254
1166 5263
1166 5273
1166 5285
1166 5288
1179 5254
1207 5262
1210 5254
1210 5288
1247 5239
1305 5239
1319 5288
1320 5288
1353 5254
1374 5210
1374 5233
1374 5246
1374 5254
1374 5263
1374 5288
1385 5200
1385 5233
1393 5263
1467 5204
1470 5204
1470 5210
1471 5246
1473 5254
1496 5210
1496 5239
1496 5288
1497 5254
1500 5253
1522 5288
1537 5226
1542 5200
1542 5226
1542 5239
1542 5262
1548 5254
1549 5200
1549 5215
1549 5254
1549 5285
1549 5288
1603 5233
1603 5254
1608 5288
1612 5210
1612 5246
1530 5226
1644 5210
1661 5215
1662 5239
1647 5226
1680 5222
1691 5254
1701 5210
1701 5226
1701 5233
1701 5254
1717 5254
1733 5210
1733 5254
1734 5233
1762 5254
1767 5233
1767 5254
1796 5200
1796 5210
1796 5254
1796 5273
1808 5215
1808 5254
1808 5271
1808 5296
1814 5210
1823 5262
1835 5210
1835 5254
1847 5208
1847 5254
1874 5254
1876 5254
1915 5200
1915 5233
1915 5262
1937 5254
1935 5254
1972 5273
1982 5288
1990 5210
1990 5285
2033 5254
2065 5254
2084 5200
2135 5222
2135 5254
2144 5285
2145 5200
2145 5210
2145 5226
2145 5254
2145 5273
2145 5288
2160 5254
2188 5254
2237 5262
2240 5254
2249 5233
2256 5200
2256 5233
2257 5239
2258 5200
2258 5226
2258 5233
2258 5273
2264 5254
2264 5289
2276 5254
2294 5254
2299 5215
2299 5226
2299 5246
2365 5285
2369 5208
2369 5210
2369 5215
2369 5226
2369 5231
2369 5233
2369 5254
2369 5255
2375 5233
2376 5233
2376 5262
2381 5254
2384 5226
2387 5204
2387 5226
2387 5239
2387 5263
2440 5210
2452 5233
2456 5273
2458 5210
2485 5233
2485 5254
2485 5289
2502 5210
2502 5254
2504 5233
2506 5200
2506 5208
2507 5254
2507 5262
2516 5245
2516 5273
2535 5254
2549 5263
2562 5254
2564 5239
2565 5204
2565 5210
2565 5215
2565 5222
2565 5233
2565 5239
2565 5245
2565 5246
2565 5288
2565 5289
2565 5295
2576 5210
2576 5245
2576 5254
2587 5226
2585 5273
2585 5288
2595 5254
2474 5200
2605 5226
2623 5210
2623 5233
2623 5240
2623 5254
2620 5254
2655 5233
2657 5254
2657 5273
2658 5204
2658 5208
2658 5210
2658 5215
2658 5222
2658 5233
2658 5239
2658 5245
2658 5246
2658 5260
2658 5288
2658 5289
2674 5288
2680 5254
2702 5204
2702 5222
2702 5285
2688 5200
2688 5204
2688 5215
2688 5222
2688 5226
2688 5231
2688 5239
2688 5254
2688 5262
2688 5263
2688 5273
2688 5285
2688 5288
2688 5295
2660 5210
2660 5254
2689 5253
2667 5200
2667 5233
2667 5239
2667 5245
2693 5200
2693 5204
2693 5254
2694 5295
2727 5254
2737 5288
2744 5254
2744 5263
2752 5254
2774 5262
2775 5273
2790 5254
2790 5263
2831 5262
2851 5254
2851 5288
2855 5210
2871 5204
2871 5210
2871 5222
2871 5285
2871 5288
2883 5226
2905 5254
2908 5233
2909 5222
2940 5233
2940 5298
2972 5204
2972 5208
2972 5210
2972 5222
2972 5226
2972 5233
2972 5239
2972 5245
2972 5254
2972 5262
2972 5273
2972 5295
2972 5298
2988 5226
2988 5262
2995 5215
3000 5210
3010 5222
2707 5226
3015 5226
3015 5263
3027 5210
3028 5267
3032 5254
3032 5262
3035 5200
3035 5222
3084 5254
3088 5254
3088 5285
3092 5226
3092 5239
3092 5245
3092 5246
3092 5263
3132 5254
3142 5210
3145 5233
3190 5254
3191 5226
3191 5233
3191 5288
3209 5233
3227 5288
3238 5210
3238 5233
3246 5222
3270 5254
3274 5226
3274 5245
3274 5262
3292 5200
3297 5262
3333 5226
3334 5233
3340 5254
3345 5254
3348 5233
3348 5246
3352 5204
3352 5222
3352 5233
3352 5239
3352 5288
3366 5210
3366 5233
3375 5285
3381 5200
3381 5254
3381 5288
3381 5289
3381 5295
3389 5210
3394 5204
3403 5254
3402 5204
3402 5222
3404 5255
3390 5226
3390 5263
3439 5210
3439 5254
3447 5200
3447 5204
3447 5226
3447 5255
3447 5262
3447 5273
3447 5288
3447 5295
3449 5204
3449 5215
3449 5222
3449 5226
3449 5239
3449 5262
3449 5288
3452 5288
3453 5200
3453 5204
3453 5208
3453 5210
3453 5215
3453 5222
3453 5226
3453 5233
3453 5239
3453 5254
3453 5263
3453 5273
3456 5200
3456 5204
3456 5210
3456 5226
3456 5246
3456 5254
3456 5295
3457 5215
3457 5239
3457 5288
3457 5289
3459 5226
3459 5254
3459 5262
3460 5210
3460 5289
3461 5215
3462 5254
3463 5204
3463 5239
3483 5263
3478 5226
3478 5288
2524 5246
3498 5254
3498 5285
3522 5233
3522 5254
3527 5288
3556 5204
3556 5222
3568 5200
3568 5254
3568 5262
3586 5200
3586 5210
3586 5254
3586 5298
3603 5254
3607 5233
3614 5222
3614 5226
3614 5239
3614 5245
3615 5210
3631 5254
3634 5210
3634 5233
3636 5254
3641 5295
3642 5200
3642 5210
3642 5226
3642 5233
3642 5254
3642 5262
3642 5263
3642 5273
3642 5288
3642 5295
3643 5226
3656 5288
3665 5233
3665 5288
3666 5233
3666 5239
3666 5288
3673 5204
3683 5246
3691 5208
3691 5271
3691 5288
3691 5295
3691 5298
3571 5210
3571 5288
3728 5233
3751 5210
3762 5288
3777 5239
3785 5200
3786 5253
3786 5254
3786 5285
3786 5288
3787 5233
3787 5254
3787 5263
3787 5288
3792 5215
3792 5295
3796 5204
3796 5226
3796 5239
3813 5254
3845 5288
3854 5285
3877 5295
3910 5254
3916 5233
3916 5285
3919 5222
3919 5288
3925 5210
3956 5210
3960 5254
3965 5233
3965 5288
3969 5231
3976 5215
3976 5233
3976 5260
3976 5267
3976 5271
3976 5285
3976 5296
4013 5215
4013 5288
4036 5254
4036 5288
4037 5226
4040 5288
4041 5200
4041 5204
4041 5210
4041 5233
4041 5239
4041 5262
4045 5204
4045 5215
4045 5222
4045 5226
4045 5262
4045 5273
4045 5288
4046 5233
4046 5288
4046 5289
4063 5262
4077 5204
4077 5222
4065 5263
4070 5204
4070 5222
4070 5226
4070 5245
4070 5263
4070 5288
4073 5200
4073 5226
4073 5233
4073 5255
4073 5263
4073 5274
4082 5245
4099 5204
4099 5208
4099 5210
4099 5215
4099 5226
4099 5233
4099 5262
4099 5263
4076 5210
4076 5285
4144 5210
4144 5245
4144 5254
4144 5263
4151 5254
4169 5233
4175 5233
4189 5288
4191 5274
4204 5204
3995 5200
3995 5204
3995 5273
4211 5233
4212 5210
4212 5245
4212 5255
4212 5271
4219 5204
4219 5208
4219 5239
4222 5204
4221 5200
4221 5226
4221 5254
4221 5295
4233 5204
4276 5204
4276 5226
4297 5254
4298 5285
4338 5254
4335 5273
4347 5246
4353 5226
4353 5262
4353 5288
4355 5204
4355 5215
4361 5288
4364 5233
4364 5288
4416 5254
4428 5222
4431 5288
4437 5289
4438 5204
4441 5200
4441 5204
4441 5239
4442 5204
4455 5274
4455 5288
4468 5215
4468 5245
4468 5271
4476 5233
4482 5239
4482 5298
4483 5200
4483 5204
4483 5239
4483 5254
4483 5262
4483 5296
4486 5233
4486 5255
4488 5200
4488 5210
4488 5288
4489 5254
4509 5204
4524 5210
4536 5226
4536 5254
4550 5262
4557 5226
4598 5263
4630 5254
4487 5208
4487 5215
4487 5298
4632 5200
4632 5215
4632 5222
4632 5233
4632 5262
4632 5288
4653 5200
4653 5204
4653 5208
4653 5210
4653 5215
4653 5222
4653 5226
4653 5255
4653 5260
4673 5200
4673 5210
4673 5215
4673 5233
4673 5273
4686 5210
4686 5233
4686 5295
4687 5254
4710 5239
4717 5254
4717 5273
4718 5204
4718 5222
4718 5231
4718 5239
4718 5260
4718 5267
4712 5233
4712 5254
4712 5288
4725 5204
4726 5222
4756 5233
4748 5204
4764 5200
4764 5254
4764 5273
4777 5285
4796 5226
4792 5254
4792 5273
4792 5298
4814 5226
4813 5200
4813 5204
4824 5215
4824 5226
4824 5285
4824 5288
4824 5289
4824 5296
4829 5245
4829 5288
4829 5295
4843 5254
4859 5222
4846 5239
4862 5254
4874 5210
4879 5289
4894 5210
4894 5215
4899 5200
4899 5204
4899 5222
4899 5233
4899 5239
4899 5245
4899 5262
4924 5262
4915 5200
4948 5200
4948 5204
4948 5210
4948 5215
4948 5222
4948 5226
4948 5239
4948 5255
4948 5263
4948 5288
4964 5200
4964 5204
4964 5222
4964 5262
4964 5273
4967 5200
4967 5204
4967 5210
4967 5222
4967 5226
4967 5239
4967 5254
4967 5262
4967 5273
4938 5222
4974 5204
4974 5215
4974 5239
4976 5215
4980 5285
4982 5222
4982 5254
4982 5288
5002 5204
5002 5210
5002 5233
5002 5239
5002 5254
5002 5263
5002 5273
5006 5208
5006 5210
5006 5215
5006 5288
5009 5222
5009 5239
5011 5254
5011 5285
5013 5288
5017 5233
5017 5254
5022 5210
5022 5233
5022 5254
5022 5262
5022 5263
5020 5204
5020 5208
5020 5233
5020 5240
5020 5245
5020 5255
5020 5271
5020 5285
5020 5288
5020 5296
5028 5254
5037 5295
5048 5233
5053 5262
5061 5215
5079 5200
5079 5204
5079 5208
5079 5215
5079 5226
5079 5233
5079 5254
5079 5262
5079 5263
5079 5273
5079 5289
5089 5262
5095 5295
5099 5239
5106 5210
5102 5210
5102 5254
5102 5288
5110 5204
5110 5210
5110 5215
5110 5222
5110 5262
5110 5263
4828 5239
4828 5262
4828 5263
5119 5204
5119 5222
5123 5226
5123 5233
5125 5245
5050 5200
5140 5239
5140 5245
5140 5273
5140 5295
5150 5254
5152 5204
5152 5215
5155 5231
5155 5239
5155 5240
5155 5260
5160 5210
5166 5254
5171 5262
5171 5263
5173 5210
5173 5233
5173 5285
5174 5200
4795 5200
4795 5210
4795 5254
4795 5288
5176 5226
5176 5263
5176 5285
5176 5296
5177 5246
5177 5254
5177 5262
4310 5200
4310 5226
4310 5233
4310 5254
4310 5262
4310 5273
4310 5285
4310 5288
5179 5200
5179 5210
5179 5226
5179 5233
5179 5254
5179 5263
5179 5285
5179 5288
5180 5226
5181 5210
5181 5254
5181 5296
5182 5262
5182 5263
5185 5200
5185 5254
5185 5295
5188 5200
5188 5226
5188 5254
5188 5263
5188 5273
5188 5288
5189 5200
5189 5226
5189 5233
5189 5262
5189 5285
5189 5288
5189 5289
5189 5296
5194 5204
5195 5204
5196 5204
5196 5254
5196 5289
5197 5204
5198 5204
5199 5200
5199 5204
5200 5204
5200 5215
5201 5204
5201 5208
5202 5204
5203 5200
5203 5204
5207 5200
5207 5233
5209 5210
5215 5200
5213 5215
5214 5215
5217 5245
5218 5222
5219 5222
5220 5222
5221 5222
5224 5231
5226 5231
5226 5262
5227 5231
5228 5231
5225 5231
5229 5231
5230 5231
5233 5239
5233 5288
5238 5239
5242 5245
5244 5245
5241 5245
5243 5245
5243 5288
5246 5245
5246 5255
5246 5260
5252 5253
5251 5253
5262 5200
5262 5254
5263 5226
5275 5210
5280 5288
5281 5288
5282 5288
5283 5288
5287 5288
5284 5288
5285 5255
5285 5288
5286 5288
5289 5233
5295 5210
5301 5233
5301 5273
5317 5254
5321 5233
5321 5254
5321 5263
5341 5254
5381 5263
5391 5285
5404 5200
5404 5233
5404 5254
5423 5200
5423 5273
5424 5254
5430 5254
5427 5262
5445 5289
5446 5200
5446 5289
5448 5233
5452 5226
5457 5262
5457 5263
5479 5233
5487 5262
5516 5285
5524 5200
5524 5210
5524 5233
5524 5246
5524 5254
5524 5262
5524 5273
5524 5288
5524 5289
5524 5295
5526 5254
5531 5210
5531 5226
5531 5233
5531 5254
5531 5262
5531 5273
5531 5288
5531 5295
5532 5254
5532 5295
5543 5200
5543 5233
5543 5262
5543 5273
5543 5295
5549 5254
5553 5233
5582 5200
5582 5288
5584 5254
5589 5233
5591 5254
5604 5226
5612 5226
5612 5233
5612 5254
5612 5295
5616 5254
5617 5233
5396 5200
5630 5254
5630 5262
5630 5263
5644 5233
5655 5200
5655 5254
5655 5273
5655 5289
5655 5295
5657 5254
5658 5233
5647 5285
5691 5263
5692 5288
5696 5200
5696 5233
5696 5254
5697 5200
5697 5210
5697 5226
5697 5233
5697 5254
5697 5262
5697 5273
5697 5288
5697 5295
5702 5210
5708 5254
5714 5200
5714 5226
5721 5262
5720 5263
5722 5263
5738 5263
5739 5210
5739 5254
5739 5262
5739 5263
5741 5254
5761 5226
5768 5262
5769 5226
5770 5226
5775 5288
5772 5288
5773 5288
5773 5295
5796 5200
5796 5210
5796 5246
5796 5254
5796 5262
5796 5273
5796 5288
5796 5295
5796 5298
5799 5200
5800 5210
5800 5233
5802 5200
5802 5210
5802 5233
5802 5254
5802 5273
5802 5288
5802 5289
5806 5210
5806 5233
5806 5289
5808 5200
5810 5233
5810 5254
5811 5210
5811 5295
5812 5200
5812 5295
5814 5200
5814 5210
5814 5254
5814 5262
5814 5288
5816 5233
5816 5254
5816 5273
5816 5295
5817 5254
5817 5288
5818 5233
5818 5262
5818 5263
5818 5273
5818 5295
5819 5254
5819 5273
5821 5254
5822 5210
5822 5254
5822 5289
5823 5254
5824 5295
5827 5254
5829 5262
5839 5210
5839 5254
5839 5262
5857 5200
5857 5210
5857 5273
5859 5246
5862 5254
5872 5289
4767 5254
5908 5254
5908 5298
5871 5254
5871 5262
5871 5273
5871 5295
5928 5246
5927 5210
5932 5254
5933 5254
5934 5210
5934 5273
5940 5254
5972 5263
5984 5233
5998 5210
5998 5254
5998 5273
5999 5254
6006 5254
6004 5233
6020 5262
6023 5233
6023 5263
6032 5210
6032 5246
6043 5210
6043 5262
6049 5210
6072 5246
6068 5210
6075 5262
6082 5210
6126 5262
6134 5254
6200 5262
6204 5233
6190 5254
6208 5254
6217 5210
6217 5254
6217 5273
6218 5210
6218 5254
6220 5254
6224 5262
6221 5254
6221 5262
6222 5262
6223 5233
6223 5254
6223 5262
6232 5263
6241 5289
6243 5254
6248 5233
6262 5200
6270 5233
6270 5288
6271 5200
6272 5210
6272 5233
6272 5254
6280 5233
6280 5289
6305 5210
6305 5233
6305 5246
6305 5254
6305 5273
6305 5288
6312 5233
6313 5233
6314 5210
6314 5233
6315 5233
6319 5233
6323 5200
6323 5233
6323 5254
6132 5200
6317 5200
6324 5200
6325 5200
6325 5254
6326 5200
6334 5233
6346 5295
6347 5289
6359 5254
6359 5295
6298 5254
6377 5288
6327 5210
6327 5254
6327 5288
6327 5295
5965 5254
6421 5210
6421 5295
6440 5254
6443 5210
6443 5233
6443 5254
6458 5273
6467 5254
6479 5254
6479 5273
6483 5254
6486 5233
6486 5254
6486 5273
6486 5289
6488 5210
6488 5254
6494 5233
6494 5254
6501 5210
6501 5254
6510 5254
6522 5254
5273 5254
5273 5295
6560 5233
6563 5254
6577 5254
6552 5254
6552 5295
6595 5295
6596 5246
6605 5210
6608 5254
6618 5210
6618 5233
6618 5246
6619 5233
6619 5298
6615 5233
6615 5288
6615 5295
6624 5288
6624 5289
6627 5210
6627 5254
6643 5254
6644 5254
6645 5254
6646 5254
6647 5254
6655 5254
6648 5254
6649 5254
6650 5254
6651 5254
6652 5254
6653 5254
6654 5254
6656 5255
6609 5210
6609 5298
6665 5288
3293 5289
6714 5233
6714 5289
6772 5233
6815 5288
6841 5210
6620 5288
6620 5295
6875 5289
5410 5295
6900 5210
6902 5288
6902 5289
6914 5288
6906 5288
6907 5210
6907 5233
6907 5288
6916 5289
6918 5233
6923 5289
6934 5233
5529 5210
5529 5289
6692 5288
6976 5233
6991 5288
7005 5210
7026 5210
7052 5233
7052 5289
7053 5210
7053 5246
7047 5210
7047 5246
7055 5289
7057 5210
7057 5289
7080 5210
7080 5288
6946 5289
7086 5210
7086 5246
7086 5289
7092 5210
7092 5288
7092 5289
7099 5288
7113 5233
7192 5288
7193 5288
6889 5288
7231 5289
7270 5210
7280 5233
7294 5246
7335 5210
7343 5233
7362 5233
7379 5289
7357 5233
7199 5233
7382 5233
7383 5233
7391 5210
7391 5246
7501 5289
7502 5289
7503 5289
7579 5210
7608 5210
7649 5210
7682 5210
7727 5246
7733 5246
7774 5210
7775 5210
7818 5210
6709 5210
7862 5210
7900 5210
7900 5246
7901 5210
7933 5210
7964 5210
7980 5246
8012 5210
8062 5210
8063 5210
8064 5210
8065 5210
8066 5210
8146 5246
