20 7726
68 7795
109 7757
109 7763
109 7788
155 7701
199 7795
335 7795
371 7795
395 7795
425 7707
457 7757
457 7791
737 7730
737 7778
737 7799
742 7707
742 7795
749 7778
766 7707
766 7726
766 7757
766 7763
766 7778
766 7788
766 7795
1051 7778
1055 7707
1055 7726
1098 7701
1098 7707
1098 7726
1098 7763
1151 7763
1151 7788
1151 7795
1166 7707
1166 7726
1200 7707
1365 7795
1374 7707
1374 7726
1374 7757
1374 7763
1374 7788
1374 7795
1542 7757
1542 7763
1542 7795
1612 7726
1612 7763
1612 7788
1612 7791
1667 7795
1701 7763
1701 7795
1823 7707
1896 7707
2010 7726
2010 7795
2145 7757
2452 7701
2485 7795
2506 7778
2560 7707
2560 7726
2560 7778
2560 7788
2560 7795
2565 7701
2565 7707
2565 7726
2565 7757
2565 7763
2565 7778
2565 7788
2565 7791
2565 7795
2565 7799
2576 7757
2576 7763
2658 7707
2658 7726
2658 7778
2774 7795
2972 7734
2983 7791
3063 7735
3084 7788
3142 7791
3274 7763
3381 7726
3381 7757
3381 7788
3449 7757
3498 7726
3521 7757
3587 7708
3586 7726
3586 7795
2067 7763
3787 7726
3787 7788
3965 7707
3965 7788
4040 7788
2981 7778
4221 7778
4347 7701
4347 7778
4398 7757
4441 7707
4441 7726
4441 7763
4441 7788
4441 7795
4558 7757
4598 7757
4632 7726
4632 7795
4712 7707
4792 7788
4948 7726
4948 7778
5002 7763
5103 7726
5123 7726
4310 7707
4310 7778
4310 7795
5188 7788
5188 7795
5189 7701
5226 7726
5262 7707
5342 7726
5342 7778
5445 7707
5524 7707
5524 7726
5524 7740
5524 7757
5524 7763
5524 7788
5524 7795
5655 7730
5655 7734
5655 7763
5658 7726
5738 7740
5776 7701
5796 7757
5800 7726
5800 7763
5800 7795
5802 7707
5802 7726
5802 7757
5802 7763
5802 7778
5802 7788
5802 7795
5806 7730
5806 7734
5806 7735
5806 7788
5814 7757
5814 7795
5818 7791
5820 7707
5820 7757
5820 7763
5820 7788
5859 7791
5896 7707
5070 7778
5915 7701
5915 7726
5915 7763
5915 7788
5915 7795
5998 7707
5998 7795
6020 7763
6043 7726
6043 7757
6043 7788
6043 7795
6072 7707
6072 7778
6179 7788
6241 7763
6274 7788
6305 7778
6305 7795
6398 7763
6421 7701
6443 7788
6443 7795
6494 7763
6494 7799
6510 7707
6510 7795
6460 7701
6460 7765
6460 7799
6548 7788
6555 7726
6560 7701
6560 7757
6570 7795
6563 7757
6563 7778
6596 7707
6596 7726
6596 7730
6596 7757
6596 7763
6596 7778
6596 7788
6596 7791
6596 7795
6618 7765
6615 7707
6615 7726
6615 7740
6615 7757
6615 7763
6624 7757
6624 7763
6624 7799
6712 7795
6766 7763
6772 7791
6855 7757
6885 7707
6914 7757
6914 7788
6907 7707
6907 7726
6907 7757
6907 7763
6907 7788
6907 7795
6916 7740
6916 7757
6916 7788
6918 7778
6924 7757
6934 7795
6945 7763
6951 7778
6976 7788
6976 7795
6993 7701
6993 7757
6993 7763
6993 7788
6993 7795
7005 7757
7005 7763
7005 7788
7043 7707
7043 7735
7043 7763
7052 7707
7045 7726
7045 7757
7045 7763
7053 7791
7047 7707
7047 7726
7047 7763
7047 7778
7047 7788
7047 7795
7055 7707
7055 7726
7055 7757
7055 7763
7055 7778
7055 7788
7055 7795
7056 7726
7056 7757
7056 7763
7056 7795
7049 7757
7049 7763
7049 7788
7049 7795
7057 7707
7057 7763
7057 7788
7080 7797
6946 7701
7092 7788
7092 7795
7120 7707
7129 7763
6889 7701
7198 7707
7225 7707
7225 7730
7231 7707
7231 7726
7231 7757
7231 7763
7231 7788
7231 7795
7241 7791
7243 7763
7262 7757
7262 7763
7270 7763
7276 7740
7276 7763
7279 7726
7280 7740
7280 7757
7280 7763
7280 7778
7280 7788
7280 7795
7301 7707
7301 7757
7281 7795
7335 7791
7343 7788
7350 7726
7352 7740
7378 7757
7378 7795
7386 7791
7391 7726
7405 7763
7449 7740
7511 7707
7544 7788
7570 7778
7579 7788
7579 7795
7586 7757
7586 7763
7614 7707
7614 7726
7614 7795
7661 7757
7666 7701
7675 7778
7685 7757
7691 7778
7696 7707
7697 7734
7697 7740
7697 7763
7703 7707
7704 7707
7705 7707
7706 7707
7719 7763
7728 7726
7728 7763
7727 7726
7729 7730
7732 7734
7733 7734
7733 7791
7736 7757
7738 7795
7741 7757
7741 7763
7743 7757
7744 7740
7747 7795
7750 7757
7751 7757
7752 7757
7753 7757
7755 7757
7756 7757
7758 7763
7759 7763
7760 7763
7761 7763
7762 7763
7766 7788
7771 7778
7772 7778
7772 7791
7773 7778
7774 7778
7775 7778
7777 7778
7780 7788
7796 7795
8046 7791
8051 7791
8053 7791
8107 7791
