6 1861
6 1864
9 1855
11 1802
11 1805
11 1811
11 1816
11 1835
11 1836
11 1842
11 1847
11 1848
11 1849
11 1855
11 1857
11 1858
11 1859
11 1861
11 1864
11 1880
11 1884
11 1888
11 1893
14 1835
14 1842
14 1855
14 1864
20 1855
20 1859
24 1808
24 1814
24 1816
24 1835
24 1836
24 1837
24 1842
24 1855
24 1858
24 1880
24 1893
36 1816
36 1842
36 1848
36 1855
38 1836
44 1855
44 1857
47 1855
47 1859
47 1884
48 1864
59 1808
59 1836
59 1842
59 1893
72 1842
72 1848
75 1861
75 1864
75 1884
77 1816
86 1835
86 1855
86 1857
86 1859
71 1811
71 1859
87 1847
87 1855
68 1855
109 1816
110 1836
110 1842
122 1837
113 1842
113 1855
126 1855
128 1842
128 1855
128 1888
128 1893
132 1861
132 1864
136 1893
138 1842
143 1893
172 1814
173 1802
173 1805
173 1808
173 1811
173 1836
173 1842
173 1848
173 1849
173 1855
173 1880
74 1811
74 1836
178 1893
180 1858
182 1864
188 1808
191 1842
191 1855
191 1893
203 1808
203 1842
203 1855
215 1802
215 1805
215 1811
215 1842
215 1848
215 1849
231 1855
231 1861
231 1864
232 1842
232 1855
237 1855
255 1893
259 1808
259 1835
259 1842
259 1855
265 1858
266 1802
269 1811
275 1835
275 1888
280 1855
285 1884
290 1805
290 1836
290 1893
304 1833
304 1858
304 1859
304 1864
304 1884
308 1811
308 1847
308 1855
310 1842
310 1888
311 1814
311 1847
311 1848
311 1861
311 1864
311 1884
311 1888
311 1893
312 1836
312 1842
312 1855
312 1893
313 1859
315 1888
317 1893
319 1842
324 1842
328 1864
339 1855
356 1835
376 1802
407 1816
407 1835
407 1858
407 1859
407 1884
407 1893
425 1857
425 1893
432 1802
432 1808
432 1811
432 1842
432 1858
432 1888
432 1893
457 1802
457 1805
457 1811
457 1814
457 1816
457 1835
457 1836
457 1842
457 1848
457 1849
457 1855
457 1859
457 1880
457 1884
457 1888
457 1893
546 1808
546 1816
546 1836
546 1837
546 1842
546 1847
546 1849
546 1858
546 1884
546 1893
553 1808
553 1855
554 1842
555 1855
556 1808
556 1836
556 1842
556 1855
556 1858
556 1893
559 1802
583 1859
588 1836
588 1842
600 1808
600 1835
600 1836
600 1837
600 1842
600 1847
600 1855
600 1884
626 1855
633 1859
634 1842
635 1861
635 1864
650 1836
664 1864
684 1833
686 1805
686 1833
686 1836
686 1842
686 1849
686 1861
686 1864
686 1893
689 1805
689 1859
689 1864
691 1835
691 1847
691 1888
695 1842
695 1855
706 1819
706 1864
706 1884
707 1808
707 1842
707 1855
708 1888
712 1855
719 1811
722 1805
722 1836
722 1847
722 1849
722 1859
722 1864
727 1842
727 1861
727 1864
737 1823
737 1865
697 1836
697 1884
759 1842
759 1855
766 1808
766 1814
766 1836
766 1837
766 1842
766 1847
766 1858
766 1888
766 1893
762 1861
762 1864
769 1808
769 1835
769 1836
769 1842
769 1884
788 1836
788 1859
784 1814
784 1836
784 1842
784 1849
784 1855
784 1858
784 1864
789 1805
789 1816
789 1855
789 1888
791 1884
803 1849
805 1842
805 1847
805 1855
805 1884
811 1864
813 1808
813 1835
813 1836
813 1837
813 1842
813 1847
813 1888
813 1893
820 1819
820 1842
826 1805
826 1814
826 1816
826 1836
826 1837
826 1842
826 1849
826 1880
826 1893
825 1823
831 1811
831 1855
831 1858
836 1802
836 1805
836 1848
844 1833
844 1859
842 1859
854 1836
854 1848
854 1861
854 1864
856 1814
859 1836
859 1842
861 1859
865 1808
865 1855
870 1893
871 1816
871 1859
469 1855
904 1819
904 1833
904 1842
904 1847
904 1849
904 1855
904 1857
904 1861
904 1864
908 1836
908 1849
918 1802
928 1861
928 1864
935 1859
937 1888
941 1805
941 1816
941 1859
941 1893
946 1808
946 1847
946 1888
954 1836
954 1849
954 1861
954 1864
959 1835
959 1836
959 1842
961 1847
933 1836
933 1842
933 1855
933 1864
970 1893
971 1802
971 1811
971 1849
978 1847
978 1861
978 1864
986 1842
986 1861
986 1864
988 1814
988 1835
988 1837
988 1842
993 1802
993 1808
993 1811
993 1814
993 1835
993 1836
993 1842
993 1847
993 1848
993 1880
993 1888
994 1859
996 1814
996 1823
996 1835
996 1847
996 1848
996 1888
1000 1835
1006 1836
1006 1848
1006 1857
1006 1893
1003 1880
1009 1811
1009 1858
1009 1893
1029 1802
1029 1811
1031 1835
1031 1842
1031 1888
1042 1835
1042 1842
1043 1835
1050 1802
1050 1855
1055 1811
1055 1823
1055 1849
1055 1857
1055 1864
1062 1808
1062 1814
1062 1816
1062 1835
1062 1836
1062 1848
1062 1858
1062 1888
1062 1893
1065 1849
1065 1857
872 1811
872 1857
1074 1823
1075 1802
1075 1842
1075 1858
1075 1893
1080 1836
1080 1842
1080 1855
1085 1842
1089 1842
1089 1855
1093 1842
1094 1842
1095 1833
1095 1836
1095 1842
1095 1855
1097 1808
1097 1814
1098 1808
1098 1814
1098 1833
1098 1835
1098 1836
1098 1837
1098 1847
1098 1848
1098 1855
1098 1859
1098 1888
1098 1893
1103 1842
1099 1836
1099 1842
1099 1855
1105 1836
1111 1836
1111 1842
1111 1855
1113 1855
1102 1836
1102 1837
1102 1842
1102 1855
1124 1888
1128 1859
1127 1842
1129 1861
1132 1864
1133 1836
1133 1859
1135 1808
1135 1814
1135 1836
1135 1847
1135 1858
1137 1842
1137 1858
1143 1888
1151 1808
1151 1814
1151 1816
1151 1835
1151 1836
1151 1842
1151 1847
1151 1848
1151 1888
1151 1893
922 1805
922 1816
922 1842
922 1849
922 1855
922 1857
922 1859
922 1880
922 1893
1164 1816
1166 1814
1166 1816
1166 1823
1166 1836
1166 1842
1166 1847
1166 1849
1166 1855
1166 1857
1166 1880
1166 1884
1166 1888
1167 1805
1167 1835
1167 1842
1167 1859
1167 1861
1167 1864
1167 1888
1167 1893
1168 1816
1169 1847
1183 1808
1185 1805
1185 1842
1185 1849
1185 1855
1185 1859
1185 1861
1185 1864
1196 1864
1200 1814
1202 1847
1202 1861
1202 1864
1202 1893
1203 1855
1210 1814
1210 1848
1210 1855
1210 1880
1210 1893
1211 1808
1211 1814
1211 1819
1211 1836
1211 1842
1211 1849
1215 1847
1215 1859
1215 1880
1221 1814
1221 1847
1221 1858
1221 1888
1230 1814
1230 1837
1230 1880
1230 1893
1236 1808
1236 1816
1236 1847
1236 1893
1247 1847
1253 1833
1253 1842
1253 1847
1253 1884
1261 1819
1261 1859
1267 1811
1267 1835
1278 1808
1278 1816
1278 1893
1279 1847
1281 1888
1281 1893
1284 1859
1291 1814
1293 1842
1293 1855
1297 1836
1297 1847
1299 1855
1305 1808
1305 1814
1306 1808
1308 1816
1315 1842
1316 1836
1316 1842
1319 1802
1319 1805
1319 1808
1319 1814
1319 1816
1319 1849
1319 1855
1319 1880
1319 1888
1319 1893
1326 1893
1335 1835
1335 1848
1335 1861
1335 1864
1350 1802
1350 1805
1350 1811
1350 1816
1350 1836
1350 1842
1350 1849
1350 1855
1350 1858
1350 1859
1350 1884
1352 1802
1352 1805
1352 1811
1352 1816
1352 1842
1352 1849
1352 1858
1352 1859
1352 1864
1352 1893
1353 1836
1353 1848
1360 1864
1356 1842
1356 1855
1357 1808
1357 1814
1357 1859
1358 1836
1358 1842
1358 1855
1368 1816
1368 1842
1368 1855
1368 1859
1368 1893
1374 1805
1374 1808
1374 1814
1374 1847
1374 1849
1374 1855
1374 1858
1374 1865
1374 1888
1377 1805
1377 1819
1377 1842
1381 1805
1384 1837
1384 1847
1386 1805
1386 1842
1386 1848
1386 1858
1386 1893
1395 1811
1395 1816
1395 1836
1395 1842
1395 1847
1395 1848
1395 1849
1395 1858
1395 1859
1395 1880
1400 1849
1423 1864
1424 1814
1428 1802
1428 1805
1428 1811
1428 1816
1428 1848
1428 1849
1428 1858
1428 1859
1428 1880
1428 1893
1184 1808
1184 1835
1184 1842
1184 1855
1439 1814
1442 1864
1462 1842
1462 1849
1462 1864
1463 1808
1463 1893
1470 1816
1470 1836
1470 1857
1470 1893
1471 1880
1471 1884
1473 1805
1473 1836
1473 1842
1473 1855
1473 1859
1473 1880
1473 1893
1480 1802
1480 1805
1480 1811
1480 1816
1480 1842
1480 1849
1480 1859
1480 1893
1482 1805
1482 1816
1482 1893
1483 1802
1483 1805
1483 1811
1483 1842
1483 1849
1483 1859
1483 1893
1487 1816
1487 1836
1487 1847
1487 1855
1487 1857
1487 1858
1487 1893
1489 1816
1489 1847
1489 1855
1489 1857
1489 1893
1492 1814
1492 1816
1492 1847
1492 1858
1492 1880
1492 1888
1492 1893
1495 1816
1495 1893
1496 1808
1496 1814
1496 1816
1496 1836
1496 1842
1496 1847
1496 1849
1496 1859
1496 1880
1496 1884
1496 1893
1501 1811
1501 1861
1501 1864
1506 1849
1506 1880
1505 1893
1521 1808
1521 1814
1521 1836
1521 1842
1521 1888
1521 1893
1522 1814
1522 1842
1522 1857
1522 1880
1522 1893
1525 1802
1525 1811
1538 1802
1538 1805
1538 1811
1538 1816
1538 1836
1538 1855
1538 1858
1538 1893
1537 1808
1537 1814
1537 1816
1542 1823
1542 1833
1542 1836
1542 1842
1542 1855
1542 1859
1542 1893
1552 1808
1552 1836
1552 1842
1552 1849
1552 1858
1552 1880
1552 1893
1553 1816
1549 1802
1549 1805
1549 1808
1549 1814
1549 1816
1549 1819
1549 1836
1549 1842
1549 1847
1549 1849
1549 1857
1549 1858
1549 1859
1549 1880
1549 1888
1549 1893
1555 1802
1555 1805
1555 1816
1555 1842
1555 1847
1555 1861
1555 1864
1555 1893
1566 1847
1566 1855
1583 1842
1585 1811
1585 1836
1585 1847
1585 1855
1585 1857
1585 1858
1585 1888
1592 1837
1594 1802
1594 1836
1594 1855
1594 1858
1594 1859
1594 1880
1594 1888
1594 1893
1603 1835
1608 1802
1608 1808
1608 1811
1608 1814
1608 1816
1608 1835
1608 1842
1608 1847
1608 1848
1608 1855
1608 1857
1608 1858
1608 1888
1608 1893
1614 1802
1614 1805
1614 1811
1614 1814
1614 1842
1614 1848
1614 1857
1614 1859
1614 1893
1615 1802
1615 1805
1615 1811
1615 1816
1615 1849
1615 1855
1615 1857
1615 1858
1615 1859
1615 1864
1615 1880
1615 1893
1530 1835
1530 1859
1621 1808
1621 1816
1621 1842
1621 1858
1621 1880
1621 1888
1622 1816
1622 1893
1623 1893
1628 1811
1628 1858
1628 1859
1639 1858
1644 1842
1644 1859
1661 1808
1661 1859
1564 1805
1564 1893
1664 1888
1667 1802
1667 1835
1667 1849
1667 1857
1667 1859
1668 1816
1670 1847
1683 1802
1691 1836
1691 1842
1701 1847
1701 1888
1696 1893
1697 1808
1697 1842
1697 1849
1697 1855
1697 1859
1697 1880
1700 1816
1700 1847
1700 1893
1711 1855
1705 1808
1705 1888
1707 1888
1717 1855
1717 1858
1722 1808
1729 1857
1729 1888
1729 1893
1732 1805
1732 1811
1732 1893
1730 1859
1733 1816
1734 1808
1734 1893
1738 1811
1746 1848
1746 1893
1742 1859
1758 1802
1754 1893
1756 1802
1756 1805
1756 1811
1756 1816
1756 1835
1756 1836
1756 1842
1756 1849
1756 1859
1756 1888
1757 1849
1757 1855
1757 1857
1764 1811
1765 1849
1766 1835
1766 1842
1767 1802
1767 1811
1767 1847
1772 1805
1772 1811
1772 1836
1772 1842
1772 1847
1772 1859
1772 1861
1772 1864
1772 1880
1772 1884
1772 1888
1772 1893
1778 1819
1778 1884
1792 1805
1792 1842
1792 1857
1792 1858
1792 1861
1792 1864
1795 1805
1795 1814
1800 1836
1800 1842
1800 1858
1803 1811
1803 1842
1804 1811
1805 1811
1805 1893
1806 1811
1807 1811
1808 1805
1808 1811
1808 1816
1808 1847
1808 1888
1809 1811
1809 1859
1810 1811
1812 1842
1812 1855
1813 1842
1820 1808
1820 1814
1820 1888
1822 1880
1822 1893
1823 1805
1823 1842
1823 1855
1823 1858
1823 1893
1825 1842
1826 1842
1827 1842
347 1842
347 1855
1835 1842
1836 1842
1828 1842
1828 1849
1837 1842
1829 1842
1838 1842
1838 1849
1838 1893
1830 1842
1830 1855
1831 1842
1831 1855
1832 1805
1832 1842
1833 1842
1833 1855
1834 1842
1839 1842
1840 1842
1840 1855
1841 1842
1844 1849
1845 1849
1846 1849
1847 1849
1847 1893
1852 1849
1848 1849
1853 1849
1855 1859
1855 1893
1856 1859
1857 1859
1858 1859
1860 1859
1862 1864
1867 1865
1868 1848
1875 1837
1879 1880
1885 1893
1886 1893
1887 1893
1888 1893
1889 1893
1891 1893
1892 1893
1908 1858
1919 1816
1919 1836
1919 1842
1919 1848
1919 1888
1922 1808
1922 1814
1922 1837
1922 1847
1922 1888
1923 1855
1924 1855
1925 1836
1925 1842
1925 1855
1928 1855
1890 1855
1926 1855
1927 1855
1929 1855
1930 1855
1931 1842
1931 1855
1931 1888
1937 1855
1932 1855
1933 1855
1938 1855
1934 1855
1935 1855
1939 1855
1940 1835
1940 1855
1941 1857
1945 1816
1962 1816
1962 1858
1967 1858
1972 1823
1977 1836
1977 1888
1952 1816
1980 1816
1980 1835
1980 1842
1980 1888
1981 1816
1982 1816
1985 1888
1986 1835
1986 1888
1991 1808
1991 1814
1991 1842
1992 1808
1997 1835
1997 1842
1997 1848
1794 1814
1794 1847
2009 1835
2052 1835
2061 1888
2062 1836
2062 1842
2062 1848
2062 1888
2063 1835
2065 1808
2065 1842
2072 1808
2072 1835
2072 1836
2072 1842
2072 1847
2072 1848
2072 1888
2085 1835
2091 1836
2093 1835
2093 1847
2102 1808
2115 1835
2116 1888
2119 1814
2118 1847
2118 1888
2120 1842
2120 1848
2125 1836
2133 1808
2133 1835
2133 1836
2133 1842
2133 1847
2133 1888
2135 1837
2145 1814
2145 1847
2145 1888
2156 1888
2159 1848
2159 1888
2169 1836
2169 1842
2169 1888
2174 1808
2186 1808
2193 1836
2197 1835
2227 1808
2230 1808
2230 1847
2231 1835
2229 1814
2229 1835
2236 1814
2236 1848
2241 1888
2240 1842
2240 1888
2242 1848
2254 1847
2254 1888
2255 1836
2255 1842
2255 1888
2256 1808
2256 1814
2256 1847
2257 1823
2258 1842
2274 1835
2274 1888
2289 1888
2293 1888
2295 1888
2296 1888
2297 1814
2297 1847
2297 1888
2298 1837
2298 1888
2322 1835
2323 1836
2323 1847
2328 1808
2328 1835
2328 1836
2328 1842
2328 1847
2332 1835
2366 1835
2371 1808
2371 1814
2371 1837
2371 1847
2372 1835
2393 1836
2398 1847
2403 1842
2404 1842
2405 1842
2406 1842
2407 1842
2414 1865
2416 1835
2472 1808
2473 1808
2473 1814
2473 1847
2485 1808
2497 1814
2502 1835
2503 1835
2504 1835
2505 1835
2506 1835
2507 1814
2507 1835
2507 1847
2508 1835
2509 1835
2510 1808
2510 1814
2510 1847
2547 1808
2548 1847
2549 1808
2559 1814
2559 1847
2565 1808
2565 1814
2565 1865
2576 1865
2593 1847
2594 1847
2595 1808
2598 1847
2474 1808
2474 1814
2474 1847
2605 1808
2618 1814
2618 1847
2619 1808
2619 1847
2628 1847
2646 1808
2646 1823
2646 1847
2647 1847
2674 1814
2686 1814
2703 1814
2688 1814
2688 1823
2704 1814
2704 1837
2660 1814
2690 1814
2706 1814
2719 1808
2768 1808
2790 1814
2791 1808
2796 1808
2840 1808
2871 1814
2568 1808
2925 1808
2935 1808
2914 1808
3006 1814
2707 1814
3020 1814
3026 1814
3028 1814
3032 1823
3059 1837
3062 1814
3092 1814
3098 1814
3095 1814
3095 1837
2003 1814
3125 1814
3144 1837
3192 1837
3225 1814
3354 1823
3381 1823
3447 1823
3642 1823
4343 1823
4632 1823
4673 1823
4781 1865
4813 1823
4966 1865
5022 1823
5103 1823
5140 1823
4310 1865
5188 1823
5189 1823
5199 1823
5531 1823
5802 1823
5819 1823
6272 1823
6314 1823
6327 1823
6510 1823
6537 1823
6596 1865
6615 1865
6934 1865
7047 1865
7120 1865
7390 1865
7721 1865
7724 1865
