25 857
25 864
25 893
6 802
6 813
6 820
6 826
6 857
6 863
6 871
6 881
6 885
6 893
6 895
6 897
8 802
8 806
8 810
8 817
8 822
8 844
8 857
8 864
8 866
8 868
8 875
8 878
8 881
8 882
8 885
9 857
9 868
9 893
11 802
11 803
11 805
11 806
11 810
11 817
11 822
11 825
11 826
11 829
11 836
11 837
11 838
11 839
11 844
11 849
11 853
11 857
11 859
11 863
11 864
11 866
11 868
11 871
11 873
11 878
11 881
11 882
11 885
11 887
11 893
11 895
12 805
12 810
12 822
12 838
12 857
15 893
16 817
16 857
16 887
20 803
20 829
20 838
20 853
20 861
20 864
20 896
21 802
21 837
21 853
21 868
21 871
21 887
21 893
23 810
23 857
23 881
23 897
24 803
24 813
24 817
24 829
24 849
24 853
24 856
24 857
24 863
24 887
24 893
24 895
28 857
28 859
28 864
28 895
36 813
36 817
36 838
36 844
36 849
36 857
36 859
36 861
36 895
35 803
35 853
37 881
39 822
39 878
41 837
41 857
41 887
41 893
42 810
42 817
42 823
42 853
43 857
45 871
46 838
46 844
46 857
47 820
47 844
47 857
48 817
48 878
51 893
53 806
53 857
29 810
29 829
29 837
29 838
29 840
29 857
29 863
29 866
29 868
29 878
29 882
29 893
29 895
57 817
58 853
59 861
59 895
27 866
72 802
72 820
72 844
72 857
72 881
72 885
72 895
72 896
78 857
79 817
79 857
79 864
79 875
79 878
79 893
77 868
77 878
80 817
80 857
86 820
86 857
86 866
86 878
86 893
86 895
71 895
87 837
90 820
94 857
94 859
94 873
31 857
102 813
68 825
110 810
110 837
110 838
110 839
110 844
110 857
110 859
110 863
110 866
110 868
110 881
110 882
110 885
110 893
110 895
110 897
111 838
111 857
111 885
111 895
121 857
122 825
122 856
113 817
113 829
113 838
113 849
113 859
113 868
113 893
130 895
127 805
127 849
127 893
128 813
128 857
128 864
128 873
128 895
132 829
138 806
138 817
138 849
138 857
138 863
138 868
138 871
138 875
139 802
139 806
139 822
139 829
139 849
139 895
143 805
143 817
143 871
143 887
147 820
151 806
151 837
151 844
151 857
151 863
151 878
151 887
151 893
151 895
151 897
154 829
154 857
154 895
157 857
157 885
157 893
168 857
168 875
171 803
171 853
171 857
171 887
172 856
172 873
172 878
173 803
173 805
173 813
173 817
173 820
173 823
173 836
173 853
173 857
173 861
173 871
173 873
173 887
173 895
74 803
74 806
74 817
74 863
74 864
74 893
74 895
176 805
176 857
176 871
177 820
177 849
178 817
178 829
178 838
178 844
178 866
178 895
179 829
182 805
182 857
182 878
182 895
166 829
166 837
166 838
166 859
166 897
191 802
191 829
201 817
201 823
203 829
192 857
216 895
215 836
223 882
224 806
224 857
240 857
232 849
232 857
236 844
236 857
254 857
254 864
254 881
254 895
255 817
255 864
255 878
255 893
259 803
259 817
259 853
259 893
263 893
265 827
266 836
266 844
269 817
269 895
270 853
276 802
276 849
241 802
241 864
280 813
280 817
280 820
290 887
304 810
304 820
306 810
306 817
306 829
306 838
306 857
306 863
306 866
306 868
306 875
306 878
306 881
306 895
306 896
308 813
308 817
308 838
308 844
308 853
308 857
308 859
308 861
308 878
308 895
320 849
310 805
310 806
310 813
310 817
310 844
310 857
310 866
310 868
310 871
310 878
310 893
311 805
311 810
311 826
311 844
311 857
311 859
311 861
311 871
311 875
311 878
311 882
311 887
311 893
311 895
312 802
312 803
312 805
312 806
312 813
312 817
312 820
312 822
312 837
312 838
312 839
312 844
312 849
312 857
312 861
312 863
312 864
312 866
312 868
312 878
312 881
312 882
312 885
312 887
312 893
312 895
312 897
313 857
313 871
315 802
315 806
315 817
315 829
315 838
315 844
315 857
315 863
315 864
315 873
315 878
315 881
315 885
315 893
315 895
317 805
317 813
317 820
317 823
317 826
317 838
317 844
317 849
317 853
317 857
317 863
317 864
317 866
317 868
317 871
317 878
317 882
317 887
317 895
319 803
319 805
319 813
319 817
319 822
319 826
319 844
319 857
319 878
324 817
324 849
327 857
328 875
335 839
339 803
339 817
339 822
339 853
339 863
339 881
339 885
339 893
339 895
340 885
341 829
348 817
348 878
346 853
351 893
371 823
371 844
371 849
371 857
371 868
371 878
371 881
371 882
371 885
371 895
371 897
376 817
387 817
387 829
407 838
407 844
407 887
409 875
427 820
424 838
424 857
424 893
429 837
429 839
432 802
432 813
432 817
432 837
432 839
432 844
432 849
432 861
432 864
432 868
432 895
412 838
412 844
412 859
412 868
439 895
456 817
457 810
457 826
457 836
457 856
457 857
457 861
457 871
457 873
467 849
467 893
499 802
499 829
499 893
501 817
501 887
545 803
553 893
555 893
556 803
556 817
556 829
556 849
556 853
556 857
556 863
556 878
556 893
556 895
556 897
564 895
588 859
590 829
592 863
601 803
600 803
600 817
600 829
600 844
600 853
600 856
600 859
600 864
600 866
600 873
600 878
600 885
600 893
600 895
618 844
618 857
618 875
618 895
620 881
620 882
626 802
626 803
626 817
626 893
633 817
633 820
633 857
633 863
633 893
634 803
634 813
634 844
634 853
634 887
646 810
635 803
635 857
635 863
636 806
647 836
647 857
637 838
637 857
637 863
643 823
643 866
644 863
645 817
645 857
645 863
645 875
649 802
649 810
649 820
649 863
649 878
649 881
649 882
649 885
650 806
650 817
650 829
650 853
650 857
650 859
650 868
650 885
650 895
659 857
664 849
663 817
663 822
663 844
663 853
663 857
663 864
663 868
663 871
663 875
663 878
663 881
663 887
639 810
639 817
639 823
639 857
639 863
674 857
674 878
674 895
677 817
686 803
686 805
686 826
686 853
686 861
689 873
691 817
691 863
695 813
695 863
695 893
704 805
704 857
704 859
704 873
705 823
705 857
705 878
706 803
706 817
706 829
706 836
706 838
707 803
707 813
707 826
707 853
707 857
707 861
708 866
710 857
710 861
715 803
715 857
722 813
722 817
722 825
722 827
722 839
722 844
722 856
722 857
722 893
722 895
722 897
725 849
725 859
728 817
730 838
730 857
730 893
730 895
732 857
733 829
737 840
742 810
742 817
742 829
742 838
742 857
742 863
742 885
742 893
742 897
697 817
697 859
697 875
697 895
749 805
749 817
749 878
321 817
321 895
759 829
759 857
759 893
759 895
759 897
763 817
763 820
763 849
763 857
763 893
766 817
766 825
766 826
766 856
766 857
766 871
766 878
762 838
762 881
762 895
762 896
769 802
769 805
769 813
769 817
769 829
769 868
769 887
769 893
770 893
770 897
771 893
772 817
736 857
736 866
788 849
788 859
788 863
788 893
788 895
782 802
782 817
784 810
784 856
784 857
789 817
789 844
789 857
789 875
789 887
789 893
791 802
791 817
794 895
795 853
795 882
795 887
795 895
797 817
797 868
802 829
799 802
800 802
800 829
801 802
801 838
803 806
805 813
805 825
805 857
805 871
807 806
810 805
810 817
811 817
812 817
812 822
813 805
813 817
813 822
813 825
813 859
813 864
813 871
813 878
813 887
814 817
814 893
815 817
815 829
816 817
816 829
816 871
822 813
819 822
820 822
821 822
334 822
334 829
334 838
334 839
334 849
334 863
334 864
334 885
334 893
818 822
826 871
826 887
825 826
825 827
830 829
832 829
832 878
831 829
835 829
837 839
838 810
838 839
838 844
838 857
838 864
838 866
838 878
838 881
838 882
838 885
841 837
840 837
844 805
844 857
842 844
842 853
843 844
845 838
847 838
848 838
848 881
848 882
848 893
851 857
854 857
854 863
854 875
855 857
856 825
856 857
856 897
852 857
853 857
853 868
862 849
862 897
863 849
863 897
865 810
865 849
865 857
865 866
865 882
865 893
865 895
865 897
867 868
869 882
870 857
870 861
870 887
870 896
871 805
871 826
871 857
871 875
873 849
873 875
874 875
876 878
877 878
879 810
879 825
879 881
880 881
882 897
887 863
888 863
889 863
890 863
891 863
892 893
469 893
896 897
898 849
898 897
902 849
904 810
904 857
935 853
941 861
943 826
946 857
946 859
946 887
954 857
956 823
956 857
960 805
970 857
971 805
971 810
971 857
971 871
978 805
981 857
982 857
982 887
985 857
986 805
988 856
988 859
993 805
993 813
993 826
993 836
993 857
993 871
993 873
993 887
994 805
996 810
996 813
996 820
996 859
1005 813
1000 896
1006 803
1006 805
1006 813
1006 836
1006 857
1006 861
1006 871
1003 857
1013 857
1024 825
1029 803
1029 805
1029 810
1029 813
1029 853
1029 871
1032 857
1034 857
1037 859
1041 896
1042 856
1046 810
1055 826
1055 871
1055 896
1062 803
1062 836
1062 853
1064 857
1075 825
1075 853
1089 873
1097 805
1097 856
1098 859
1111 803
1114 853
1124 859
1125 805
1125 810
1129 813
1129 887
1133 805
1133 825
1133 896
1135 805
1135 813
1135 836
1135 887
1137 813
1137 887
1138 805
1142 871
1151 836
1151 859
1151 871
922 803
922 826
922 861
922 871
922 887
1160 810
1160 853
1164 857
1165 857
1165 871
1166 825
1166 840
1166 856
1166 857
1166 873
1166 887
1166 896
1167 805
1167 810
1167 826
1167 857
1167 871
1167 873
1169 856
1193 859
1193 871
1193 887
1195 805
1200 856
1202 871
1202 887
1203 887
1204 803
1204 853
1210 803
1210 840
1215 896
1221 803
1221 887
1233 826
1236 871
1241 871
1244 805
1245 805
1246 805
1247 805
1253 861
1259 853
1278 810
1278 853
1279 813
1279 826
1279 871
1279 887
1286 853
1285 853
1290 871
1291 871
1293 810
1293 826
1293 871
1296 813
1297 859
1305 803
1305 810
1305 813
1305 825
1305 826
1305 853
1305 856
1305 861
1306 813
1319 813
1350 826
1352 887
1360 856
1357 813
1357 871
1357 887
1367 810
1367 856
1374 826
1374 840
1374 856
1374 896
1377 826
1377 871
1380 871
1381 813
1386 813
1386 836
1386 887
1394 887
1395 836
1395 840
1395 861
1423 826
1424 826
1424 871
1424 887
1428 836
1428 873
1428 887
1441 871
1442 813
1457 813
1470 871
1470 887
1471 861
1471 871
1473 856
1480 896
1483 813
1483 826
1483 871
1483 887
1487 887
1492 826
1492 861
1492 871
1492 887
1496 825
1496 887
1500 859
1501 871
1510 871
1521 871
1522 871
1537 856
1542 859
1542 873
1547 887
1549 825
1549 840
1549 856
1549 859
1549 887
1549 896
1555 813
1555 887
1565 813
1566 813
1589 861
1594 825
1594 887
1601 861
1606 861
1607 861
1608 836
1608 859
1608 887
1614 836
1615 887
1621 836
1623 887
1650 887
1662 856
1697 873
1688 825
1749 856
1749 859
1756 859
1772 836
1811 859
1803 859
1813 825
1814 856
1836 859
1837 836
1838 825
1838 836
1848 836
1868 836
1885 856
1888 873
1896 836
1919 836
1919 859
1922 827
1922 856
1967 873
1972 825
1977 859
1997 836
1997 873
2062 836
2062 873
2072 859
2072 873
2102 825
2105 873
2119 856
2133 859
2135 825
2163 873
2172 873
2176 856
2176 873
2177 873
2197 859
2217 825
2225 856
2234 825
2229 856
2233 859
2236 856
2240 856
2251 856
2252 825
2255 859
2256 827
2274 856
2274 859
2276 840
2276 896
2290 825
2290 827
2297 825
2299 856
2323 827
2326 825
2326 827
2328 825
2328 859
2365 856
2369 840
2369 896
2371 856
2411 825
2428 859
2429 859
2427 859
2440 896
2472 856
2473 856
2485 825
2485 856
2485 896
2488 825
2504 825
2560 825
2560 827
2560 856
2565 825
2565 827
2565 840
2565 856
2594 856
2618 856
2619 825
2651 825
2651 856
2653 825
2655 896
2674 825
2674 856
2677 840
2680 896
2700 825
2686 825
2686 856
2686 896
2703 856
2688 825
2688 856
2688 896
2704 856
2660 825
2660 856
2690 856
2693 856
2693 896
2706 856
2696 856
2737 856
2744 896
2746 825
2790 827
2790 856
2822 856
2654 825
2654 827
2859 825
2871 825
2871 827
2871 856
2883 856
2940 825
2964 825
2964 856
2967 825
2972 825
2972 896
2978 856
2999 825
3007 896
3006 856
3010 825
2707 825
2707 856
3020 856
3026 825
3026 856
3028 825
3032 856
2713 825
2713 827
3057 840
2356 825
3062 856
3095 856
2842 825
3125 856
3159 856
3168 825
3175 827
3192 825
3192 827
3196 856
3199 825
3209 856
3239 856
3252 825
3258 827
3317 825
3326 825
3352 825
3352 827
3378 896
3392 827
3394 825
3394 827
3404 896
3439 825
3449 896
3452 896
3454 825
3457 896
3458 896
3459 896
3469 825
3470 825
3482 825
3477 827
3498 896
3521 825
3527 827
3527 840
3541 825
3562 825
3568 825
3568 827
3614 896
3615 825
3615 827
3624 825
3635 827
3641 825
3642 840
3642 896
3645 825
3645 827
3646 825
3655 825
3659 825
3661 825
3682 825
3682 827
3724 825
3720 825
3786 825
3798 825
3812 825
3813 896
3814 825
3648 827
3949 827
3965 825
4013 896
4023 840
4036 825
4037 825
4039 825
4042 825
4046 840
4065 825
4065 896
4070 896
4073 825
4073 896
4095 825
4096 825
4097 825
4098 825
4100 825
4099 825
4076 852
4144 896
3995 896
4276 896
4422 840
4437 840
4455 840
4530 896
4666 840
4717 896
4781 896
4967 840
4967 896
5002 840
5020 896
5038 840
5059 840
4828 840
4828 896
5123 896
5125 840
5173 840
5176 896
5180 896
5182 896
5189 896
5254 840
5254 896
5263 896
5321 896
5399 896
5427 896
5482 840
5524 840
5524 896
5531 840
5531 896
5589 896
5624 896
5644 896
5714 896
5721 840
5738 840
5773 840
5787 896
5796 896
5800 840
5802 840
5807 840
5811 840
5819 896
5857 896
5862 896
5871 896
5932 896
5934 896
5938 896
5942 896
5945 896
5984 896
5997 896
5998 896
5967 896
5999 896
6000 896
6218 840
6229 840
6299 840
6305 840
6360 840
6327 840
6486 840
6525 840
6560 840
6618 840
6609 840
3293 840
6784 840
6790 840
6620 840
6886 840
6913 840
6907 840
6941 840
5529 840
6984 840
6991 840
7052 840
7063 840
7038 840
