25 407
25 415
25 422
25 428
25 439
25 488
4 415
6 402
6 405
6 406
6 407
6 415
6 421
6 422
6 427
6 428
6 431
6 432
6 433
6 435
6 439
6 440
6 447
8 402
8 405
8 406
8 415
8 421
8 422
8 427
8 428
8 431
8 432
8 433
8 435
8 439
8 440
8 488
9 402
9 421
9 422
9 427
9 431
9 439
9 440
10 405
10 406
10 407
10 432
11 406
11 407
11 415
11 429
11 431
11 432
11 439
11 440
11 465
11 488
12 407
12 427
12 428
12 432
12 435
14 402
14 421
14 422
14 427
14 440
14 477
15 417
15 477
18 429
18 477
20 402
20 405
20 425
20 427
20 429
20 447
20 465
20 477
21 422
21 429
21 433
21 439
21 447
21 465
21 488
23 406
24 407
24 415
24 417
24 465
28 402
28 405
28 406
28 415
28 428
28 435
28 439
28 488
33 402
33 440
36 402
36 417
36 427
36 431
36 439
36 465
35 402
35 415
35 422
38 415
39 407
39 415
26 415
26 419
26 421
26 422
26 427
26 431
26 433
41 402
41 422
42 407
42 415
44 465
46 402
46 407
46 428
46 431
47 402
47 405
47 415
47 427
47 428
47 431
47 435
47 447
48 421
29 402
29 406
29 407
29 415
29 428
29 435
29 439
55 402
55 407
55 439
55 447
55 488
56 415
57 415
59 407
59 417
59 421
59 425
59 431
62 415
27 402
27 422
27 427
27 433
27 435
66 402
72 407
72 422
72 427
72 431
72 432
72 435
72 439
72 440
78 415
78 419
78 421
78 422
78 428
78 431
78 433
79 407
79 435
79 477
80 402
80 433
80 439
81 477
67 405
86 405
86 407
86 415
86 428
86 439
86 447
71 402
71 415
71 427
71 435
71 439
71 447
87 407
87 439
90 407
90 417
90 439
90 477
94 402
94 405
94 415
31 405
104 477
68 465
107 477
109 415
110 429
110 477
110 488
111 477
121 477
122 403
122 417
122 465
113 405
113 428
113 439
130 439
126 439
126 447
127 402
127 417
127 431
127 435
128 407
129 427
132 407
132 428
133 402
135 402
136 431
136 440
138 439
138 440
138 488
139 439
139 440
140 402
140 415
140 428
140 431
140 435
142 402
142 407
142 432
143 402
143 432
151 402
151 407
154 402
154 405
154 407
154 415
154 439
157 407
157 435
158 477
171 432
172 417
172 477
173 415
173 432
173 447
74 447
74 488
176 432
177 427
178 405
178 429
179 407
180 402
182 405
182 407
182 427
182 432
166 417
166 439
166 465
187 415
202 427
203 407
204 439
192 406
192 432
125 488
221 402
223 406
223 415
223 422
223 427
224 402
224 407
226 407
226 432
226 439
227 407
228 415
242 407
247 415
247 421
247 422
247 427
247 428
247 435
231 402
231 439
232 402
236 406
236 428
237 465
255 405
255 432
255 439
261 405
259 432
263 432
265 447
266 429
269 429
269 439
269 440
275 405
275 417
280 407
280 415
280 421
280 422
280 431
280 433
280 447
280 488
282 428
282 440
292 477
296 405
296 415
306 406
306 407
306 415
306 417
306 429
306 439
307 402
308 417
308 425
308 439
308 447
308 465
310 407
310 429
310 432
310 439
310 447
310 488
311 407
311 432
311 439
311 447
311 465
311 488
312 406
312 407
312 429
312 432
312 439
312 447
312 488
315 407
315 432
315 488
317 429
317 432
317 439
317 447
317 488
319 403
319 405
319 407
319 429
319 439
326 407
326 488
331 415
251 432
150 407
150 431
336 439
336 465
339 402
339 439
340 407
340 439
340 440
341 407
341 431
348 439
346 403
346 417
351 439
193 402
193 417
193 439
193 465
365 477
371 432
371 439
371 447
374 419
376 406
101 405
101 477
383 428
397 402
398 402
399 402
400 402
401 402
403 402
403 425
404 402
404 403
405 402
406 402
406 440
407 402
407 406
407 415
407 429
408 402
409 402
410 402
410 407
410 428
410 431
410 433
411 402
413 402
415 405
414 415
325 415
325 428
417 422
417 431
417 433
417 435
423 427
424 427
424 428
425 407
425 427
426 427
426 428
426 431
426 433
426 435
426 440
426 477
429 428
429 435
430 431
432 403
432 407
432 429
432 433
434 435
412 403
447 417
461 477
476 477
479 477
480 477
481 477
502 417
521 407
546 415
546 417
560 440
556 405
556 407
556 417
556 432
556 439
586 403
586 439
590 429
600 407
600 417
600 439
600 488
615 432
618 407
626 432
626 439
633 407
633 439
634 417
635 407
635 432
636 407
636 432
644 415
644 425
644 439
645 407
649 407
649 432
649 447
650 429
650 488
659 417
659 439
663 407
663 425
663 439
639 439
673 407
674 406
686 407
689 439
691 429
695 439
699 406
699 407
701 432
706 407
707 407
707 432
708 407
708 447
710 407
710 417
713 432
715 407
722 403
722 407
722 429
722 439
722 447
730 439
733 439
738 439
742 447
749 407
321 439
321 488
759 429
759 432
766 403
766 417
769 432
769 447
736 439
786 407
788 407
788 415
788 417
788 439
788 447
780 407
781 407
782 407
783 407
784 407
784 417
784 425
789 407
789 447
785 407
794 407
795 447
802 432
804 403
810 407
813 407
813 432
813 439
816 488
823 439
826 403
826 407
826 415
826 425
825 417
825 465
832 407
836 429
838 417
844 432
852 417
853 488
865 407
865 417
879 432
883 407
886 407
896 439
900 407
904 407
908 439
909 439
910 439
911 439
911 447
912 439
913 439
914 407
914 439
920 407
941 417
946 403
949 425
954 407
956 417
974 417
978 407
978 415
982 407
988 417
988 465
993 403
993 415
996 403
996 425
999 432
1000 403
1006 432
1011 447
1012 447
1024 425
1029 432
1034 417
1039 407
1037 415
1037 417
1046 407
1046 432
1055 417
1055 432
1062 403
1062 432
872 465
1075 407
1075 432
1097 417
1111 432
1125 407
1127 465
1129 415
1132 425
1135 407
1137 432
1138 407
1142 417
1142 425
1148 407
1151 403
1151 415
1151 417
1151 465
922 407
922 415
1160 432
1164 407
1166 403
1166 417
1167 407
1169 407
1183 425
1185 407
1190 417
1200 403
1204 432
1210 403
1236 407
1236 425
1247 407
1247 425
1261 407
1279 417
1292 432
1293 407
1297 417
1297 465
1305 403
1305 425
1319 407
1319 415
1319 417
1320 417
1350 407
1350 415
1357 403
1357 417
1357 425
1358 407
1365 432
1367 417
1367 432
1368 407
1374 407
1374 425
1377 407
1390 417
1395 403
1395 407
1428 415
1184 403
1441 407
1463 403
1466 407
1471 425
1473 403
1473 425
1482 415
1487 407
1489 407
1496 417
1501 407
1521 403
1522 415
1522 465
1538 415
1552 407
1552 417
1549 407
1549 417
1549 465
1555 407
1555 415
1583 465
1585 415
1585 425
1592 425
1608 403
1608 407
1608 415
1615 407
1615 415
1622 415
1623 407
1661 415
1647 417
1684 403
1691 425
1700 415
1700 425
1705 403
1717 415
1730 425
1734 465
1754 407
1767 407
1769 403
1769 415
1751 417
679 407
1808 465
1813 465
1820 425
1822 407
347 407
1836 407
1857 407
1885 407
1891 415
1892 407
1896 403
1919 403
1919 407
1919 415
1922 425
1922 465
1943 407
1944 407
1945 407
1972 417
1972 465
1991 403
1991 425
1997 415
2001 415
2005 415
2016 417
2065 465
2118 417
2120 417
2133 403
2144 417
2230 417
2237 465
2256 403
2256 425
2274 425
2297 417
2297 425
2297 465
2323 417
2326 417
2328 403
2328 465
2398 465
2411 417
2411 465
2440 465
2473 403
2485 417
2485 465
2510 403
2542 403
2542 417
899 403
2557 403
2559 403
2559 417
2560 417
2565 403
2565 417
2565 425
2565 465
2594 417
2594 465
2474 403
2474 417
2474 425
2599 417
2605 403
2623 403
2623 406
2646 425
2651 403
2651 417
2651 465
2653 417
2658 417
2659 417
2700 465
2686 417
2686 465
2702 425
2688 417
2688 465
2660 417
2693 417
2694 417
2740 403
2768 425
2778 425
2788 403
2790 417
2790 465
2791 425
2792 403
2822 403
2654 417
2831 425
2871 465
2872 465
2913 417
2925 425
2935 425
2940 417
2967 417
2968 465
2972 406
3007 465
3009 417
3005 417
3010 465
3028 417
3028 465
3031 417
3033 417
2713 417
2713 465
3055 465
2356 465
3084 465
2842 417
3127 465
3148 417
3172 465
3188 417
3189 417
3291 465
3325 417
3333 417
3352 417
3352 465
3379 417
3391 417
3394 465
3404 465
3439 417
3453 406
3488 465
3527 465
3536 417
3508 417
3550 417
3551 417
3552 417
3553 417
3555 465
3562 465
3614 465
3615 465
3622 465
3630 465
3641 465
3642 465
3647 465
3659 465
3709 465
3724 465
3798 465
3799 465
3802 465
3806 465
3815 465
3909 465
3910 465
3911 465
3912 465
3976 406
4144 406
4487 406
4686 406
