6 6624
99 6634
103 6624
103 6665
68 6634
68 6682
109 6600
109 6665
109 6699
136 6628
136 6634
136 6670
143 6600
143 6634
155 6665
163 6691
172 6634
173 6606
335 6634
406 6624
425 6613
457 6600
457 6606
457 6613
457 6632
457 6634
457 6663
457 6665
457 6668
457 6682
457 6685
457 6686
457 6699
600 6613
663 6634
695 6634
737 6613
737 6618
737 6624
737 6628
737 6634
737 6663
737 6665
742 6624
766 6600
766 6624
766 6632
766 6665
766 6699
789 6606
825 6600
825 6628
840 6618
856 6665
988 6618
988 6634
1008 6682
1009 6665
1037 6634
1042 6686
1055 6665
1074 6600
1074 6613
1074 6632
1074 6663
1074 6665
1074 6670
1074 6699
1098 6624
1098 6665
1125 6665
1151 6600
1151 6632
1166 6634
1166 6665
1374 6624
1374 6634
1542 6624
1542 6634
1549 6624
1549 6634
1612 6624
1612 6634
1661 6600
1701 6624
1748 6634
1762 6613
1762 6632
1762 6665
1762 6699
1799 6665
1811 6699
1835 6634
1896 6699
1951 6632
1964 6621
1972 6600
1990 6613
2009 6624
2145 6634
2226 6634
2237 6624
2240 6634
2328 6665
2369 6632
2369 6634
2369 6665
2381 6613
2381 6665
2384 6624
2417 6628
2440 6699
2458 6600
2481 6634
2485 6600
2502 6634
2506 6634
2516 6634
2547 6699
2560 6665
2564 6600
2565 6613
2565 6618
2565 6624
2565 6634
2565 6665
2605 6600
2658 6634
2658 6665
2677 6624
2688 6600
2688 6624
2688 6632
2688 6665
2693 6613
2811 6634
2905 6613
2940 6600
2940 6682
2972 6600
2972 6611
2972 6632
2972 6670
2972 6699
2983 6618
2983 6634
3027 6600
3028 6668
3028 6670
3028 6685
3028 6686
3032 6600
3088 6634
3088 6699
3092 6600
2003 6634
3142 6618
3142 6634
3297 6618
3297 6634
3310 6634
3345 6600
3345 6632
3348 6634
3381 6600
3381 6624
3381 6632
3381 6634
3381 6699
3439 6600
3439 6632
3439 6634
3439 6663
3439 6699
3447 6600
3447 6606
3447 6618
3447 6634
3453 6606
3453 6663
3453 6699
3457 6686
3459 6606
3459 6665
3459 6699
3462 6632
3462 6634
3466 6606
3522 6634
3586 6613
3586 6665
3586 6680
3641 6613
3642 6600
3642 6613
3642 6624
3642 6628
3642 6632
3642 6634
3642 6663
3642 6665
3642 6699
3658 6624
3662 6634
3691 6665
3787 6613
3787 6634
3806 6606
3809 6634
3814 6624
3854 6699
3910 6628
3910 6634
3919 6628
3969 6665
4036 6665
4045 6600
4045 6624
4045 6632
4045 6699
4046 6634
4063 6634
4065 6699
4076 6634
4126 6624
4134 6600
4144 6634
4151 6600
4169 6613
4200 6634
4273 6613
4297 6699
4338 6613
4353 6634
4364 6634
4437 6624
4437 6634
4441 6634
4483 6618
4483 6634
4483 6665
4488 6618
4488 6634
4507 6634
4550 6600
4574 6624
4598 6634
4604 6621
4632 6618
4632 6634
4632 6665
4662 6624
4662 6665
4673 6600
4673 6628
4673 6632
4673 6634
4673 6685
4687 6613
4712 6606
4764 6665
4788 6618
4792 6634
4792 6665
4829 6699
4879 6665
4894 6686
4926 6634
4948 6618
4948 6634
4948 6665
4964 6682
4967 6600
4967 6606
4967 6624
4967 6632
4967 6634
4967 6661
4967 6668
4967 6682
4967 6699
4974 6665
2346 6661
5002 6600
5002 6618
5002 6628
5002 6665
5012 6613
5022 6600
5022 6628
5022 6632
5022 6634
5022 6661
5022 6663
5022 6665
5028 6665
5038 6632
5059 6634
5079 6618
5079 6632
5079 6665
5079 6699
5102 6681
5103 6600
5103 6624
5103 6634
4828 6613
4828 6624
4828 6628
4828 6665
5125 6634
5140 6600
5166 6606
5166 6613
5173 6634
5173 6665
5173 6681
4795 6628
4795 6634
5177 6613
5177 6621
5177 6665
5178 6665
5178 6686
4310 6613
4310 6665
5179 6600
5179 6618
5179 6634
5179 6665
5185 6600
5185 6613
5185 6632
5185 6665
5185 6699
5188 6600
5188 6613
5188 6624
5188 6632
5188 6665
5188 6699
5189 6606
5189 6613
5189 6618
5189 6634
5189 6665
5196 6665
5201 6665
5217 6634
5226 6634
5254 6628
5321 6632
5342 6618
5391 6624
5432 6682
5439 6686
5445 6665
5454 6634
5455 6600
5466 6634
5524 6600
5524 6613
5524 6618
5524 6624
5524 6632
5524 6634
5524 6665
5524 6699
5531 6600
5531 6613
5531 6632
5531 6634
5531 6665
5531 6699
5543 6624
5551 6634
5553 6624
5553 6634
5582 6613
5582 6624
5582 6634
5582 6665
5582 6699
5596 6668
5596 6685
5612 6600
5624 6600
5630 6665
5655 6699
5692 6624
5692 6634
5692 6661
5696 6613
5696 6634
5696 6665
5697 6613
5697 6624
5697 6632
5697 6634
5697 6663
5697 6665
5697 6668
5697 6699
5738 6624
5739 6624
5739 6686
5741 6618
5763 6699
5769 6634
5771 6634
5773 6624
5773 6634
5796 6600
5796 6665
5799 6618
5800 6618
5800 6624
5800 6628
5800 6632
5800 6634
5800 6665
5802 6600
5802 6606
5802 6613
5802 6618
5802 6624
5802 6628
5802 6632
5802 6634
5802 6663
5802 6665
5802 6686
5802 6699
5806 6665
5806 6686
5804 6600
5804 6634
5804 6661
5810 6600
5811 6613
5811 6624
5811 6634
5812 6618
5814 6618
5814 6634
5814 6665
5814 6699
5816 6600
5816 6624
5816 6634
5817 6606
5818 6613
5819 6632
5822 6613
5822 6632
5822 6634
5822 6663
5824 6624
5824 6665
5839 6600
5839 6618
5839 6634
5839 6663
5857 6632
5857 6634
5862 6632
5872 6618
5872 6634
5872 6665
5897 6634
5871 6699
5927 6634
5932 6665
5934 6600
5934 6613
5934 6665
5934 6699
5950 6634
5980 6634
5998 6600
5998 6618
5998 6632
5998 6634
5998 6665
6006 6613
6006 6634
6006 6641
6026 6682
6032 6618
6032 6634
6032 6665
6038 6634
6072 6634
6151 6618
6165 6606
6170 6628
6170 6663
6217 6600
6217 6665
6218 6634
6220 6634
6221 6613
6223 6632
6241 6665
6243 6606
6243 6628
6243 6634
6243 6665
6271 6634
6272 6606
6272 6634
6272 6665
6299 6624
6299 6634
6299 6665
6305 6613
6305 6624
6305 6632
6305 6634
6305 6665
6305 6699
6314 6663
6346 6624
6359 6600
6359 6624
6359 6634
6359 6665
6359 6699
6377 6665
6327 6624
6327 6634
6327 6665
6327 6670
6394 6634
6414 6634
6422 6634
6421 6634
6421 6670
6443 6600
6443 6634
6458 6600
6458 6606
6458 6613
6458 6670
6483 6606
6483 6621
6483 6628
6483 6632
6483 6661
6483 6668
6486 6600
6486 6606
6486 6624
6486 6634
6486 6665
6488 6628
6488 6634
6504 6600
6510 6665
6518 6634
6518 6665
6523 6634
6525 6613
6525 6634
6460 6699
6537 6606
6538 6665
6545 6663
6555 6699
6563 6634
6577 6699
6596 6618
6596 6634
6601 6600
6602 6600
6603 6600
6604 6600
6605 6600
6605 6632
6605 6634
6608 6665
6618 6634
6619 6634
6615 6624
6622 6623
6624 6665
6625 6634
6627 6634
6627 6663
6626 6634
6626 6665
6626 6682
6636 6634
6633 6634
6635 6634
6639 6641
6655 6624
6655 6665
6660 6661
6665 6699
6666 6699
6683 6682
6683 6685
6683 6686
6684 6685
6687 6691
6688 6691
6689 6691
6690 6691
6697 6699
6698 6699
3293 6665
6714 6665
6729 6665
6730 6665
6731 6665
6732 6665
6760 6618
6768 6613
6772 6618
6774 6618
6784 6634
6789 6634
6790 6624
6855 6634
6859 6634
6620 6624
6620 6634
6865 6618
6875 6634
6885 6634
6913 6624
6913 6634
6914 6618
6914 6634
6914 6665
6906 6634
6907 6618
6907 6634
6907 6665
6916 6618
6917 6634
6934 6618
6934 6624
6934 6634
6934 6665
6941 6634
6941 6665
6945 6634
6316 6665
6993 6624
7005 6634
7035 6624
7043 6634
7052 6665
7053 6618
7053 6634
7047 6618
7047 6634
7055 6634
7055 6665
7057 6618
7057 6634
7057 6665
7062 6634
7038 6634
6946 6634
6946 6665
7086 6618
7086 6634
7086 6665
7092 6618
7092 6665
5015 6634
7089 6634
7096 6634
7095 6634
7104 6665
6994 6634
7183 6665
7223 6665
7225 6665
7226 6665
7227 6665
7228 6665
7229 6665
5143 6665
7230 6665
7231 6665
7238 6618
7266 6634
7279 6618
7280 6618
7301 6634
7294 6618
7350 6618
7386 6618
7391 6634
7578 6618
7625 6634
7050 6634
7675 6618
7679 6634
7685 6618
7685 6634
7697 6634
7727 6634
7733 6618
7733 6634
7744 6618
7744 6634
7755 6634
7790 6634
7808 6634
7865 6618
7882 6618
7901 6618
7901 6634
7904 6634
7924 6634
7928 6634
7929 6634
7938 6634
7964 6618
7968 6634
8042 6634
8045 6634
8046 6618
8047 6618
8047 6634
8054 6634
8085 6618
8085 6634
8107 6618
8107 6634
8152 6618
8156 6618
8157 6634
8211 6618
8222 6634
8050 6618
8243 6618
8243 6634
8251 6618
8252 6634
8253 6634
8254 6634
8255 6634
8256 6634
