11 2328
11 2329
11 2332
11 2333
11 2339
11 2341
11 2345
11 2350
11 2362
11 2364
11 2381
11 2384
11 2385
11 2397
14 2339
14 2384
15 2398
20 2324
20 2339
20 2348
24 2323
24 2328
24 2329
24 2341
24 2345
24 2354
24 2371
24 2375
24 2385
24 2398
36 2328
36 2329
36 2381
38 2385
44 2345
47 2397
47 2398
53 2324
56 2323
58 2345
59 2345
59 2371
59 2375
59 2397
27 2369
27 2398
72 2398
86 2354
86 2397
71 2328
71 2398
87 2354
87 2398
89 2328
90 2384
90 2398
31 2348
103 2398
68 2307
68 2325
68 2328
68 2338
68 2354
68 2371
109 2397
110 2397
122 2322
122 2354
122 2371
122 2375
122 2381
122 2384
122 2398
113 2323
113 2339
127 2323
128 2322
128 2340
128 2366
128 2386
136 2398
143 2329
143 2341
147 2341
147 2371
154 2339
155 2398
172 2307
172 2323
172 2324
172 2325
172 2338
172 2345
172 2348
172 2356
172 2385
172 2397
172 2398
173 2328
173 2329
173 2333
173 2339
173 2341
173 2345
173 2348
173 2350
173 2381
173 2385
173 2397
178 2381
178 2398
180 2325
182 2328
182 2329
166 2398
187 2323
203 2398
215 2332
215 2378
231 2398
259 2323
265 2369
275 2322
275 2323
280 2398
291 2326
291 2328
291 2397
291 2398
290 2356
306 2324
306 2328
308 2323
308 2328
308 2329
308 2339
308 2345
310 2322
310 2325
310 2341
310 2375
310 2381
311 2322
311 2323
311 2341
311 2381
311 2385
312 2397
313 2386
315 2341
319 2371
335 2369
339 2398
346 2323
346 2325
346 2326
346 2375
356 2323
371 2339
371 2398
376 2325
383 2324
383 2398
395 2398
406 2369
407 2323
407 2354
407 2398
325 2348
432 2329
432 2333
432 2375
412 2397
457 2324
457 2328
457 2350
457 2354
457 2356
457 2364
457 2366
457 2397
457 2398
546 2385
546 2397
572 2398
580 2381
583 2398
587 2375
588 2345
588 2385
600 2323
600 2328
600 2398
625 2398
633 2397
634 2328
635 2328
635 2341
647 2322
647 2345
647 2348
647 2350
647 2385
647 2397
650 2323
650 2332
650 2333
650 2339
650 2397
663 2324
663 2364
663 2381
686 2397
689 2333
689 2397
689 2398
695 2328
704 2341
706 2385
706 2397
708 2322
710 2339
710 2381
722 2326
722 2333
722 2340
722 2375
722 2398
727 2323
727 2397
727 2398
730 2339
737 2381
697 2369
697 2397
697 2398
749 2324
749 2328
749 2384
759 2398
761 2398
763 2323
763 2375
763 2398
764 2322
764 2328
766 2307
766 2322
766 2324
766 2325
766 2328
766 2338
766 2354
766 2356
766 2364
766 2371
766 2375
766 2381
766 2384
766 2398
769 2323
769 2328
788 2397
781 2398
784 2323
784 2325
784 2328
784 2338
784 2345
784 2348
784 2356
784 2381
784 2397
784 2398
789 2307
789 2322
789 2326
789 2341
789 2345
789 2350
789 2354
789 2364
789 2381
789 2385
789 2397
789 2398
795 2381
805 2398
813 2322
813 2323
813 2324
813 2328
813 2329
813 2354
813 2371
813 2375
813 2384
813 2385
816 2339
822 2371
820 2322
820 2397
334 2329
826 2322
826 2323
826 2325
826 2338
826 2340
826 2341
826 2348
826 2356
826 2371
826 2375
826 2385
825 2328
825 2398
841 2323
841 2340
841 2369
841 2375
841 2381
854 2329
854 2378
856 2328
856 2338
852 2323
859 2397
865 2323
865 2398
879 2328
879 2364
879 2381
879 2398
904 2307
904 2322
904 2348
904 2385
904 2397
913 2328
941 2333
943 2356
944 2332
946 2328
946 2333
946 2341
949 2322
956 2341
974 2328
982 2338
986 2322
986 2328
986 2341
986 2348
986 2397
988 2322
988 2323
988 2324
988 2325
988 2328
988 2338
988 2356
988 2371
993 2323
993 2324
993 2328
993 2329
993 2341
993 2345
993 2386
994 2328
996 2323
996 2324
996 2329
996 2332
996 2333
996 2339
996 2345
996 2348
996 2354
996 2356
996 2371
996 2375
996 2385
996 2397
996 2398
998 2381
1000 2328
1000 2332
1006 2324
1006 2341
1009 2328
1024 2384
1031 2339
1032 2328
1035 2341
1035 2350
1037 2323
1037 2338
1037 2339
1037 2398
1050 2398
1051 2398
1055 2323
1055 2328
1055 2339
1055 2341
1055 2398
1062 2322
1062 2328
1062 2329
1062 2333
1062 2341
1063 2381
1064 2333
1065 2328
1066 2339
1075 2354
1075 2398
1097 2323
1097 2328
1097 2366
1097 2381
1098 2322
1098 2332
1098 2338
1098 2341
1098 2375
1098 2385
1111 2323
1111 2354
1111 2398
1113 2398
1125 2398
1127 2348
1127 2350
1129 2397
1132 2354
1132 2398
1133 2326
1133 2328
1133 2333
1133 2364
1133 2398
1135 2322
1135 2323
1137 2328
1137 2340
1137 2354
1137 2371
1142 2328
1142 2345
1142 2381
1142 2398
1151 2322
1151 2323
1151 2324
1151 2328
1151 2329
1151 2332
1151 2333
1151 2341
1151 2345
1151 2350
1151 2354
1151 2369
1151 2381
1151 2385
1151 2397
1151 2398
1164 2385
1165 2328
1165 2340
1165 2398
1166 2322
1166 2323
1166 2324
1166 2328
1166 2333
1166 2338
1166 2341
1166 2345
1166 2348
1166 2354
1166 2362
1166 2364
1166 2371
1166 2375
1166 2376
1166 2381
1166 2384
1166 2398
1167 2322
1167 2323
1167 2397
1169 2366
1193 2328
1200 2322
1200 2340
1200 2371
1200 2375
1203 2356
1204 2325
1204 2364
1207 2323
1207 2398
1210 2322
1210 2324
1210 2345
1210 2364
1210 2398
1211 2328
1211 2397
1212 2323
1215 2323
1215 2356
1221 2324
1221 2356
1230 2333
1236 2328
1236 2338
1247 2324
1247 2328
1247 2398
1248 2328
1253 2381
1259 2338
1267 2371
1279 2341
1279 2345
1279 2371
1279 2385
1282 2340
1286 2398
1285 2398
1297 2322
1297 2323
1297 2398
1305 2322
1305 2323
1305 2324
1305 2325
1305 2338
1305 2366
1305 2371
1306 2375
1319 2307
1319 2322
1319 2328
1319 2398
1335 2322
1335 2329
1343 2398
1350 2322
1350 2378
1353 2354
1353 2398
1357 2328
1357 2371
1358 2354
1358 2398
1367 2324
1367 2398
1368 2325
1368 2397
1374 2307
1374 2322
1374 2323
1374 2325
1374 2338
1374 2354
1374 2369
1374 2375
1374 2397
1374 2398
1382 2397
1378 2371
1381 2371
1381 2378
1381 2398
1385 2323
1390 2322
1390 2323
1390 2325
1395 2322
1395 2328
1395 2329
1395 2333
1395 2341
1395 2356
1395 2385
1395 2397
1416 2307
1419 2323
1419 2338
1419 2366
1424 2356
1424 2371
1428 2324
1428 2328
1428 2333
1184 2322
1184 2340
1184 2375
1441 2348
1441 2397
1457 2371
1462 2328
1462 2398
1465 2323
1468 2397
1466 2328
1466 2329
1470 2328
1470 2354
1470 2364
1470 2381
1470 2398
1473 2375
1487 2325
1487 2338
1487 2356
1489 2322
1489 2345
1492 2322
1492 2328
1492 2341
1492 2384
1496 2324
1496 2328
1496 2381
1496 2398
1500 2323
1500 2397
1501 2397
1506 2333
1521 2328
1521 2341
1521 2375
1521 2385
1521 2397
1522 2328
1522 2329
1522 2339
1522 2345
1522 2397
1522 2398
1542 2333
1542 2348
1542 2354
1542 2364
1542 2384
1542 2385
1552 2323
1552 2354
1553 2323
1549 2307
1549 2322
1549 2323
1549 2324
1549 2326
1549 2328
1549 2329
1549 2333
1549 2338
1549 2339
1549 2341
1549 2348
1549 2350
1549 2354
1549 2356
1549 2366
1549 2371
1549 2375
1549 2384
1549 2385
1549 2397
1549 2398
1550 2328
1565 2329
1565 2385
1566 2328
1566 2371
1570 2385
1583 2323
1585 2329
1585 2356
1585 2371
1585 2385
1585 2397
1585 2398
1594 2375
1596 2325
1596 2328
1603 2332
1571 2348
1608 2322
1608 2323
1608 2325
1608 2328
1608 2329
1608 2333
1608 2339
1608 2341
1608 2345
1608 2348
1608 2350
1608 2354
1608 2356
1608 2371
1608 2385
1608 2397
1608 2398
1614 2328
1614 2348
1615 2350
1621 2322
1621 2328
1621 2329
1621 2341
1622 2328
1622 2378
1623 2323
1623 2341
1623 2345
1644 2332
1644 2398
1646 2339
1661 2328
1661 2398
1564 2398
1667 2328
1684 2322
1691 2323
1691 2328
1701 2322
1701 2328
1701 2354
1701 2381
1701 2398
1697 2328
1697 2384
1697 2397
1700 2322
1700 2340
1700 2366
1711 2328
1705 2322
1705 2323
1705 2375
1707 2362
1707 2371
1707 2398
1717 2328
1717 2339
1717 2381
1717 2397
1717 2398
1729 2348
1730 2323
1730 2328
1730 2339
1730 2348
1730 2385
1730 2397
1730 2398
1733 2364
1734 2328
1734 2354
1734 2398
1741 2322
1748 2398
1749 2329
1749 2338
1749 2398
1754 2345
1756 2332
1756 2385
1756 2397
1766 2345
1766 2397
1767 2328
1767 2340
1767 2381
1767 2398
1769 2371
1772 2329
1772 2333
1772 2339
1772 2341
1772 2348
1772 2397
1783 2322
1783 2398
1795 2324
1795 2364
1811 2332
1811 2371
1807 2354
1808 2328
1808 2375
1808 2385
1814 2323
1820 2322
1820 2323
1820 2328
1820 2333
1820 2338
1820 2366
1823 2381
1835 2322
1835 2323
1835 2398
1837 2371
1847 2324
1847 2354
1847 2398
1848 2328
1857 2307
1885 2322
1888 2323
1888 2329
1888 2339
1888 2341
1888 2350
1896 2324
1896 2345
1896 2348
1908 2333
1915 2354
1915 2398
1918 2322
1919 2345
1919 2385
1919 2397
1922 2322
1922 2323
1922 2325
1922 2356
1922 2364
1922 2371
1922 2375
1922 2381
1922 2398
1925 2328
1940 2323
1947 2328
1948 2378
1948 2386
1951 2324
1955 2340
1961 2354
1964 2375
1967 2371
1972 2323
1972 2324
1972 2325
1972 2338
1972 2356
1972 2371
1972 2384
1972 2398
1977 2329
1977 2332
1977 2339
1977 2341
1977 2362
1977 2385
1980 2329
1980 2338
1980 2341
1980 2375
1985 2323
1985 2328
1990 2324
1990 2398
1991 2322
1991 2375
1997 2332
1794 2324
1794 2375
2009 2328
2016 2371
2033 2398
698 2323
2038 2341
2038 2350
2050 2322
2062 2322
2062 2325
2062 2328
2062 2329
2062 2333
2062 2339
2062 2341
2062 2350
2062 2381
2062 2385
2062 2397
2065 2328
2065 2385
2069 2339
2072 2322
2072 2323
2072 2397
2083 2322
2085 2322
2085 2332
2091 2328
2093 2323
2099 2348
2099 2385
2102 2323
2102 2328
2109 2350
2109 2354
2109 2398
2114 2323
2117 2364
2117 2375
2117 2398
2118 2323
2118 2324
2118 2328
2118 2332
2118 2338
2118 2345
2118 2381
2118 2385
2120 2307
2120 2323
2120 2325
2120 2328
2120 2329
2120 2333
2120 2350
2129 2328
2129 2398
2130 2375
2133 2322
2133 2323
2133 2329
2133 2332
2133 2340
2133 2341
2133 2345
2133 2350
2133 2375
2133 2385
2133 2397
2134 2328
2135 2322
2135 2323
2135 2324
2135 2328
2135 2375
2135 2381
2135 2398
2144 2328
2144 2398
2145 2323
2145 2328
2145 2356
2145 2364
2145 2375
2145 2398
2156 2329
2156 2362
2156 2378
2160 2328
2160 2371
2160 2398
2169 2322
2169 2329
2174 2328
2174 2332
2174 2339
2176 2322
2186 2375
2193 2398
2206 2340
2209 2338
2215 2397
2223 2398
2225 2323
2225 2328
2227 2375
2230 2375
2231 2332
2231 2340
2231 2366
2229 2325
2229 2328
2229 2356
2229 2371
2233 2332
2233 2345
2233 2385
2236 2323
2236 2325
2236 2356
2237 2324
2237 2328
2237 2381
2237 2398
2240 2322
2240 2325
2240 2328
2240 2341
2240 2356
2240 2362
2240 2398
2246 2323
2249 2322
2249 2338
2249 2397
2251 2332
2255 2323
2255 2333
2255 2350
2255 2385
2255 2397
2256 2307
2256 2322
2256 2329
2256 2340
2256 2341
2256 2375
2257 2381
2257 2397
2258 2328
2264 2328
2264 2381
2264 2385
2274 2307
2274 2329
2274 2332
2274 2385
2276 2398
2277 2354
2282 2397
2285 2398
2290 2324
2289 2364
2297 2328
2297 2333
2297 2338
2297 2398
2298 2328
2299 2322
2299 2328
2299 2398
2304 2305
2319 2325
2322 2350
2323 2369
2323 2398
2326 2307
2326 2324
2326 2325
2326 2328
2326 2329
2326 2338
2326 2339
2326 2341
2326 2348
2326 2350
2326 2356
2326 2384
2326 2398
2328 2322
2328 2324
2328 2329
2328 2332
2328 2341
2328 2345
2328 2350
2328 2385
2328 2397
2330 2333
1561 2333
2331 2333
2332 2333
2334 2339
2335 2339
2336 2339
2337 2339
2340 2341
2342 2345
2343 2345
2344 2345
2349 2350
2272 2385
2272 2398
2361 2362
2365 2328
2365 2385
2338 2323
2369 2354
2369 2364
2369 2398
2371 2323
2371 2324
2371 2354
2371 2375
2376 2398
2381 2323
2381 2398
2379 2328
2379 2397
2384 2328
2384 2354
2384 2371
2384 2385
2384 2398
2387 2354
2387 2398
2392 2397
2391 2397
2394 2397
2395 2397
2396 2397
2393 2332
2393 2397
2398 2326
2406 2356
2411 2307
2411 2325
2411 2375
2416 2323
2416 2375
2429 2323
2435 2340
2444 2384
2472 2322
2472 2323
2472 2375
2473 2322
2473 2371
2473 2375
2476 2323
2480 2369
2485 2323
2485 2325
2485 2328
2485 2364
2485 2371
2485 2375
2485 2384
2485 2398
2488 2328
2502 2323
2504 2323
2504 2328
2504 2338
2504 2354
2504 2364
2504 2381
2504 2398
2506 2323
2507 2322
2507 2324
2507 2325
2507 2356
2507 2375
2508 2323
2509 2340
2510 2328
2510 2371
2535 2326
2535 2354
2535 2381
2541 2323
2541 2398
2542 2323
2542 2328
2542 2356
2542 2398
2546 2322
2546 2338
2546 2340
2547 2325
2547 2328
2547 2371
2547 2398
2549 2323
2549 2371
2550 2371
2555 2322
2566 2354
2557 2322
2557 2323
2557 2340
2567 2398
2559 2324
2559 2356
2559 2398
2560 2323
2560 2324
2560 2340
2560 2398
2564 2324
2565 2307
2565 2322
2565 2323
2565 2324
2565 2325
2565 2328
2565 2338
2565 2354
2565 2356
2565 2364
2565 2369
2565 2371
2565 2375
2565 2381
2565 2384
2565 2386
2565 2398
2576 2324
2576 2338
2576 2354
2576 2375
2576 2381
2576 2398
2578 2323
2585 2328
2585 2338
2585 2398
2592 2375
2593 2322
2593 2328
2594 2322
2594 2398
2595 2328
2595 2354
2595 2398
2474 2322
2474 2328
2474 2340
2474 2371
2474 2375
2474 2398
2605 2323
2605 2381
2608 2322
2608 2366
2611 2323
2612 2323
2612 2375
2612 2398
2617 2323
2618 2375
2623 2324
2623 2375
2623 2398
2619 2328
2619 2371
2646 2366
2648 2365
2651 2322
2651 2324
2651 2328
2651 2338
2651 2375
2651 2384
2651 2398
2653 2328
2653 2354
2653 2371
2653 2398
2655 2326
2655 2371
2657 2324
2658 2324
2658 2326
2658 2364
2665 2322
2672 2366
2674 2324
2674 2356
2674 2371
2676 2366
2683 2322
2683 2323
2699 2325
2699 2326
2700 2324
2700 2325
2700 2328
2700 2338
2700 2384
2701 2325
2701 2356
2701 2371
2701 2398
2686 2325
2686 2328
2686 2338
2686 2356
2687 2338
2702 2323
2702 2338
2702 2381
2702 2398
2703 2325
2703 2338
2703 2356
2703 2398
2688 2307
2688 2324
2688 2325
2688 2326
2688 2328
2688 2338
2688 2354
2688 2356
2688 2364
2688 2369
2688 2371
2688 2381
2688 2384
2688 2386
2688 2398
2704 2324
2704 2325
2704 2356
2704 2371
2704 2375
2660 2323
2660 2324
2660 2325
2660 2328
2660 2356
2660 2381
2660 2398
2689 2325
2689 2398
2667 2325
2667 2398
2690 2325
2690 2356
2691 2324
2691 2328
2691 2398
2692 2325
2692 2338
2693 2324
2693 2328
2693 2354
2693 2371
2693 2381
2706 2325
2694 2398
2695 2325
2696 2325
2696 2328
2696 2354
2696 2356
2697 2323
2697 2326
2697 2328
2698 2325
2698 2356
2711 2307
2719 2328
2727 2328
2737 2398
2747 2328
2746 2328
2746 2340
2752 2398
2760 2398
2768 2323
2768 2375
2774 2323
2774 2328
2775 2328
2790 2322
2790 2324
2790 2326
2790 2398
2791 2375
2792 2375
2802 2354
2808 2398
2811 2398
2544 2328
2815 2322
2815 2323
2822 2322
2822 2323
2822 2354
2654 2307
2654 2324
2654 2371
2830 2323
2831 2328
2831 2381
2832 2323
2833 2371
2840 2375
2851 2356
2859 2307
2859 2328
2859 2398
2871 2323
2871 2325
2871 2328
2871 2364
2871 2369
2871 2371
2871 2381
2871 2384
2871 2386
2871 2398
2872 2323
2883 2323
2885 2323
2889 2398
2903 2398
2904 2323
2907 2398
2909 2384
2909 2398
2912 2325
2912 2356
2912 2371
2913 2375
2913 2398
2918 2375
2923 2307
2923 2328
2923 2375
2924 2375
2932 2328
2940 2324
2940 2325
2940 2338
2948 2371
2950 2323
2953 2338
2953 2371
2958 2323
2958 2328
2964 2384
2967 2325
2967 2326
2967 2328
2967 2354
2967 2356
2967 2364
2967 2371
2967 2381
2967 2384
2967 2398
2972 2328
2972 2364
2972 2369
2972 2381
2986 2371
2987 2371
2988 2328
2989 2371
2995 2323
2995 2324
2998 2323
2999 2323
3007 2323
3007 2398
3000 2323
3001 2323
3002 2323
3002 2364
3008 2323
3003 2323
3009 2323
3009 2328
3004 2323
3005 2323
3006 2323
3006 2325
3006 2356
3006 2371
3010 2324
3010 2325
3010 2326
3010 2356
2707 2325
2707 2328
2707 2338
2707 2356
2707 2364
2707 2384
2707 2398
3015 2328
3015 2398
3020 2325
3020 2328
3020 2356
3020 2371
3021 2325
3024 2307
3026 2307
3026 2324
3026 2328
3026 2338
3026 2354
3026 2371
3026 2384
3028 2326
3028 2328
3028 2371
3028 2398
3031 2371
3031 2398
3032 2326
3032 2328
3032 2354
3032 2398
3033 2328
3033 2371
3034 2328
3034 2398
2713 2307
2713 2324
2713 2325
2713 2328
2713 2338
2713 2356
2713 2384
2713 2398
3039 2328
3039 2398
3041 2371
3059 2328
3059 2371
2356 2324
2356 2328
3062 2371
3072 2325
3072 2356
3072 2371
3073 2364
3084 2398
3087 2354
3087 2371
3088 2398
3090 2371
3092 2369
3098 2371
3095 2371
2842 2324
2842 2328
2842 2356
2842 2398
3110 2328
3110 2369
3110 2381
2003 2307
2003 2325
2003 2338
3125 2325
3144 2307
3144 2324
3144 2338
3144 2356
3144 2371
3145 2328
3148 2328
3148 2398
3168 2328
3168 2398
3172 2371
3173 2371
3174 2371
3175 2371
3176 2371
3180 2324
3180 2328
3190 2354
3190 2398
3188 2328
3192 2325
3191 2354
3191 2398
3199 2338
3208 2384
3225 2328
3238 2342
3238 2381
3252 2324
3252 2338
3256 2364
3256 2398
3258 2328
3258 2356
3258 2398
3274 2398
3276 2328
3291 2326
3291 2328
3291 2356
3297 2338
3297 2356
3304 2338
3310 2356
3313 2328
3290 2325
3316 2398
3317 2328
3321 2325
3322 2325
3323 2325
3325 2356
3326 2356
3334 2398
3345 2398
3350 2398
3352 2324
3352 2326
3352 2328
3352 2338
3352 2354
3352 2369
3352 2381
3352 2384
3352 2398
3361 2338
3366 2328
3366 2364
3373 2328
3375 2328
3378 2384
3378 2398
3380 2324
3380 2328
3384 2398
3392 2324
3394 2324
3394 2326
3394 2328
3394 2381
3394 2398
3402 2324
3402 2364
3402 2369
3402 2381
3402 2398
3404 2324
3390 2338
3390 2364
3390 2398
3417 2354
3434 2338
3433 2338
3435 2384
3443 2328
3445 2381
3445 2398
3439 2324
3447 2326
3447 2328
3447 2354
3447 2364
3447 2369
3449 2354
3449 2369
3449 2381
3449 2398
3451 2326
3452 2328
3452 2354
3452 2381
3453 2326
3453 2354
3453 2364
3453 2369
3453 2381
3453 2398
3454 2328
3454 2384
3454 2398
3455 2326
3455 2364
3456 2328
3456 2354
3456 2364
3456 2369
3456 2381
3456 2386
3456 2398
3457 2326
3457 2364
3457 2369
3457 2381
3457 2398
3459 2398
3460 2326
3461 2326
3461 2398
3462 2326
3462 2354
3462 2398
3468 2324
3479 2328
3479 2364
3479 2369
3481 2324
3482 2324
3488 2328
3498 2326
3498 2381
3498 2398
3512 2328
3518 2398
3519 2328
3519 2398
3521 2328
3522 2328
3522 2364
3522 2384
3522 2398
3523 2324
3386 2398
3541 2307
3508 2328
3555 2324
3555 2328
3562 2328
3567 2324
3567 2384
3568 2328
3568 2384
3568 2398
3587 2324
3593 2354
3594 2384
3598 2354
3601 2324
3601 2369
3601 2398
3597 2328
3607 2328
3611 2324
3614 2328
3614 2364
3614 2381
3615 2307
3615 2328
3615 2381
3615 2398
3630 2398
3631 2328
3631 2364
3631 2369
3631 2381
3631 2398
3633 2384
3634 2398
3635 2328
3641 2307
3641 2326
3641 2328
3641 2398
3642 2398
3643 2354
3643 2398
3645 2328
3654 2324
3653 2324
3655 2324
3658 2328
3659 2307
3661 2328
3666 2307
3666 2326
3666 2328
3666 2369
3666 2398
3673 2398
3682 2328
3683 2398
3686 2384
3692 2398
3691 2398
3714 2384
3724 2328
3571 2328
3571 2398
3728 2398
3729 2328
3748 2354
3752 2328
3785 2398
3786 2354
3786 2398
3787 2326
3787 2328
3787 2354
3787 2369
3787 2398
3796 2364
3796 2381
3796 2398
3794 2354
3798 2328
3806 2398
3813 2381
3813 2398
3835 2354
3835 2398
3839 2328
3854 2328
3854 2364
3854 2398
3871 2384
3869 2384
3872 2328
3872 2384
3895 2307
3897 2307
3896 2307
3902 2326
3902 2398
3916 2328
3917 2328
3928 2328
3930 2398
3949 2384
3956 2364
3956 2398
3960 2398
3965 2328
3965 2398
3969 2328
3969 2354
3973 2328
3976 2354
3976 2364
3976 2369
3976 2398
3977 2398
3980 2328
3982 2398
4013 2369
4016 2384
4020 2328
4036 2364
4036 2384
4039 2384
4041 2354
4041 2381
4042 2384
2981 2328
4044 2364
4044 2398
4045 2364
4045 2381
4046 2326
4046 2342
4053 2384
4059 2398
4077 2328
4077 2354
4077 2364
4077 2381
4065 2328
4070 2354
4070 2364
4072 2326
4073 2381
4073 2386
4073 2398
4074 2328
4082 2398
4099 2326
4099 2354
4099 2369
4099 2398
4104 2354
4116 2398
4120 2328
4121 2328
4076 2328
4076 2381
4076 2398
4122 2328
4123 2328
4124 2326
4124 2328
4124 2364
4125 2328
4126 2328
4127 2328
4127 2369
4127 2381
4127 2398
4128 2328
4129 2328
4130 2328
4131 2328
4132 2328
4133 2328
4134 2328
4135 2328
4136 2328
4137 2328
4138 2328
4138 2398
4139 2328
4140 2328
4141 2328
4142 2328
4143 2328
4144 2328
4144 2354
4144 2398
4145 2328
4146 2328
4147 2328
4148 2328
4149 2328
4150 2328
4151 2328
4151 2381
4152 2328
4152 2381
4153 2328
4154 2328
4191 2398
4211 2326
4219 2354
4219 2364
4219 2369
4219 2381
4222 2354
4222 2381
4222 2398
4223 2326
4273 2398
4292 2398
4295 2369
4297 2354
4297 2398
4315 2364
4315 2381
4315 2398
4338 2354
4338 2398
4335 2398
4353 2354
4353 2398
4355 2364
4364 2354
4363 2398
4412 2398
4428 2364
4428 2381
4429 2386
4441 2354
4441 2364
4442 2381
4448 2398
4483 2354
4483 2364
4483 2381
4483 2386
4509 2364
4509 2381
4511 2326
4527 2342
4527 2369
4531 2398
4536 2364
4536 2381
4536 2398
4543 2398
4550 2354
4550 2398
4563 2364
4564 2326
4564 2398
4574 2354
4574 2398
4582 2381
4582 2398
4588 2326
4487 2354
4487 2369
4632 2369
4653 2354
4653 2386
4653 2398
4662 2398
4647 2326
4671 2398
4681 2326
4686 2354
4686 2369
4686 2381
4686 2398
4688 2326
4717 2381
4718 2354
4712 2364
4712 2398
4725 2381
4726 2369
4756 2326
4756 2354
4756 2369
4756 2398
4748 2326
4748 2364
4748 2398
4764 2398
4765 2354
4774 2326
4814 2364
4818 2354
4818 2364
4824 2342
4824 2364
4824 2398
4829 2364
4833 2354
4843 2354
4843 2398
4859 2381
4846 2381
4846 2398
4894 2364
4899 2364
4899 2369
4899 2381
4899 2398
4929 2381
4934 2398
4943 2381
4947 2364
4948 2354
4948 2364
4948 2369
4948 2381
4948 2398
4964 2364
4964 2369
4964 2398
4966 2398
4967 2364
4967 2381
4967 2398
4976 2354
4976 2364
4980 2398
4981 2398
4982 2398
4977 2369
4993 2386
5002 2398
5006 2342
5006 2369
5008 2369
5012 2398
5020 2354
5020 2381
5020 2398
5039 2364
5061 2386
5069 2364
5067 2364
5068 2364
5079 2369
5079 2381
5079 2398
5081 2398
5111 2381
5110 2354
5110 2369
5110 2381
5110 2386
5118 2381
5118 2386
5119 2381
5119 2398
5123 2398
5125 2386
5050 2354
5140 2369
5150 2398
5152 2369
5174 2398
5175 2398
5176 2398
4310 2354
4310 2398
5179 2376
5179 2398
5180 2354
5181 2398
5184 2398
5187 2398
5188 2398
5189 2354
5189 2398
5190 2398
5198 2354
5198 2398
5217 2369
5246 2354
5250 2398
5254 2398
5263 2354
5263 2398
5283 2398
5285 2398
5295 2398
5296 2354
5312 2398
5317 2398
5321 2398
5324 2354
5342 2354
5343 2354
5344 2354
5345 2354
5346 2354
5347 2354
5348 2354
5382 2398
5404 2398
5423 2376
5455 2398
5462 2398
5499 2398
5515 2398
5526 2398
5577 2398
5584 2398
5591 2398
5601 2398
5604 2398
5605 2398
5606 2398
5607 2398
5608 2398
5612 2398
5609 2398
5610 2398
5611 2398
5613 2398
5614 2398
5615 2398
5616 2398
5617 2398
