11 4335
11 4384
20 4373
24 4310
24 4338
24 4349
24 4373
36 4303
37 4310
53 4335
53 4389
27 4335
72 4335
86 4338
87 4332
87 4338
90 4335
68 4310
68 4335
68 4338
68 4351
68 4373
109 4361
122 4335
122 4365
122 4384
127 4373
136 4335
147 4310
147 4365
147 4384
154 4310
173 4310
187 4384
203 4338
231 4338
306 4365
308 4373
319 4310
319 4335
335 4365
150 4373
346 4335
371 4335
371 4338
395 4341
407 4335
425 4373
434 4361
457 4315
457 4335
457 4361
556 4338
600 4310
600 4338
600 4384
634 4323
637 4335
645 4315
695 4365
695 4384
737 4335
742 4384
742 4385
742 4386
749 4335
759 4338
763 4335
766 4310
766 4315
766 4323
766 4335
766 4338
766 4341
784 4349
784 4373
784 4384
789 4315
789 4335
789 4338
789 4355
795 4384
798 4349
798 4351
798 4365
798 4373
798 4384
805 4384
825 4310
841 4335
854 4385
856 4361
879 4323
879 4335
879 4359
879 4385
896 4310
947 4385
956 4338
971 4365
974 4373
974 4384
986 4365
988 4384
993 4365
994 4384
996 4315
996 4323
996 4335
996 4384
1004 4335
1011 4365
1012 4373
1018 4335
1037 4335
1097 4310
1097 4335
1111 4310
1133 4310
1133 4311
1133 4323
1133 4331
1133 4335
1133 4349
1133 4351
1133 4355
1133 4359
1133 4365
1133 4373
1133 4384
1133 4385
1137 4323
1137 4335
1137 4365
1151 4310
1151 4335
1151 4338
1151 4384
1166 4315
1166 4335
1166 4355
1166 4361
1166 4384
1167 4365
1204 4335
1236 4365
1247 4384
1278 4365
1280 4341
1305 4373
1319 4323
1353 4338
1356 4373
1374 4310
1374 4335
1374 4338
1374 4341
1374 4361
1428 4349
1470 4335
1473 4338
1496 4310
1506 4349
1537 4335
1542 4310
1542 4338
1552 4335
1549 4303
1549 4310
1549 4323
1549 4335
1549 4338
1549 4349
1550 4323
1550 4349
1550 4365
1550 4373
1550 4384
1554 4310
1608 4338
1608 4361
1608 4365
1608 4384
1614 4335
1623 4335
1661 4323
1667 4310
1667 4341
1647 4315
1680 4315
1680 4373
1701 4310
1701 4338
1701 4373
1697 4349
1697 4373
1730 4384
1733 4335
1734 4310
1734 4335
1748 4351
1769 4361
1811 4349
1808 4338
1816 4335
1823 4315
1835 4338
1915 4310
1946 4323
1980 4335
1990 4384
2001 4355
2001 4361
2033 4338
2050 4335
2065 4338
2102 4335
2102 4351
2109 4338
2129 4335
2134 4323
2134 4365
2134 4386
2135 4335
2144 4349
2145 4335
2145 4384
2186 4338
2215 4384
2217 4384
2229 4323
2229 4349
2229 4365
2229 4373
2229 4384
2229 4385
2237 4335
2237 4365
2237 4384
2240 4351
2249 4361
2256 4335
2258 4349
2277 4335
2290 4384
2297 4338
2298 4349
2298 4365
2322 4349
2323 4385
2326 4323
2326 4349
2326 4373
2326 4384
2328 4323
2369 4310
2369 4315
2371 4323
2371 4361
2375 4331
2375 4365
2375 4384
2381 4315
2381 4335
2387 4315
2387 4335
2410 4310
2411 4323
2411 4386
2452 4341
2452 4361
2480 4315
2485 4338
2485 4361
2485 4384
2535 4335
2542 4338
2542 4361
2547 4349
2566 4335
2559 4365
2559 4384
2560 4311
2560 4323
2560 4341
2560 4365
2560 4384
2564 4338
2565 4315
2565 4331
2565 4335
2565 4341
2565 4349
2565 4355
2565 4361
2565 4365
2565 4373
2565 4384
2565 4385
2565 4386
2587 4349
2595 4338
2605 4335
2623 4315
2623 4338
2623 4385
2645 4351
2651 4365
2658 4311
2658 4315
2658 4331
2658 4335
2658 4373
2658 4386
2674 4335
2699 4365
2700 4323
2700 4331
2686 4310
2686 4335
2702 4310
2688 4310
2688 4315
2688 4335
2688 4338
2688 4355
2688 4373
2688 4384
2660 4365
2660 4373
2667 4310
2696 4335
2719 4323
2727 4323
2744 4335
2747 4365
2747 4384
2775 4384
2793 4335
2811 4315
2811 4335
2831 4310
2832 4349
2832 4351
2832 4373
2832 4384
2851 4335
2859 4331
2859 4332
2859 4335
2859 4351
2859 4365
2859 4373
2859 4384
2859 4385
2859 4386
2871 4315
2871 4335
2871 4338
2883 4310
2909 4310
2909 4335
2932 4323
2932 4365
2932 4373
2967 4335
2968 4349
2972 4315
2972 4331
2972 4335
2972 4338
2972 4351
2972 4361
2983 4335
2988 4310
2988 4335
3009 4338
3009 4365
3009 4373
3009 4384
2707 4335
2707 4338
2707 4365
3015 4335
3015 4338
3026 4323
3026 4335
3026 4349
3026 4384
3027 4310
3027 4335
3028 4310
3028 4331
3028 4335
3028 4384
3028 4385
3032 4323
3032 4373
3032 4384
3032 4386
2713 4323
2713 4349
2713 4365
2713 4373
2713 4384
3086 4338
3090 4341
3092 4315
3107 4365
2842 4349
2842 4384
3142 4335
3144 4373
3168 4323
3168 4365
3168 4384
3168 4386
3189 4384
3191 4315
3202 4373
3209 4315
3209 4338
3258 4338
3276 4323
3291 4365
3291 4385
3297 4384
3352 4315
3352 4323
3352 4335
3352 4349
3352 4355
3352 4365
3352 4373
3352 4384
3306 4349
3366 4310
3366 4331
3366 4335
3366 4365
3366 4386
3373 4323
3375 4385
3393 4335
3394 4315
3394 4373
3394 4385
3394 4386
3402 4335
3402 4349
3404 4310
3390 4335
3390 4338
3417 4310
3445 4335
3439 4351
3439 4365
3447 4310
3447 4335
3447 4355
3447 4361
3449 4310
3449 4315
3449 4335
3449 4338
3451 4311
3451 4323
3451 4331
3451 4332
3451 4335
3451 4349
3451 4365
3451 4373
3451 4384
3451 4385
3451 4386
3452 4310
3452 4349
3453 4310
3453 4315
3453 4335
3453 4338
3453 4355
3454 4311
3454 4331
3454 4335
3454 4384
3456 4310
3456 4338
3456 4351
3456 4361
3456 4384
3456 4385
3457 4315
3457 4323
3457 4335
3458 4338
3459 4310
3459 4355
3461 4335
3462 4338
3469 4335
3479 4323
3479 4332
3479 4335
3479 4351
3479 4365
3479 4385
3478 4338
3488 4365
3498 4335
3521 4384
3530 4349
3540 4349
3554 4373
3563 4341
3567 4335
3568 4323
3568 4335
3568 4373
3586 4310
3601 4310
3614 4310
3614 4315
3614 4335
3614 4338
3615 4349
3615 4365
3615 4384
3624 4335
3624 4359
3624 4384
3630 4373
3631 4335
3631 4349
3633 4349
3634 4323
3634 4335
3634 4361
3634 4384
3635 4311
3635 4331
3635 4332
3635 4373
3635 4384
3635 4386
3641 4310
3641 4335
3641 4349
3642 4310
3642 4338
3642 4361
3643 4310
3645 4365
3645 4373
3660 4349
3660 4365
3660 4373
3660 4384
3661 4359
3661 4365
3662 4335
3666 4331
3666 4384
3673 4315
3682 4323
3682 4331
3682 4351
3682 4373
3692 4338
3691 4310
3691 4335
3691 4359
3724 4349
3724 4373
3724 4384
3571 4310
3571 4335
3728 4335
3728 4349
3751 4310
3762 4323
3767 4384
3767 4385
3777 4373
3777 4384
3786 4310
3786 4335
3787 4315
3787 4335
3787 4349
3787 4361
3787 4365
3787 4384
3792 4335
3796 4335
3794 4335
3794 4338
3794 4361
3813 4323
3813 4335
3813 4349
3813 4359
3813 4384
3814 4386
3835 4335
3843 4335
3845 4315
3854 4335
3855 4335
3872 4365
3881 4335
3897 4335
3912 4323
3916 4335
3917 4384
3918 4335
3919 4315
3956 4310
3956 4323
3956 4335
3956 4365
3956 4384
3969 4323
3969 4331
3973 4303
3973 4311
3973 4331
3976 4335
3976 4338
3980 4373
3985 4335
4001 4365
4013 4315
4027 4384
4036 4335
4036 4338
4036 4341
4041 4335
4041 4355
4044 4335
4045 4310
4045 4315
4045 4338
4046 4361
4063 4310
4063 4335
4077 4384
4065 4331
4065 4365
4065 4373
4068 4323
4070 4335
4070 4338
4072 4335
4073 4310
4073 4315
4073 4323
4074 4323
4074 4384
4099 4335
4099 4355
4099 4361
4111 4331
4076 4335
4123 4323
4124 4323
4124 4332
4124 4365
4124 4385
4136 4323
4137 4323
4138 4335
4142 4359
4144 4335
4148 4349
4152 4335
4152 4351
4164 4341
4178 4351
4189 4315
3995 4310
3995 4335
4205 4335
4211 4335
4211 4373
4211 4385
4211 4386
4213 4365
4219 4335
4222 4335
4221 4323
4269 4335
4273 4349
4273 4373
4273 4384
4276 4338
4282 4335
4297 4315
4307 4349
4315 4373
4316 4335
4324 4384
4325 4384
4345 4349
4346 4349
4340 4349
4342 4349
4342 4365
4341 4349
4343 4349
4347 4349
4344 4349
4344 4373
4344 4384
4348 4349
4353 4310
4353 4335
4353 4338
4354 4335
4360 4365
4361 4365
4364 4361
4364 4365
4362 4365
4363 4365
4368 4373
4369 4373
4371 4373
4370 4373
4372 4373
4375 4384
4377 4384
4378 4384
4383 4384
4379 4384
4380 4384
4381 4384
4382 4384
4415 4335
4416 4338
4429 4335
4441 4310
4441 4315
4441 4341
4448 4355
4485 4335
4483 4310
4488 4310
4524 4335
4536 4335
4536 4338
4550 4335
4550 4355
4557 4310
4557 4338
4564 4315
4564 4335
4586 4335
4632 4310
4632 4315
4632 4338
4632 4355
4632 4361
4653 4315
4653 4335
4653 4355
4661 4335
4662 4361
4663 4335
4686 4338
4687 4335
4688 4335
4709 4338
4715 4341
4717 4310
4718 4315
4712 4310
4712 4335
4712 4361
4726 4315
4733 4335
4739 4335
4744 4335
4756 4335
4781 4335
4824 4310
4824 4335
4824 4338
4829 4315
4832 4361
4843 4335
4846 4335
4879 4341
4891 4335
4894 4310
4894 4335
4899 4310
4899 4315
4899 4335
4899 4361
4934 4335
4935 4335
4936 4335
4948 4315
4948 4335
4948 4338
4964 4310
4967 4310
4967 4315
4967 4335
4967 4338
4967 4355
4974 4310
4974 4315
4976 4310
4980 4335
4981 4335
4982 4335
4988 4310
5002 4310
5002 4315
5006 4335
5012 4335
5017 4335
5020 4335
5028 4361
5053 4335
5079 4310
5079 4335
5079 4338
5079 4361
5096 4310
5099 4335
5106 4335
5103 4361
5123 4310
5123 4335
5123 4338
5155 4315
5166 4310
5166 4361
5171 4310
5171 4335
5172 4310
5172 4335
5175 4335
5176 4310
5176 4335
5176 4338
5177 4310
5178 4310
4310 4315
4310 4338
4310 4341
5179 4310
5179 4335
5179 4338
5179 4361
5181 4335
5184 4315
5185 4335
5188 4338
5189 4310
5189 4335
5189 4338
5189 4341
5189 4361
5190 4335
5190 4355
5191 4338
5196 4315
5201 4335
5215 4310
5217 4335
5226 4310
5243 4315
5246 4361
5254 4361
5262 4310
5263 4335
5263 4338
5267 4335
5275 4315
5276 4315
5277 4315
5278 4315
5285 4335
5301 4310
5312 4335
5321 4335
5342 4310
5404 4310
5404 4335
5404 4361
5399 4310
5423 4361
5427 4310
5445 4361
5446 4361
5452 4335
5454 4335
5454 4361
5457 4310
5484 4310
5485 4310
5487 4335
5511 4335
5524 4310
5524 4341
5524 4361
5531 4310
5531 4335
5531 4341
5528 4335
5532 4335
5193 4335
5543 4310
5550 4310
5552 4338
5553 4335
5553 4338
5562 4335
5577 4335
5582 4310
5591 4335
5606 4335
5614 4335
5616 4338
5623 4335
5626 4335
5639 4335
5644 4335
5655 4310
5655 4361
5658 4335
5668 4335
5647 4335
5666 4335
5667 4335
5669 4335
5670 4335
5671 4335
5684 4338
5692 4338
5697 4338
5746 4338
5750 4338
5747 4338
5748 4338
5749 4338
5760 4310
5773 4361
5783 4310
5787 4310
5796 4310
5796 4361
5800 4310
5802 4341
5802 4361
5806 4361
5811 4361
5814 4310
5816 4361
5817 4361
5819 4310
5821 4361
5822 4341
5822 4361
5836 4310
5857 4310
5857 4361
5872 4341
5871 4310
5932 4310
5935 4310
5961 4310
5984 4310
6020 4310
6032 4361
6043 4310
6043 4341
6044 4310
6045 4310
6046 4310
6047 4310
6048 4310
6049 4310
6050 4310
6051 4310
6052 4310
6053 4310
6221 4341
6241 4341
6270 4361
6272 4361
6280 4361
6299 4361
6305 4361
6443 4361
6461 4361
6555 4361
6563 4361
6619 4361
6615 4361
6624 4341
6624 4361
6627 4361
6714 4361
6766 4361
6789 4361
6848 4361
6913 4361
6914 4361
6906 4361
6907 4341
6907 4361
6934 4361
6941 4341
6976 4361
6991 4361
7052 4341
7052 4361
7055 4341
7057 4341
6946 4341
7092 4341
7121 4361
7188 4361
7229 4341
7231 4341
7327 4361
7342 4361
7345 4361
7343 4361
7344 4361
7441 4341
7563 4341
7564 4341
