6 2843
11 2811
11 2843
11 2859
11 2871
20 2828
20 2877
21 2814
24 2815
24 2819
24 2822
24 2830
24 2871
28 2801
36 2831
36 2834
36 2871
47 2871
58 2877
86 2809
71 2801
87 2801
103 2851
103 2871
68 2809
68 2814
68 2859
68 2871
68 2877
122 2805
122 2809
122 2811
122 2828
122 2834
127 2811
127 2877
128 2877
147 2801
147 2819
161 2801
163 2871
172 2819
172 2830
172 2859
173 2871
166 2843
166 2877
215 2801
237 2805
237 2809
237 2814
237 2828
237 2838
255 2834
255 2859
275 2828
275 2838
275 2844
291 2811
290 2871
306 2859
308 2805
308 2828
310 2819
310 2822
310 2834
311 2809
311 2830
311 2871
313 2801
313 2838
313 2871
315 2834
319 2819
346 2805
346 2828
346 2838
346 2859
371 2801
395 2851
403 2814
403 2834
405 2859
407 2811
425 2877
425 2880
432 2819
432 2851
432 2871
457 2811
457 2818
457 2822
457 2831
457 2843
457 2851
457 2859
457 2871
457 2877
501 2805
546 2805
546 2859
546 2877
553 2871
556 2805
582 2871
587 2877
600 2851
600 2871
634 2831
634 2851
634 2871
646 2830
635 2801
644 2838
644 2877
650 2830
650 2880
663 2830
695 2877
704 2809
704 2811
704 2814
706 2801
707 2843
708 2815
708 2818
710 2801
722 2801
722 2818
722 2821
722 2825
722 2830
722 2838
722 2856
722 2877
722 2880
727 2877
737 2851
749 2819
763 2871
766 2805
766 2809
766 2811
766 2814
766 2815
766 2819
766 2822
766 2828
766 2830
766 2831
766 2834
766 2851
766 2856
766 2859
766 2871
769 2801
769 2828
788 2877
784 2815
784 2830
784 2859
784 2877
789 2809
789 2814
789 2822
789 2831
795 2877
805 2811
813 2815
813 2819
813 2859
813 2871
826 2805
826 2809
826 2815
826 2819
826 2830
826 2838
826 2856
826 2880
825 2871
841 2801
841 2805
841 2814
841 2815
841 2828
841 2844
841 2877
841 2880
854 2801
854 2825
854 2828
854 2880
856 2815
856 2831
865 2838
865 2877
865 2880
871 2830
871 2834
879 2811
879 2859
879 2871
908 2801
915 2809
935 2880
946 2801
946 2818
946 2821
946 2828
948 2815
948 2834
974 2871
986 2856
986 2871
988 2819
988 2830
988 2856
993 2805
993 2814
993 2815
993 2828
993 2834
993 2859
994 2856
996 2801
996 2805
996 2809
996 2815
996 2819
996 2828
996 2834
996 2856
1000 2830
1000 2834
1000 2877
1003 2851
1024 2805
1024 2828
1024 2830
1029 2843
1037 2877
1042 2801
1042 2877
1042 2880
1051 2851
1055 2877
1062 2828
1062 2830
1062 2834
872 2856
1097 2801
1097 2830
1098 2805
1098 2814
1098 2828
1098 2851
1111 2822
1127 2851
1127 2871
1129 2877
1132 2801
1133 2811
1133 2830
1133 2859
1133 2871
1135 2814
1137 2805
1137 2814
1137 2825
1137 2828
1137 2830
1137 2838
1147 2830
1151 2805
1151 2809
1151 2815
1151 2828
1151 2830
1151 2834
1151 2851
1151 2856
1151 2871
1166 2801
1166 2811
1166 2819
1166 2828
1166 2830
1166 2834
1166 2838
1166 2856
1166 2871
1166 2877
1166 2880
1167 2834
1167 2838
1167 2877
1167 2880
1185 2801
1200 2805
1200 2809
1200 2814
1200 2828
1200 2830
1200 2834
1200 2838
1200 2856
1200 2877
1200 2880
1210 2805
1210 2834
1210 2851
1211 2877
1221 2834
1247 2871
1253 2801
1259 2828
1267 2819
1267 2831
1267 2856
1279 2819
1279 2843
1286 2851
1286 2856
1286 2871
1285 2871
1291 2815
1293 2843
1293 2877
1293 2880
1297 2877
1305 2805
1305 2809
1305 2814
1305 2815
1305 2819
1305 2828
1305 2830
1305 2834
1305 2877
1305 2880
1319 2859
1322 2809
1360 2877
1367 2819
1374 2805
1374 2809
1374 2814
1374 2822
1374 2825
1374 2828
1374 2830
1374 2831
1374 2834
1374 2838
1374 2859
1374 2877
1381 2880
1384 2809
1384 2814
1384 2828
1390 2844
1390 2880
1395 2805
1395 2830
1395 2834
1395 2856
1419 2815
1423 2843
1424 2819
1428 2805
1428 2859
1428 2871
1184 2801
1184 2811
1184 2834
1184 2877
1462 2809
1470 2877
1473 2828
1473 2871
1483 2843
1492 2830
1492 2859
1496 2819
1496 2856
1496 2871
1496 2877
1500 2801
1500 2871
1510 2843
1521 2814
1521 2834
1522 2834
1538 2877
1537 2871
1542 2822
1542 2871
1552 2834
1553 2825
1547 2805
1549 2809
1549 2814
1549 2815
1549 2819
1549 2828
1549 2830
1549 2859
1549 2871
1549 2880
1550 2871
1555 2809
1566 2801
1566 2877
1583 2828
1583 2830
1583 2880
1585 2830
1585 2838
1585 2859
1585 2877
1585 2880
1592 2856
1608 2805
1608 2814
1608 2815
1608 2828
1608 2830
1608 2834
1608 2856
1608 2871
1614 2856
1622 2830
1622 2859
1623 2851
1644 2801
1653 2814
1658 2838
1658 2877
1692 2877
1690 2877
1691 2871
1701 2828
1697 2801
1697 2838
1697 2877
1700 2801
1700 2809
1700 2814
1700 2880
1705 2805
1705 2814
1705 2815
1705 2828
1705 2834
1707 2805
1707 2871
1717 2811
1717 2877
1688 2871
1729 2856
1730 2871
1741 2877
1749 2859
1749 2877
1754 2801
1767 2809
1767 2834
1769 2828
1772 2801
1772 2814
1772 2877
1772 2880
1783 2805
1790 2814
1792 2801
1795 2809
1795 2811
1795 2819
1808 2834
1813 2871
1814 2815
1814 2830
1814 2856
1820 2814
1820 2838
1820 2856
1823 2822
1827 2856
1835 2828
1835 2830
1835 2834
1838 2859
1832 2819
1848 2880
1855 2856
1875 2809
1875 2825
1875 2828
1885 2809
1896 2805
1919 2805
1919 2828
1919 2830
1919 2834
1922 2815
1922 2819
1922 2838
1922 2856
1922 2880
1931 2871
1940 2830
1951 2819
1972 2815
1972 2819
1972 2830
1980 2825
1984 2871
1985 2828
1985 2830
1985 2834
1991 2805
1991 2809
1991 2814
1991 2828
1991 2830
1991 2834
1991 2856
1794 2828
2009 2809
2009 2830
2038 2877
2062 2877
2065 2871
2072 2801
2072 2809
2072 2814
2072 2815
2072 2834
2072 2838
2085 2834
2093 2830
2102 2815
2109 2859
2111 2871
2114 2815
2114 2830
2115 2871
2118 2805
2118 2811
2118 2822
2118 2828
2118 2851
2118 2856
2120 2811
2120 2834
2133 2805
2133 2809
2133 2814
2133 2815
2133 2828
2133 2834
2133 2838
2133 2877
2133 2880
2135 2830
2135 2844
2135 2851
2145 2811
2145 2822
2145 2831
2145 2871
2172 2801
2172 2877
2174 2801
2174 2809
2174 2821
2174 2825
2174 2828
2174 2838
2174 2877
2176 2856
2186 2814
2209 2805
2209 2819
2225 2856
2234 2856
2231 2801
2231 2818
2231 2821
2231 2825
2229 2830
2229 2856
2233 2801
2233 2809
2236 2830
2236 2856
2237 2811
2237 2815
2237 2819
2237 2830
2237 2831
2237 2871
2249 2851
2251 2814
2251 2815
2254 2805
2255 2815
2256 2805
2256 2809
2256 2814
2256 2815
2256 2818
2256 2821
2256 2825
2256 2828
2256 2844
2256 2859
2256 2877
2258 2859
2258 2871
2264 2834
2264 2856
2290 2819
2289 2811
2294 2856
2297 2801
2297 2856
2297 2859
2297 2871
2299 2809
2299 2851
2322 2814
2323 2815
2323 2838
2323 2859
2326 2819
2326 2859
2326 2871
2328 2805
2328 2809
2328 2814
2328 2818
2328 2821
2328 2825
2328 2834
2328 2877
2340 2809
2272 2877
2364 2819
2365 2801
2365 2856
2365 2859
2369 2822
2371 2815
2371 2830
2371 2856
2371 2877
2371 2880
2375 2828
2375 2880
2379 2859
2384 2822
2384 2871
2387 2822
2398 2871
2410 2825
2411 2809
2411 2859
2113 2880
2427 2880
2435 2801
2435 2809
2472 2805
2472 2809
2472 2814
2472 2815
2472 2828
2472 2830
2472 2834
2472 2877
2473 2805
2473 2809
2473 2814
2473 2815
2473 2818
2473 2821
2473 2825
2473 2828
2473 2830
2473 2834
2473 2856
2476 2815
2476 2830
2476 2856
2485 2819
2485 2830
2485 2831
2485 2856
2485 2871
2485 2877
2504 2830
2506 2859
2506 2871
2507 2805
2507 2828
2507 2834
2507 2844
2507 2856
2509 2801
2510 2801
2510 2805
2510 2828
2510 2834
2535 2805
2541 2818
2541 2821
2542 2805
2542 2819
2542 2828
2542 2834
2542 2859
2542 2871
2546 2801
2546 2828
2547 2819
2549 2877
2550 2834
899 2801
899 2805
899 2809
899 2814
899 2818
899 2821
899 2828
899 2834
2555 2801
2555 2809
2555 2828
2557 2801
2557 2805
2557 2809
2557 2814
2557 2815
2557 2828
2557 2834
2557 2871
2557 2877
2557 2880
2559 2805
2559 2809
2559 2828
2559 2856
2559 2859
2560 2809
2560 2859
2561 2809
2565 2805
2565 2809
2565 2811
2565 2814
2565 2815
2565 2819
2565 2822
2565 2825
2565 2828
2565 2830
2565 2831
2565 2834
2565 2838
2565 2844
2565 2851
2565 2856
2565 2859
2565 2871
2565 2877
2565 2880
2576 2805
2576 2809
2576 2814
2576 2822
2576 2825
2576 2828
2576 2871
2576 2877
2576 2880
2593 2801
2593 2805
2593 2809
2593 2844
2594 2831
2596 2805
2474 2805
2474 2809
2474 2811
2474 2814
2474 2815
2474 2825
2474 2828
2474 2830
2474 2834
2474 2856
2474 2877
2605 2871
2608 2814
2608 2828
2609 2805
2612 2877
2613 2811
2617 2814
2623 2838
2646 2830
2646 2877
2647 2814
2651 2811
2651 2814
2651 2819
2651 2838
2651 2871
2653 2871
2659 2859
2674 2819
2674 2830
2674 2851
2683 2828
2699 2871
2700 2819
2700 2859
2686 2819
2686 2851
2686 2856
2702 2830
2702 2856
2702 2880
2703 2819
2688 2819
2688 2822
2688 2830
2688 2831
2688 2856
2688 2859
2688 2871
2704 2838
2704 2856
2660 2819
2660 2830
2660 2831
2660 2856
2660 2871
2667 2831
2691 2859
2691 2871
2693 2819
2693 2822
2693 2831
2740 2805
2740 2809
2740 2814
2740 2828
2740 2834
2746 2814
2746 2825
2746 2844
2765 2819
2765 2859
2768 2805
2768 2809
2768 2815
2768 2834
2768 2877
2774 2801
2775 2871
2778 2801
2778 2821
2778 2877
2778 2880
2788 2801
2790 2838
2790 2856
2791 2877
2792 2834
2792 2880
2802 2805
2803 2805
2804 2805
2807 2809
2808 2809
2813 2814
2544 2814
2818 2821
2817 2818
2817 2821
2819 2821
2819 2825
2822 2834
2822 2856
2822 2880
2823 2825
2654 2819
2654 2825
2654 2856
2654 2859
2824 2825
2830 2877
2831 2834
2832 2811
2832 2834
2833 2834
2833 2880
2840 2877
2844 2880
2851 2856
2851 2871
2855 2856
2859 2871
2866 2877
2862 2880
2863 2877
2863 2880
2871 2815
2871 2819
2871 2880
2872 2838
2872 2877
2875 2877
2876 2877
2879 2880
2881 2880
2882 2880
2883 2822
2883 2880
2884 2880
2885 2880
2900 2815
2925 2877
2928 2877
2929 2877
2930 2877
2932 2877
2931 2877
2933 2877
2935 2811
2935 2871
2940 2851
2936 2815
2948 2830
2948 2856
2950 2815
2953 2871
2958 2830
2958 2856
2964 2859
2967 2859
2967 2871
2972 2811
2972 2822
2972 2831
2972 2859
2972 2871
2978 2830
2987 2830
2988 2819
2998 2830
2999 2822
3000 2819
3000 2856
3006 2856
3010 2815
3011 2815
2707 2856
3020 2830
3020 2856
3026 2819
3026 2859
3026 2871
3027 2831
3028 2859
3028 2871
3032 2811
3032 2859
3033 2819
3033 2830
3033 2856
3033 2859
3034 2871
2713 2819
2713 2859
3056 2819
3057 2822
3062 2830
3062 2856
3072 2856
3073 2819
3090 2871
3092 2831
3098 2856
3095 2830
3103 2822
2842 2819
2842 2830
2842 2859
3118 2830
3119 2830
3120 2830
3144 2819
3144 2856
3144 2871
3148 2819
3168 2859
3180 2856
3192 2831
3192 2871
3191 2822
3191 2831
3191 2856
3196 2856
3197 2856
3198 2856
3199 2856
3200 2856
3227 2819
3258 2871
3274 2811
3274 2851
3291 2819
3315 2859
3290 2831
3326 2871
3345 2819
3350 2831
3350 2871
3352 2819
3352 2822
3352 2859
3352 2871
3375 2859
3381 2819
3381 2851
3388 2871
3392 2822
3402 2819
3402 2822
3402 2831
3036 2819
3404 2819
3404 2822
3390 2822
3417 2822
3433 2811
3439 2819
3439 2871
3447 2822
3447 2831
3447 2871
3449 2811
3449 2822
3449 2831
3449 2851
3449 2871
3450 2871
3451 2811
3451 2871
3452 2831
3452 2871
3453 2811
3453 2822
3453 2831
3453 2871
3454 2811
3454 2859
3454 2871
3455 2871
3456 2811
3456 2822
3456 2831
3456 2871
3457 2811
3457 2822
3457 2851
3457 2871
3458 2871
3461 2811
3462 2822
3462 2871
3463 2811
3463 2871
3472 2811
3483 2831
3496 2859
3519 2831
3519 2871
3522 2851
3541 2859
3568 2822
3568 2831
3568 2859
3568 2871
3593 2822
3593 2851
3607 2851
3614 2822
3614 2831
3614 2859
3615 2859
3615 2871
3624 2831
3624 2871
3631 2859
3634 2831
3639 2871
3641 2822
3641 2831
3641 2851
3641 2859
3645 2859
3659 2859
3666 2831
3666 2859
3666 2871
3682 2859
3691 2822
3714 2859
3724 2859
3571 2851
3571 2871
3748 2871
3749 2871
3752 2871
3770 2851
3787 2871
3796 2811
3796 2871
3798 2859
3806 2871
3812 2811
3812 2822
3812 2871
3813 2831
3814 2859
3854 2871
3912 2838
3916 2871
3920 2871
3949 2859
3956 2859
3960 2831
3962 2859
3969 2822
3973 2859
3976 2871
3985 2811
3898 2859
4007 2859
4036 2831
4036 2859
4040 2871
4042 2859
4044 2811
4044 2871
4045 2811
4045 2851
4045 2871
4046 2871
4056 2871
4077 2811
4077 2822
4077 2831
4065 2859
4065 2871
4070 2822
4070 2859
4071 2822
4072 2859
4073 2811
4073 2859
4073 2871
4074 2859
4074 2871
4111 2871
4076 2859
4123 2811
4124 2811
4127 2871
4138 2831
4138 2859
4144 2859
4151 2871
4152 2871
3819 2859
4184 2859
4185 2859
4186 2859
4187 2859
4211 2811
4219 2811
4219 2822
4219 2831
4219 2871
4222 2871
4252 2811
4276 2822
4276 2831
4315 2871
4353 2822
4353 2831
4355 2822
4355 2831
4363 2871
4377 2871
4379 2871
4415 2871
4426 2871
4427 2871
4428 2871
4429 2871
4430 2871
4431 2871
4432 2851
4432 2871
4433 2871
4434 2871
4435 2871
4436 2871
4437 2811
4437 2851
4437 2871
4438 2871
4439 2871
4440 2871
4441 2811
4441 2822
4441 2871
4442 2871
4443 2871
4444 2871
4445 2871
4446 2871
4447 2871
4448 2822
4448 2871
4536 2831
4550 2822
4550 2831
4564 2811
4600 2822
4653 2822
4653 2831
4661 2811
4682 2811
4688 2811
4717 2831
4718 2822
4712 2831
4712 2851
4725 2811
4748 2822
4813 2831
4824 2831
4829 2822
4894 2822
4899 2822
4899 2831
4943 2851
4948 2822
4948 2831
4967 2822
4967 2831
4938 2822
4970 2822
5002 2851
5008 2831
5009 2822
5020 2822
5029 2822
5079 2831
5099 2831
5106 2822
5106 2851
5103 2851
5110 2822
4828 2822
5155 2822
5175 2831
5176 2822
5176 2831
4310 2822
4310 2831
4310 2851
5179 2851
5181 2831
5184 2822
5184 2831
5188 2831
5189 2822
5189 2831
5190 2831
5246 2822
5263 2831
5286 2822
5296 2822
5316 2831
5365 2822
5366 2822
5367 2822
5445 2851
5474 2831
5482 2831
5487 2831
5462 2831
5524 2851
5534 2831
5535 2831
5536 2831
5537 2831
5543 2851
5582 2851
5714 2851
5796 2851
5802 2851
5814 2851
5816 2851
5821 2851
5857 2851
5922 2851
6032 2851
6241 2851
6270 2851
6280 2851
6305 2851
6323 2851
6327 2851
6443 2851
6484 2851
6486 2851
6518 2851
6555 2851
6619 2851
6615 2851
6622 2851
6624 2851
6714 2851
6620 2851
6902 2851
6914 2851
6906 2851
6907 2851
6941 2851
6976 2851
7052 2851
7086 2851
7092 2851
7104 2851
7106 2851
7132 2851
7139 2851
6994 2851
5143 2851
7251 2851
7252 2851
7253 2851
