6 1501
6 1506
6 1507
6 1513
6 1514
6 1518
6 1524
6 1525
6 1531
6 1532
6 1533
6 1538
6 1549
6 1555
6 1556
6 1557
6 1563
6 1569
6 1573
6 1587
6 1597
9 1525
9 1580
11 1501
11 1506
11 1507
11 1513
11 1514
11 1518
11 1520
11 1521
11 1524
11 1525
11 1531
11 1532
11 1533
11 1534
11 1538
11 1542
11 1547
11 1549
11 1550
11 1555
11 1556
11 1557
11 1565
11 1566
11 1583
11 1585
11 1592
12 1573
16 1580
17 1513
20 1501
20 1513
20 1569
20 1585
20 1597
23 1538
23 1593
24 1501
24 1538
24 1542
24 1547
24 1548
24 1549
24 1566
24 1585
36 1506
36 1513
36 1518
36 1524
36 1538
36 1549
36 1555
36 1566
36 1585
42 1548
45 1507
45 1513
46 1542
46 1565
46 1593
47 1514
47 1564
47 1573
47 1585
49 1550
29 1548
29 1549
56 1549
59 1595
60 1521
72 1538
72 1549
72 1573
72 1597
78 1513
78 1514
77 1550
77 1563
86 1514
86 1525
86 1569
86 1585
71 1513
71 1518
71 1549
71 1573
71 1585
71 1593
87 1549
87 1573
87 1585
90 1569
90 1596
106 1595
68 1549
68 1592
109 1521
109 1538
120 1569
122 1549
113 1513
113 1563
113 1565
113 1597
128 1524
128 1538
128 1549
128 1556
128 1557
136 1549
136 1564
138 1597
139 1507
143 1506
143 1569
143 1573
143 1593
147 1566
145 1569
151 1520
154 1514
157 1556
161 1585
171 1501
171 1524
171 1532
171 1549
171 1556
172 1549
172 1571
173 1501
173 1506
173 1514
173 1518
173 1520
173 1524
173 1525
173 1531
173 1534
173 1537
173 1542
173 1547
173 1550
173 1556
173 1563
173 1565
173 1566
173 1580
173 1583
173 1585
173 1587
173 1593
173 1595
74 1583
176 1520
176 1531
176 1537
176 1593
177 1514
177 1592
177 1593
180 1542
182 1525
182 1569
166 1585
187 1573
199 1520
215 1514
215 1521
226 1569
226 1573
232 1563
255 1538
255 1573
263 1573
270 1585
280 1585
282 1501
282 1597
290 1514
290 1593
304 1514
304 1534
306 1501
306 1506
306 1518
306 1524
306 1537
306 1538
306 1556
306 1573
306 1585
306 1587
306 1595
308 1506
308 1513
308 1525
308 1538
308 1566
308 1585
308 1587
308 1593
310 1501
310 1514
310 1518
310 1520
310 1538
310 1573
310 1585
311 1514
311 1521
311 1525
311 1534
311 1538
311 1547
311 1549
311 1580
311 1583
311 1585
311 1587
311 1592
311 1593
311 1597
312 1520
312 1556
312 1573
312 1580
312 1595
313 1538
313 1549
313 1593
313 1597
315 1593
317 1506
317 1518
317 1520
317 1524
317 1538
317 1555
317 1556
317 1573
317 1585
317 1593
319 1514
319 1537
319 1566
319 1573
319 1580
319 1587
319 1593
335 1513
335 1573
339 1506
339 1525
346 1564
371 1573
376 1518
395 1506
395 1593
399 1513
403 1521
404 1521
407 1525
407 1534
407 1566
407 1573
407 1585
325 1549
427 1593
423 1593
425 1549
432 1524
432 1531
432 1542
457 1507
457 1514
457 1520
457 1524
457 1531
457 1533
457 1534
457 1537
457 1538
457 1547
457 1549
457 1555
457 1556
457 1563
457 1566
457 1569
457 1573
457 1580
457 1585
457 1593
457 1596
546 1547
546 1571
554 1566
556 1542
588 1547
600 1514
600 1521
600 1548
600 1549
600 1555
600 1564
600 1585
633 1573
633 1580
633 1593
634 1514
634 1537
634 1564
634 1585
635 1566
636 1524
647 1547
637 1573
643 1534
644 1524
644 1585
644 1593
650 1507
650 1592
664 1513
664 1569
663 1525
663 1538
663 1573
686 1514
686 1518
686 1524
686 1533
686 1534
686 1538
695 1521
695 1580
695 1585
699 1573
699 1585
704 1501
704 1514
704 1595
706 1501
706 1514
706 1520
706 1569
706 1573
706 1585
706 1593
706 1597
707 1506
707 1514
707 1518
707 1521
707 1525
707 1532
707 1537
707 1538
707 1542
707 1556
707 1563
707 1564
707 1573
707 1580
707 1587
707 1593
710 1514
710 1525
710 1564
710 1585
710 1593
712 1525
712 1555
712 1585
712 1595
722 1525
722 1534
722 1537
722 1556
722 1566
722 1573
722 1593
722 1596
722 1597
727 1569
730 1506
697 1513
697 1548
697 1569
697 1595
759 1534
759 1580
763 1520
766 1514
766 1538
766 1550
766 1571
766 1585
762 1569
769 1566
769 1580
769 1592
769 1597
775 1585
788 1585
788 1587
781 1514
781 1564
784 1513
784 1514
784 1525
784 1534
784 1549
784 1573
784 1585
789 1506
789 1521
789 1525
789 1542
789 1547
789 1549
789 1564
789 1565
789 1585
789 1592
791 1506
791 1597
794 1557
794 1564
794 1569
794 1573
795 1501
795 1524
795 1549
795 1587
795 1595
796 1550
805 1501
805 1506
805 1514
805 1542
805 1573
805 1580
805 1593
810 1514
810 1597
811 1531
813 1521
813 1525
813 1534
813 1542
813 1547
813 1549
813 1565
813 1566
813 1571
813 1585
813 1597
822 1566
820 1506
820 1514
826 1506
826 1507
826 1513
826 1514
826 1518
826 1520
826 1521
826 1531
826 1532
826 1533
826 1534
826 1537
826 1538
826 1556
826 1557
826 1563
826 1565
826 1566
826 1571
826 1573
826 1585
826 1595
826 1596
826 1597
825 1549
836 1525
841 1521
854 1532
854 1538
854 1549
854 1557
854 1564
854 1596
856 1521
856 1596
859 1547
865 1525
865 1549
865 1563
865 1573
869 1547
870 1514
870 1520
870 1555
870 1569
870 1573
871 1506
871 1513
871 1518
871 1524
871 1532
871 1538
879 1549
882 1569
885 1556
885 1563
895 1569
904 1513
904 1525
904 1542
904 1547
904 1549
915 1580
916 1569
918 1525
928 1514
928 1564
935 1534
937 1549
937 1585
941 1514
941 1521
941 1538
941 1555
941 1564
941 1580
941 1587
941 1593
941 1596
943 1518
943 1538
946 1521
946 1549
946 1565
946 1585
946 1596
948 1534
949 1573
949 1580
954 1564
960 1564
933 1514
968 1592
970 1518
971 1501
971 1514
971 1525
971 1538
971 1555
971 1557
971 1573
978 1514
978 1564
978 1585
981 1593
986 1532
986 1549
986 1573
988 1549
988 1571
993 1501
993 1506
993 1514
993 1520
993 1533
993 1534
993 1537
993 1538
993 1542
993 1547
993 1549
993 1555
993 1556
993 1557
993 1565
993 1566
993 1573
993 1580
993 1583
993 1585
993 1587
994 1549
996 1521
996 1542
996 1547
996 1565
996 1571
996 1592
998 1597
1005 1573
1000 1501
1000 1525
1006 1506
1006 1514
1006 1518
1006 1524
1006 1534
1006 1538
1006 1547
1006 1555
1006 1556
1006 1573
1006 1583
1006 1585
1006 1587
1006 1593
1006 1595
1006 1597
1009 1514
1024 1549
1024 1592
1029 1506
1029 1507
1029 1513
1029 1520
1029 1524
1029 1531
1029 1533
1029 1537
1029 1538
1029 1555
1029 1556
1029 1557
1029 1573
1029 1580
1029 1587
1031 1549
1032 1506
1032 1520
1032 1556
1034 1585
1034 1595
1035 1547
1039 1585
1037 1514
1037 1520
1037 1549
1037 1571
1037 1585
1037 1592
1041 1514
1041 1585
1042 1592
1046 1537
1046 1580
1050 1549
1051 1592
1055 1514
1055 1531
1055 1538
1055 1549
1055 1555
1055 1564
1055 1569
1055 1573
1055 1585
1055 1587
1055 1593
1055 1597
1062 1521
1062 1534
1062 1566
1062 1583
1075 1525
1075 1537
1075 1548
1082 1506
1095 1542
1097 1521
1097 1549
1097 1564
1097 1573
1097 1595
1098 1514
1098 1521
1098 1542
1098 1549
1098 1565
1098 1583
1099 1542
1111 1542
1111 1548
1111 1583
1124 1564
1125 1564
1125 1585
1128 1525
1128 1564
1128 1569
1127 1507
1127 1525
1127 1593
1129 1514
1129 1537
1129 1538
1129 1556
1129 1557
1129 1563
1129 1569
1129 1573
1129 1580
1129 1585
1133 1549
1133 1555
1133 1587
1135 1501
1135 1534
1135 1555
1135 1580
1135 1585
1137 1514
1137 1521
1137 1524
1137 1534
1137 1549
1137 1564
1137 1566
1137 1585
1137 1592
1142 1525
1142 1592
1142 1597
1068 1534
1150 1583
1151 1521
1151 1537
1151 1542
1151 1547
1151 1549
1151 1550
1151 1555
1151 1565
1151 1566
1151 1571
1151 1583
1151 1585
1151 1592
1151 1597
922 1501
922 1506
922 1514
922 1520
922 1525
922 1538
922 1549
922 1550
922 1555
922 1557
922 1564
922 1565
922 1573
922 1580
922 1585
922 1587
922 1593
922 1595
922 1597
1164 1513
1164 1514
1164 1549
1164 1569
1164 1573
1166 1521
1166 1547
1166 1548
1166 1549
1166 1566
1166 1571
1166 1585
1166 1592
1167 1501
1167 1514
1167 1538
1167 1563
1167 1580
1167 1585
1167 1593
1183 1592
1185 1525
1185 1585
1193 1518
1193 1595
1200 1592
1201 1514
1201 1580
1201 1593
1202 1514
1202 1525
1202 1531
1202 1547
1202 1555
1202 1580
1202 1585
1202 1597
1203 1549
1210 1514
1210 1534
1210 1547
1210 1549
1210 1565
1210 1585
1210 1592
1211 1514
1211 1521
1211 1585
1215 1521
1215 1534
1215 1549
1221 1518
1221 1524
1221 1538
1221 1566
1221 1571
1221 1585
1221 1587
1230 1514
1230 1564
1230 1587
1234 1538
1234 1580
1234 1587
1236 1514
1236 1518
1236 1520
1236 1521
1236 1525
1236 1538
1236 1549
1236 1555
1236 1593
1243 1593
1241 1514
1241 1549
1242 1555
1247 1514
1247 1580
1247 1585
1248 1525
1248 1587
1253 1501
1253 1513
1253 1566
1253 1596
1253 1597
1259 1571
1261 1514
1267 1514
1267 1521
1267 1534
1267 1566
1278 1532
1278 1538
1278 1563
1278 1580
1279 1506
1279 1507
1279 1513
1279 1518
1279 1520
1279 1524
1279 1525
1279 1531
1279 1538
1279 1549
1279 1555
1279 1563
1279 1573
1279 1580
1279 1587
1279 1595
1279 1597
1284 1534
1284 1585
1290 1518
1290 1573
1290 1580
1291 1506
1291 1549
1293 1507
1293 1513
1293 1531
1293 1532
1293 1542
1297 1514
1297 1564
1297 1585
1299 1525
1305 1556
1305 1563
1305 1571
1305 1587
1305 1592
1305 1593
1305 1595
1305 1596
1306 1514
1315 1566
1319 1521
1319 1531
1319 1537
1319 1538
1319 1549
1319 1556
1319 1566
1319 1569
1319 1573
1319 1585
1319 1593
1319 1595
1319 1596
1335 1521
1335 1555
1339 1585
1339 1593
1342 1564
1350 1506
1350 1514
1350 1520
1350 1533
1350 1534
1350 1538
1350 1547
1350 1555
1350 1566
1350 1585
1350 1596
1350 1597
1352 1514
1352 1531
1352 1534
1352 1555
1352 1556
1352 1566
1352 1573
1352 1580
1352 1583
1352 1585
1353 1548
1356 1595
1357 1513
1357 1514
1357 1518
1357 1525
1357 1538
1357 1571
1357 1580
1357 1585
1357 1593
1358 1549
1367 1538
1367 1571
1368 1542
1374 1506
1374 1521
1374 1534
1374 1549
1374 1573
1374 1580
1374 1585
1377 1514
1377 1518
1377 1569
1377 1597
1380 1513
1380 1518
1380 1538
1380 1547
1380 1573
1381 1514
1381 1566
1384 1549
1384 1564
1384 1593
1385 1593
1386 1518
1386 1525
1386 1534
1386 1555
1386 1566
1386 1585
1386 1595
1392 1525
1395 1501
1395 1514
1395 1534
1395 1538
1395 1547
1395 1550
1395 1555
1395 1566
1395 1580
1395 1583
1395 1597
1420 1525
1420 1587
1419 1521
1419 1564
1423 1569
1423 1573
1424 1549
1424 1556
1424 1563
1424 1593
1424 1595
1428 1514
1428 1520
1428 1521
1428 1534
1428 1549
1428 1555
1428 1566
1428 1583
1428 1585
1184 1538
1184 1564
1184 1585
1439 1518
1439 1538
1441 1514
1441 1525
1442 1525
1442 1538
1442 1555
1447 1593
1462 1549
1462 1569
1463 1596
1466 1538
1466 1593
1466 1597
1470 1501
1470 1555
1470 1585
1471 1501
1471 1514
1471 1532
1471 1556
1471 1581
1480 1514
1480 1534
1480 1585
1482 1514
1482 1547
1482 1580
1482 1585
1483 1507
1483 1514
1483 1525
1483 1537
1483 1538
1483 1555
1483 1573
1483 1580
1483 1595
1487 1501
1487 1520
1487 1525
1487 1534
1487 1549
1489 1514
1489 1520
1489 1538
1489 1555
1489 1563
1489 1573
1489 1583
1489 1593
1489 1596
1492 1506
1492 1518
1492 1520
1492 1525
1492 1534
1492 1537
1492 1538
1492 1550
1492 1555
1492 1580
1492 1585
1492 1587
1492 1593
1492 1595
1492 1597
1495 1514
1496 1501
1496 1514
1496 1521
1496 1555
1496 1571
1496 1585
1496 1593
1497 1531
1497 1538
1497 1550
1497 1556
1497 1573
1497 1580
1497 1593
1499 1547
1499 1573
1499 1580
1499 1597
1500 1538
1500 1569
1501 1514
1501 1564
1506 1520
1506 1524
1506 1531
1506 1556
1502 1506
1503 1506
1503 1563
1504 1506
1504 1513
1504 1533
1505 1506
1510 1513
1510 1518
1510 1524
1510 1531
1510 1538
1510 1556
1510 1563
1512 1513
1521 1514
1521 1583
1521 1585
1522 1514
1522 1521
1522 1534
1522 1592
1523 1524
1525 1514
1525 1520
1528 1531
1538 1514
1538 1534
1538 1555
1538 1564
1534 1538
1535 1538
1536 1538
1537 1514
1537 1538
1537 1549
1542 1549
1542 1565
1552 1534
1552 1549
1552 1566
1553 1514
1553 1525
1547 1549
1547 1573
1547 1593
1549 1501
1549 1510
1549 1514
1549 1521
1549 1534
1549 1547
1549 1555
1549 1565
1549 1566
1549 1571
1549 1580
1549 1583
1549 1585
1549 1592
1549 1597
1550 1549
1550 1596
1555 1514
1555 1556
1555 1557
1555 1563
1555 1587
1555 1597
1554 1556
1554 1563
1558 1563
1559 1563
1560 1563
1570 1569
1572 1569
1572 1581
1574 1537
1575 1537
1578 1580
1579 1580
1582 1521
1583 1542
1583 1549
1587 1585
1584 1587
1585 1520
1585 1547
1585 1564
1585 1587
1589 1596
1590 1593
1591 1593
1592 1593
1594 1514
1594 1534
1594 1549
1594 1555
1594 1566
1594 1585
1594 1595
1596 1550
1596 1597
1571 1510
1571 1514
1571 1585
1605 1520
1605 1525
1608 1514
1608 1520
1608 1521
1608 1525
1608 1534
1608 1542
1608 1549
1608 1565
1608 1566
1608 1583
1608 1585
1608 1592
1610 1555
1611 1596
1613 1520
1614 1514
1614 1525
1614 1549
1614 1583
1614 1592
1615 1501
1615 1514
1615 1520
1615 1525
1615 1534
1615 1549
1615 1550
1615 1555
1615 1566
1615 1585
1530 1566
1621 1514
1621 1521
1621 1583
1622 1514
1622 1549
1622 1585
1623 1555
1623 1565
1625 1525
1627 1525
1626 1525
1628 1514
1628 1542
1639 1592
1644 1521
1646 1585
1655 1520
1656 1520
1564 1555
1663 1564
1647 1548
1686 1501
1687 1501
1692 1514
1691 1566
1693 1566
1701 1549
1697 1555
1700 1521
1700 1555
1700 1564
1700 1585
1705 1542
1705 1565
1705 1566
1705 1596
1717 1585
1719 1596
1730 1549
1730 1565
1733 1514
1733 1549
1734 1521
1734 1585
1748 1521
1748 1549
1748 1592
1749 1565
1756 1514
1756 1534
1756 1547
1756 1550
1762 1555
1764 1564
1767 1534
1769 1549
1769 1585
1772 1514
1772 1521
1772 1549
1772 1550
1772 1555
1772 1564
1772 1585
1759 1514
1751 1549
1783 1542
1792 1521
1795 1549
1795 1571
1803 1549
1808 1514
1808 1521
1808 1549
1808 1564
1808 1566
1808 1585
1813 1549
1814 1596
1820 1514
1820 1521
1821 1514
1822 1514
1822 1585
1823 1514
1835 1592
1836 1585
1837 1542
1837 1566
1838 1585
1830 1542
1831 1542
1868 1583
1885 1534
1885 1549
1894 1534
1895 1534
1896 1534
1896 1549
1908 1566
1918 1542
1918 1565
1919 1521
1919 1542
1919 1547
1919 1550
1919 1566
1919 1583
1919 1585
1922 1521
1922 1549
1922 1571
1925 1542
1931 1542
1937 1548
1935 1548
1962 1550
1966 1585
1965 1566
1972 1549
1972 1571
1972 1596
1977 1565
1980 1585
1985 1549
1986 1585
1990 1549
1991 1521
1997 1542
1997 1547
1997 1585
2033 1548
2054 1564
2056 1550
2057 1550
2058 1550
2061 1585
2062 1542
2062 1565
2062 1566
2062 1583
2062 1585
2063 1564
2063 1585
2065 1549
2072 1521
2072 1542
2072 1547
2072 1583
2072 1592
2072 1596
2085 1521
2093 1564
2093 1566
2099 1547
2099 1565
2102 1549
2102 1596
2118 1547
2118 1565
2118 1566
2118 1571
2120 1549
2120 1596
2125 1566
2133 1521
2133 1547
2133 1565
2133 1596
2145 1549
2156 1549
2160 1549
2169 1521
2174 1564
2174 1583
2174 1592
2188 1548
2209 1564
2225 1564
2226 1571
2231 1596
2229 1549
2229 1564
2233 1547
2237 1549
2240 1549
2240 1565
2249 1565
2251 1542
2252 1549
2255 1547
2255 1565
2256 1521
2256 1549
2256 1564
2256 1565
2256 1592
2256 1596
2258 1549
2264 1549
2282 1542
2283 1542
2290 1549
2297 1571
2299 1549
2322 1547
2323 1549
2323 1571
2324 1565
2326 1549
2326 1571
2328 1521
2328 1547
2328 1549
2328 1564
2272 1521
2357 1521
2357 1547
2365 1521
2365 1571
2371 1596
2375 1521
2375 1564
2381 1549
2398 1549
2398 1571
2411 1571
2411 1596
2435 1564
2435 1592
2472 1521
2472 1549
2472 1592
2473 1521
2473 1596
2485 1549
2485 1571
2485 1596
2502 1549
2535 1549
2541 1549
2542 1549
2546 1549
2547 1549
2547 1596
2550 1549
899 1592
2566 1549
2557 1596
2560 1549
2560 1571
2560 1596
2565 1548
2565 1549
2565 1571
2565 1596
2585 1549
2593 1521
2595 1548
2474 1549
2474 1592
2612 1548
2618 1549
2623 1571
2619 1549
2620 1564
2646 1596
2647 1521
2647 1564
2651 1549
2651 1571
2653 1549
2672 1521
2672 1564
2674 1549
2674 1571
2677 1549
2700 1571
2686 1571
2703 1571
2688 1549
2688 1571
2667 1548
2693 1549
2693 1571
2697 1549
2709 1564
2711 1564
2719 1549
2727 1521
2728 1521
2746 1549
2768 1596
2772 1592
2773 1592
2774 1592
2790 1549
2790 1571
2819 1549
2654 1549
2832 1596
2833 1549
2871 1548
2871 1571
2871 1596
2872 1549
2900 1549
2900 1571
2904 1549
2925 1596
2932 1549
2940 1571
2950 1596
2967 1549
2967 1571
2972 1549
2982 1596
2983 1596
3005 1549
3010 1549
2707 1549
3026 1548
3027 1549
3031 1571
3033 1571
2713 1549
2713 1571
3056 1571
3055 1549
3057 1571
3094 1549
2842 1549
2842 1571
3148 1549
3175 1549
3190 1548
3196 1571
3256 1549
3260 1549
3274 1548
3274 1549
3275 1571
3276 1549
3290 1571
3333 1571
3334 1571
3345 1571
3349 1571
3352 1549
3352 1571
3379 1571
3381 1571
3392 1549
3394 1549
3402 1549
3445 1549
3439 1571
3447 1549
3453 1549
3454 1549
3456 1549
3459 1549
3461 1548
3462 1548
3466 1549
3498 1571
3519 1549
3562 1549
3569 1549
3615 1549
3631 1549
3633 1549
3641 1549
3642 1548
3666 1548
3666 1549
3682 1549
3705 1549
3719 1549
3728 1549
3735 1549
3764 1549
3770 1549
3786 1549
3787 1549
3806 1548
3830 1549
3890 1548
3956 1549
3961 1549
3965 1549
3976 1549
3991 1549
3992 1549
2981 1549
4072 1549
4099 1548
4099 1549
4124 1549
4150 1548
4151 1549
4276 1548
4308 1548
4486 1549
4550 1549
4632 1548
4662 1549
4746 1548
4765 1548
4796 1548
4870 1548
4967 1549
5002 1549
5022 1549
5020 1548
5020 1549
5079 1549
4828 1549
5166 1549
5176 1548
5179 1549
5188 1549
5189 1548
5189 1549
5317 1548
5391 1549
5445 1549
5468 1548
5485 1548
5462 1548
5501 1548
5524 1549
5531 1548
5531 1549
5532 1549
5540 1548
5541 1548
5543 1549
5582 1549
5612 1549
5692 1549
5697 1549
5714 1549
5796 1549
5814 1549
5816 1549
5817 1549
5862 1549
6032 1549
6204 1549
6272 1549
6305 1549
6346 1549
6359 1549
6494 1549
6523 1549
6615 1549
6609 1549
6790 1549
6620 1549
6912 1549
6941 1549
6951 1549
