6 1982
7 1919
9 1966
11 1901
11 1903
11 1908
11 1919
11 1920
11 1927
11 1953
11 1956
11 1963
11 1964
11 1965
11 1966
11 1969
11 1973
11 1977
11 1979
11 1983
11 1985
11 1987
11 1990
11 1991
11 1992
11 1997
14 1927
14 1966
20 1919
20 1965
20 1966
24 1901
24 1903
24 1927
24 1953
24 1956
24 1963
24 1966
24 1969
24 1977
24 1987
28 1964
36 1956
36 1964
36 1969
36 1997
42 1903
42 1977
42 1997
44 1919
44 1920
44 1953
44 1956
47 1956
47 1965
47 1966
47 1983
58 1966
59 1918
60 1956
72 1982
75 1956
86 1987
71 1915
71 1918
71 1956
71 1966
87 1956
87 1965
90 1956
94 1956
103 1982
68 1919
109 1969
109 1982
110 1964
122 1965
122 1984
122 1990
122 1992
127 1918
127 1956
128 1918
128 1950
128 1973
132 1956
136 1918
136 1956
136 1982
136 1984
147 1955
154 1956
163 1965
172 1919
172 1972
173 1901
173 1903
173 1908
173 1956
173 1977
173 1983
173 1985
173 1991
173 1997
74 1927
178 1966
180 1956
182 1919
166 1935
166 1956
166 1990
191 1969
203 1956
125 1966
215 1903
215 1964
215 1966
222 1919
226 1997
244 1920
244 1973
237 1956
255 1956
255 1966
255 1992
259 1956
270 1965
275 1918
275 1956
275 1992
275 1997
280 1956
290 1908
290 1918
290 1927
290 1956
290 1966
290 1973
290 1977
304 1903
304 1927
304 1950
304 1953
304 1963
304 1966
304 1969
304 1984
306 1935
306 1964
306 1965
306 1984
306 1992
308 1956
308 1966
310 1901
310 1903
310 1966
310 1977
310 1979
310 1992
311 1919
311 1956
311 1964
311 1965
311 1966
311 1973
311 1977
311 1992
311 1997
312 1953
312 1963
312 1966
312 1969
313 1918
319 1908
319 1919
319 1987
319 1991
346 1915
371 1956
371 1966
376 1992
395 1919
395 1956
407 1903
407 1908
407 1918
407 1927
407 1953
407 1955
407 1956
407 1963
407 1966
407 1969
407 1973
407 1979
407 1987
407 1991
407 1997
423 1956
425 1982
432 1927
432 1963
432 1964
412 1919
447 1997
457 1908
457 1915
457 1918
457 1953
457 1966
457 1969
457 1972
457 1973
457 1979
457 1982
457 1987
457 1990
457 1991
546 1901
546 1908
546 1927
546 1935
546 1953
546 1955
546 1956
546 1963
546 1966
546 1969
546 1973
546 1979
546 1982
546 1987
546 1990
556 1908
556 1919
556 1927
556 1953
556 1956
556 1963
556 1966
556 1969
556 1973
556 1990
588 1964
600 1919
600 1927
600 1956
600 1963
600 1977
600 1979
633 1966
634 1965
634 1966
634 1972
643 1919
643 1964
645 1919
650 1997
663 1956
663 1961
663 1966
667 1927
686 1903
686 1966
686 1973
689 1992
691 1953
691 1969
695 1901
695 1979
695 1983
699 1966
704 1903
704 1966
704 1987
706 1919
706 1956
706 1984
710 1956
710 1969
712 1927
722 1918
722 1956
722 1992
724 1935
727 1956
727 1961
737 1982
742 1983
697 1966
759 1956
763 1927
764 1956
764 1992
766 1915
766 1918
766 1919
766 1935
766 1956
766 1964
766 1966
766 1969
766 1971
766 1972
766 1982
766 1984
766 1990
766 1992
769 1919
788 1956
788 1964
784 1918
784 1919
784 1964
784 1966
784 1973
784 1987
789 1920
789 1956
789 1966
789 1969
789 1977
789 1979
805 1956
805 1969
813 1908
813 1915
813 1919
813 1927
813 1964
813 1987
813 1990
813 1991
813 1992
822 1908
820 1918
826 1908
826 1918
826 1919
826 1927
826 1953
826 1963
826 1966
826 1970
826 1973
826 1979
826 1984
826 1987
826 1991
826 1992
831 1927
836 1901
836 1997
842 1966
854 1983
861 1992
870 1953
870 1966
871 1919
871 1953
871 1966
879 1919
879 1990
469 1956
896 1901
904 1918
904 1920
904 1963
904 1973
904 1979
904 1997
915 1966
918 1927
935 1903
935 1965
937 1919
937 1956
941 1969
956 1966
960 1956
961 1956
961 1964
933 1966
971 1920
971 1950
971 1966
971 1973
975 1919
975 1997
978 1956
986 1966
988 1919
988 1964
988 1982
993 1901
993 1903
993 1908
993 1919
993 1963
993 1965
993 1966
993 1969
993 1987
993 1991
993 1997
996 1919
996 1956
996 1964
996 1977
996 1982
996 1992
996 1997
998 1956
1000 1918
1006 1920
1006 1950
1006 1953
1006 1983
1006 1984
1006 1985
1003 1956
1003 1966
1009 1920
1009 1927
1009 1963
1009 1966
1032 1997
1037 1918
1037 1966
1037 1982
1042 1992
1050 1920
1050 1927
1050 1963
1050 1966
1055 1918
1055 1935
1055 1956
1055 1982
1055 1990
1062 1901
1062 1964
1062 1985
1062 1992
1063 1901
1074 1972
1075 1927
1075 1953
1082 1903
1086 1991
1097 1919
1098 1919
1098 1956
1098 1963
1098 1964
1098 1969
1098 1973
1098 1982
1098 1991
1098 1992
1098 1997
1111 1927
1111 1977
1111 1997
1102 1903
1124 1992
1125 1919
1125 1992
1132 1903
1133 1984
1133 1990
1135 1918
1135 1963
1135 1965
1135 1966
1135 1977
1135 1997
1137 1903
1137 1908
1137 1919
1137 1956
1137 1991
1142 1956
1151 1918
1151 1919
1151 1956
1151 1961
1151 1964
1151 1965
1151 1969
1151 1977
1151 1979
1151 1983
1151 1985
1151 1991
1151 1992
1151 1997
922 1927
922 1963
922 1965
922 1969
922 1973
922 1979
922 1997
1164 1918
1164 1956
1164 1966
1165 1956
1166 1901
1166 1919
1166 1920
1166 1956
1166 1961
1166 1963
1166 1964
1166 1966
1166 1972
1166 1973
1166 1977
1166 1982
1166 1983
1166 1984
1166 1985
1166 1987
1166 1990
1166 1992
1166 1997
1167 1920
1167 1956
1167 1963
1185 1973
1200 1919
1200 1956
1202 1919
1202 1927
1202 1997
1203 1979
1210 1903
1210 1908
1210 1919
1210 1964
1210 1965
1210 1966
1210 1991
1210 1992
1211 1956
1211 1966
1215 1919
1215 1953
1221 1927
1221 1963
1221 1966
1228 1956
1230 1908
1230 1953
1230 1969
1230 1987
1236 1918
1236 1965
1236 1966
1236 1973
1241 1956
1241 1973
1246 1979
1253 1956
1267 1908
1267 1964
1267 1965
1278 1918
1286 1901
1286 1903
1286 1965
1284 1965
1284 1966
1284 1983
1284 1987
1285 1956
1285 1965
1291 1977
1297 1918
1297 1964
1305 1915
1305 1918
1305 1919
1305 1935
1305 1956
1315 1908
1316 1908
1319 1918
1319 1919
1319 1927
1319 1953
1319 1956
1319 1966
1319 1969
1319 1973
1319 1987
1319 1992
1335 1992
1339 1956
1349 1977
1350 1901
1350 1903
1350 1908
1350 1953
1350 1963
1350 1966
1350 1969
1350 1973
1352 1908
1352 1920
1352 1927
1352 1956
1352 1963
1352 1966
1352 1969
1352 1973
1352 1979
1352 1985
1352 1987
1353 1977
1353 1997
1357 1956
1357 1963
1357 1966
1368 1927
1368 1987
1374 1903
1374 1918
1374 1919
1374 1956
1374 1973
1374 1982
1374 1990
1374 1991
1377 1966
1378 1965
1378 1966
1378 1977
1380 1956
1381 1908
1381 1992
1384 1956
1386 1901
1386 1903
1386 1927
1386 1953
1386 1966
1386 1973
1390 1992
1395 1901
1395 1903
1395 1927
1395 1964
1395 1965
1395 1966
1395 1969
1395 1973
1395 1979
1395 1983
1395 1985
1395 1987
1395 1992
1395 1997
1419 1992
1424 1919
1424 1927
1424 1966
1424 1973
1428 1901
1428 1903
1428 1919
1428 1927
1428 1956
1428 1963
1428 1965
1428 1966
1428 1969
1428 1973
1428 1979
1428 1983
1428 1985
1428 1987
1184 1956
1184 1984
1441 1991
1462 1919
1462 1920
1463 1992
1470 1918
1470 1956
1470 1966
1470 1969
1470 1977
1471 1956
1473 1919
1473 1953
1473 1963
1473 1979
1480 1901
1480 1908
1480 1979
1480 1987
1480 1992
1482 1903
1482 1953
1482 1966
1482 1969
1487 1901
1487 1903
1487 1908
1487 1953
1487 1969
1487 1973
1487 1979
1487 1987
1487 1991
1489 1953
1489 1969
1489 1984
1489 1997
1492 1901
1492 1903
1492 1908
1492 1918
1492 1919
1492 1927
1492 1966
1492 1969
1492 1987
1492 1992
1492 1997
1495 1973
1496 1903
1496 1908
1496 1919
1496 1953
1496 1956
1496 1966
1496 1969
1496 1973
1496 1992
1497 1956
1499 1956
1500 1956
1521 1919
1521 1964
1521 1992
1521 1997
1522 1903
1522 1956
1522 1990
1538 1918
1538 1935
1538 1953
1538 1969
1538 1973
1537 1919
1537 1966
1537 1969
1542 1919
1542 1920
1542 1972
1542 1997
1552 1908
1552 1956
1552 1973
1552 1991
1553 1956
1547 1956
1547 1966
1549 1903
1549 1908
1549 1918
1549 1919
1549 1927
1549 1953
1549 1956
1549 1963
1549 1964
1549 1965
1549 1966
1549 1969
1549 1973
1549 1977
1549 1979
1549 1982
1549 1984
1549 1985
1549 1987
1549 1990
1549 1992
1549 1997
1550 1990
1555 1901
1555 1903
1555 1908
1555 1966
1555 1969
1555 1973
1566 1903
1566 1908
1583 1919
1583 1956
1583 1965
1583 1987
1585 1903
1585 1966
1585 1969
1585 1973
1585 1979
1594 1901
1594 1903
1594 1919
1594 1963
1594 1966
1594 1969
1594 1977
1594 1979
1571 1956
1571 1992
1606 1927
1608 1901
1608 1903
1608 1908
1608 1918
1608 1919
1608 1927
1608 1956
1608 1963
1608 1964
1608 1965
1608 1969
1608 1973
1608 1977
1608 1979
1608 1983
1608 1985
1608 1987
1608 1991
1608 1992
1608 1997
1610 1903
1612 1982
1613 1903
1614 1903
1614 1919
1614 1987
1614 1992
1615 1901
1615 1903
1615 1908
1615 1920
1615 1927
1615 1953
1615 1955
1615 1956
1615 1963
1615 1965
1615 1966
1615 1969
1615 1973
1615 1979
1615 1983
1615 1984
1615 1987
1615 1991
1621 1901
1621 1919
1621 1979
1621 1985
1621 1987
1622 1935
1622 1953
1622 1966
1622 1973
1622 1992
1623 1966
1644 1956
1644 1997
1661 1953
1661 1966
1662 1903
1564 1953
1564 1969
1564 1992
1670 1956
1670 1997
1675 1956
1678 1977
1691 1908
1691 1919
1701 1919
1701 1997
1697 1935
1697 1966
1700 1918
1700 1953
1700 1969
1700 1985
1700 1992
1711 1956
1705 1919
1707 1977
1716 1920
1717 1918
1717 1956
1717 1969
1717 1973
1717 1979
1717 1987
1719 1965
1720 1965
1688 1965
1688 1966
1732 1908
1732 1956
1733 1966
1734 1918
1734 1969
1742 1901
1748 1984
1749 1918
1749 1919
1749 1997
1754 1918
1754 1956
1756 1901
1756 1903
1756 1908
1756 1918
1756 1964
1756 1973
1756 1977
1757 1920
1757 1973
1765 1983
1766 1964
1767 1915
1767 1918
1767 1919
1769 1965
1769 1966
1772 1903
1772 1918
1772 1927
1772 1955
1772 1956
1772 1964
1772 1966
1772 1977
1772 1987
1772 1992
1772 1997
1759 1966
1778 1920
1778 1955
1778 1966
1751 1979
1783 1903
1783 1918
1783 1992
1783 1997
1789 1920
1792 1908
1792 1920
1792 1973
1792 1987
1795 1919
1796 1982
1799 1966
1800 1908
1811 1973
1803 1919
1808 1919
1808 1927
1808 1969
1808 1977
1808 1992
1814 1919
1820 1918
1820 1919
1820 1956
1820 1992
1822 1903
1822 1908
1822 1966
1823 1953
1823 1956
1823 1963
347 1920
347 1950
347 1953
347 1956
1835 1918
1836 1956
1837 1919
1838 1953
1838 1969
1838 1973
1838 1991
1838 1992
1847 1903
1847 1908
1847 1953
1847 1973
1855 1927
1855 1956
1855 1963
1868 1985
1885 1908
1888 1956
1888 1977
1891 1992
1892 1953
1892 1963
1892 1969
1896 1956
1899 1901
1900 1901
1902 1903
1908 1927
1908 1963
1905 1908
1906 1908
1907 1908
1909 1908
1911 1908
1912 1908
1913 1908
1918 1920
1918 1977
1918 1992
1919 1920
1919 1964
1919 1973
1919 1977
1919 1979
1919 1983
1919 1985
1919 1987
1919 1997
1922 1919
1922 1984
1922 1992
1925 1977
1925 1983
1928 1927
1931 1927
1931 1964
1931 1997
1944 1956
1948 1918
1948 1956
827 1953
1951 1953
1958 1963
1959 1963
1960 1963
1961 1963
1962 1927
1962 1963
1962 1966
1962 1969
1962 1973
1962 1979
1962 1987
1966 1965
1966 1977
1964 1966
1965 1966
1967 1969
1967 1990
1968 1969
1972 1918
1972 1973
1976 1977
1977 1997
1980 1956
1980 1964
1985 1919
1985 1987
1985 1992
1985 1997
1986 1985
1986 1987
1991 1956
1991 1992
1995 1919
1997 1919
1997 1965
1997 1977
1997 1991
1794 1919
2001 1991
2009 1918
2009 1964
2009 1992
2062 1919
2062 1965
2062 1977
2062 1985
2062 1991
2062 1997
2063 1965
2063 1977
2065 1919
2065 1956
2069 1964
2071 1992
2072 1918
2072 1956
2072 1964
2072 1977
2072 1985
2072 1991
2072 1997
2077 1991
2084 1997
2085 1919
2085 1992
2088 1997
2093 1964
2093 1992
2099 1997
2114 1919
2114 1965
2115 1965
2116 1977
2118 1919
2120 1997
2128 1992
2129 1990
2130 1977
2133 1918
2133 1956
2133 1964
2133 1977
2133 1992
2134 1990
2135 1972
2135 1982
2145 1982
2156 1992
2159 1919
2159 1997
2169 1977
2169 1997
2172 1956
2172 1964
2186 1918
2186 1919
2193 1935
2206 1956
2212 1985
2213 1985
2214 1985
2214 1997
2225 1992
2230 1964
2231 1964
2229 1990
2232 1956
2233 1919
2233 1956
2236 1919
2237 1919
2237 1990
2241 1992
2241 1997
2246 1919
2251 1977
2254 1992
2255 1919
2255 1964
2256 1918
2256 1935
2256 1990
2256 1992
2257 1919
2264 1961
2274 1919
2274 1964
2282 1997
2286 1997
2285 1997
2287 1997
2290 1990
2289 1977
2291 1977
2292 1977
2265 1977
2293 1977
2294 1977
2297 1956
2297 1990
2298 1964
2322 1992
2323 1935
2323 1984
2323 1990
2326 1935
2326 1990
2328 1956
2328 1964
2328 1990
2328 1992
2342 1918
2343 1992
2272 1992
2357 1964
2365 1992
2338 1964
2369 1964
2369 1982
2370 1964
2371 1918
2371 1919
2371 1964
2372 1964
2374 1964
2375 1918
2375 1964
2376 1964
2381 1956
2411 1915
2411 1918
2411 1919
2411 1935
2411 1990
2411 1992
2414 1956
2435 1956
2435 1992
2440 1982
2452 1982
2472 1918
2473 1918
2473 1919
2473 1956
2473 1992
2476 1919
2485 1982
2485 1984
2485 1990
2488 1919
2507 1919
2507 1992
2510 1992
2517 1918
2541 1918
2542 1956
2542 1990
2546 1956
2549 1918
2549 1919
2549 1956
2550 1956
899 1956
2555 1956
2556 1956
2566 1956
2557 1918
2557 1956
2469 1956
2567 1956
2558 1956
2559 1956
2559 1961
2560 1915
2560 1956
2561 1956
2562 1956
2563 1956
2564 1956
2565 1915
2565 1918
2565 1919
2565 1935
2565 1956
2565 1982
2565 1990
2572 1935
2576 1919
2598 1992
2474 1919
2474 1992
2605 1992
2617 1918
2618 1992
2623 1919
2619 1982
2647 1992
2651 1918
2651 1935
2651 1990
2653 1915
2657 1935
2658 1915
2658 1982
2658 1990
2659 1990
2672 1992
2674 1992
2675 1992
2676 1992
2677 1982
2677 1992
2699 1935
2700 1935
2700 1990
2688 1919
2688 1935
2688 1961
2688 1982
2688 1984
2704 1919
2660 1990
2691 1961
2693 1990
2711 1990
2727 1918
2774 1918
2790 1935
2790 1982
2790 1984
2790 1990
2791 1918
2822 1935
2654 1915
2654 1935
2654 1990
2831 1972
2832 1984
2860 1919
2871 1918
2871 1919
2871 1984
2872 1915
2900 1918
2904 1918
2904 1919
2912 1919
2925 1918
2932 1918
2940 1919
2940 1990
2957 1918
2958 1918
2964 1919
2967 1984
2968 1982
2972 1972
2972 1990
2974 1915
2983 1982
3010 1915
3010 1990
2707 1919
3018 1919
3025 1919
3026 1919
3028 1961
3032 1915
2713 1990
3056 1919
3057 1990
3059 1919
3047 1919
3060 1919
3062 1919
3072 1919
3077 1919
3081 1919
3084 1915
3084 1935
3101 1919
2842 1919
2842 1990
3118 1919
3142 1982
3148 1919
3148 1990
3180 1990
3192 1990
3196 1915
3200 1990
3227 1982
3242 1919
3258 1915
3258 1935
3260 1919
3276 1990
3326 1984
3352 1990
3366 1919
3366 1961
3375 1915
3378 1961
3380 1982
3388 1919
3394 1915
3394 1990
3402 1990
3443 1961
3450 1984
3451 1984
3453 1972
3454 1984
3454 1990
3456 1961
3456 1982
3456 1990
3457 1915
3457 1972
3458 1984
3461 1984
3462 1984
3479 1990
3480 1915
3483 1990
3523 1915
3525 1935
3527 1915
3541 1915
3541 1935
3555 1935
3556 1915
3561 1935
3562 1935
3562 1990
3568 1990
3583 1915
3593 1961
3614 1984
3614 1990
3615 1915
3615 1990
3624 1990
3630 1990
3633 1915
3634 1982
3642 1972
3642 1982
3660 1990
3665 1982
3678 1915
3678 1935
3682 1915
3682 1935
3709 1990
3724 1990
3729 1990
3731 1915
3787 1982
3829 1935
3830 1935
3821 1935
3832 1935
3833 1935
3902 1984
3917 1990
3956 1990
3976 1984
4001 1990
4040 1982
4041 1972
2981 1990
4044 1961
4044 1984
4045 1972
4062 1990
4063 1990
4065 1990
4073 1972
4073 1990
4074 1990
4099 1984
4076 1984
4124 1990
4127 1984
4138 1990
4141 1990
4142 1990
4148 1990
4189 1990
4199 1961
4211 1990
4224 1984
4351 1990
4352 1990
4353 1990
4354 1990
4441 1972
4441 1982
4511 1984
4536 1982
4592 1961
4593 1961
4640 1984
4641 1984
4673 1972
4712 1982
4748 1972
4781 1982
4813 1972
4899 1972
4948 1982
4960 1972
4967 1972
4981 1982
4989 1982
5022 1982
5020 1982
5079 1972
5079 1982
5106 1982
4828 1982
5173 1982
4795 1982
5177 1972
5177 1982
5179 1982
5185 1972
5188 1972
5189 1972
5196 1972
5246 1982
5391 1982
5439 1982
5524 1972
5524 1982
5531 1972
5531 1982
5582 1972
5612 1982
5696 1972
5697 1972
5697 1982
5741 1982
5773 1982
5796 1982
5800 1982
5802 1972
5802 1982
5805 1972
5811 1982
5816 1972
5816 1982
5817 1982
5819 1982
5822 1972
5824 1982
5871 1982
5999 1982
6023 1972
6032 1982
6218 1982
6248 1972
6270 1982
6272 1982
6305 1972
6305 1982
6323 1972
6327 1982
6394 1972
6421 1982
6428 1972
6462 1972
6471 1982
6504 1972
6517 1972
6563 1982
6596 1982
6615 1982
6627 1982
6736 1982
6772 1982
6774 1982
6790 1982
6620 1982
5529 1982
6949 1982
6951 1982
6990 1982
6991 1982
6993 1982
7047 1982
7056 1982
7057 1982
7062 1982
7080 1982
7086 1982
7092 1982
7219 1919
7218 1919
7225 1982
7266 1982
7294 1982
7378 1982
7357 1982
7391 1982
7409 1982
7421 1982
7449 1982
7544 1982
7675 1982
7727 1982
7733 1982
7744 1982
7755 1982
7772 1982
7774 1982
7810 1982
7862 1982
7884 1982
7901 1982
7902 1982
7906 1982
8047 1982
8088 1982
8152 1982
8173 1982
8213 1982
