36 7289
29 7295
72 7279
68 7233
109 7225
109 7280
199 7279
371 7277
457 7237
457 7238
457 7279
457 7280
737 7225
737 7233
737 7279
737 7295
742 7214
742 7225
742 7277
766 7214
766 7237
766 7238
766 7277
766 7280
825 7250
988 7233
1009 7225
1037 7225
1098 7201
1098 7233
1098 7262
1098 7277
1142 7277
1151 7277
1151 7280
1166 7279
1166 7280
1374 7214
1374 7225
1374 7233
1374 7237
1374 7277
1374 7280
1374 7295
1385 7279
1542 7279
1549 7237
1612 7262
1612 7277
1612 7280
1811 7280
1813 7279
1922 7289
2009 7279
2010 7277
2120 7277
2145 7279
2249 7295
2323 7277
2369 7214
2369 7238
2369 7279
2452 7225
2560 7277
2565 7201
2565 7214
2565 7225
2565 7233
2565 7237
2565 7238
2565 7277
2565 7279
2565 7280
2565 7295
2619 7277
2658 7233
2658 7237
2658 7279
2940 7254
2940 7277
3073 7290
3084 7277
3084 7280
2003 7233
2003 7279
3274 7277
3381 7214
3381 7237
3381 7279
3381 7280
3381 7295
3447 7222
3447 7262
3447 7290
3453 7225
3453 7238
3456 7214
3456 7225
3457 7237
3522 7225
3527 7214
3586 7237
3600 7279
3634 7295
3642 7201
3642 7225
3642 7233
3642 7295
3571 7233
3770 7214
3770 7222
3770 7295
3787 7225
3787 7277
3787 7280
3916 7225
3922 7295
3965 7225
3969 7214
3976 7201
4040 7233
4040 7280
4045 7214
4046 7254
4046 7257
4046 7295
4065 7280
4140 7233
4151 7280
4169 7262
4211 7237
4211 7295
4361 7201
4437 7237
4437 7295
4441 7238
4441 7277
4441 7279
4441 7280
4485 7292
4483 7237
4483 7280
4483 7289
4488 7238
4524 7279
4527 7257
4598 7225
4598 7279
4632 7295
4669 7254
4717 7277
4712 7214
4712 7225
4712 7237
4712 7279
4764 7233
4764 7279
4771 7277
4792 7280
4814 7295
4879 7279
4948 7233
4948 7238
4948 7279
4964 7204
4964 7214
4964 7243
4967 7214
4992 7279
5059 7289
5059 7290
5079 7238
5079 7295
5096 7238
5106 7280
5106 7297
5102 7201
5102 7225
5102 7280
5103 7225
5103 7233
5103 7237
5103 7280
5103 7295
5173 7225
5173 7238
5173 7279
5173 7295
4795 7257
4310 7214
4310 7237
4310 7238
4310 7277
5179 7233
5179 7237
5179 7250
5188 7233
5189 7214
5189 7289
5196 7279
5199 7279
5215 7279
5295 7225
5404 7295
5445 7277
5445 7280
5446 7279
5524 7214
5524 7225
5524 7233
5524 7237
5524 7277
5524 7279
5524 7280
5524 7295
5531 7279
5543 7279
5582 7214
5616 7214
5655 7214
5655 7222
5655 7237
5655 7243
5655 7246
5655 7254
5655 7257
5655 7262
5655 7273
5655 7279
5655 7289
5697 7214
5741 7295
5761 7279
5775 7277
5776 7237
5796 7225
5796 7279
5800 7201
5800 7214
5800 7238
5800 7262
5800 7277
5800 7280
5800 7295
5802 7214
5802 7225
5802 7233
5802 7237
5802 7246
5802 7277
5802 7279
5802 7280
5802 7295
5806 7225
5806 7279
5806 7295
5804 7204
5804 7243
5810 7237
5811 7254
5811 7295
5814 7225
5814 7233
5814 7237
5814 7280
5816 7279
5817 7295
5819 7238
5820 7280
5822 7225
5822 7237
5822 7238
5822 7295
5827 7277
5908 7238
5915 7277
5915 7280
5871 7225
5932 7225
5952 7237
5952 7238
5988 7279
5998 7225
5998 7279
5998 7280
6006 7233
6006 7279
6006 7280
6020 7277
6020 7280
6032 7201
6032 7233
6032 7238
6032 7280
6032 7295
6043 7280
6072 7225
6068 7280
6097 7214
6097 7295
6241 7237
6241 7277
6241 7280
6270 7257
6272 7279
6280 7279
6280 7295
6299 7295
6305 7233
6305 7277
6305 7279
6305 7295
6320 7214
6320 7225
6320 7237
6359 7214
6359 7246
6359 7257
6360 7214
6327 7214
6327 7215
6327 7246
6327 7295
6398 7225
6398 7243
6398 7254
6443 7214
6443 7238
6458 7225
6486 7214
6486 7237
6486 7246
6494 7279
6494 7280
6518 7277
6518 7279
6520 7280
6460 7277
6550 7238
6555 7214
6555 7225
6555 7243
6560 7214
6123 7204
6123 7254
6563 7214
6563 7233
6563 7279
6595 7279
6596 7225
6596 7233
6596 7238
6596 7277
6596 7280
6618 7238
6618 7243
6618 7262
6618 7279
6618 7280
6619 7214
6619 7237
6619 7279
6619 7295
6615 7201
6615 7214
6615 7243
6615 7279
6615 7280
6615 7295
6624 7225
6624 7237
6624 7277
6624 7280
6657 7279
6665 7214
6702 7225
6714 7214
6714 7237
6714 7262
6714 7279
6714 7295
6611 7215
6758 7279
6772 7225
6772 7279
6772 7289
6784 7279
6789 7295
6802 7243
6804 7237
6620 7201
6620 7214
6620 7257
6869 7214
6900 7279
6902 7237
6913 7214
6914 7225
6914 7243
6914 7246
6914 7277
6914 7295
6906 7214
6906 7295
6907 7214
6907 7225
6907 7233
6907 7237
6907 7254
6907 7279
6907 7280
6916 7225
6916 7237
6916 7279
6918 7214
6934 7214
6934 7262
6934 7277
6941 7225
6941 7280
5529 7214
6959 7295
6316 7237
6971 7295
6976 7214
6991 7295
6993 7237
6993 7277
6993 7279
6993 7280
6993 7295
7023 7215
7023 7222
7023 7246
7043 7238
7052 7225
7052 7233
7052 7237
7052 7279
7045 7280
7045 7295
7053 7225
7054 7225
7046 7225
7047 7233
7047 7277
7047 7280
7055 7237
7055 7277
7055 7279
7056 7233
7056 7277
7056 7280
7049 7277
7049 7280
7057 7225
7057 7233
7057 7237
7057 7238
7057 7279
7057 7280
7080 7225
7080 7277
7080 7279
7080 7280
7080 7295
6946 7225
7086 7233
7086 7237
7086 7238
7086 7243
7086 7279
7090 7225
7092 7214
7092 7225
7092 7237
7092 7243
7092 7280
7099 7214
7104 7214
7107 7273
7113 7237
7121 7279
7129 7290
7131 7280
7132 7257
7132 7280
7138 7214
7139 7214
6994 7214
6994 7222
6994 7250
6994 7289
6994 7290
7163 7254
7183 7225
6889 7233
7210 7214
7211 7214
7212 7214
7225 7237
7227 7225
7227 7277
7228 7225
5143 7225
5143 7246
5143 7250
5143 7273
5143 7289
7231 7225
7231 7237
7231 7277
7231 7279
7231 7280
7237 7233
7238 7233
7239 7237
7239 7279
7241 7238
7241 7279
7260 7262
7279 7225
7279 7237
7279 7280
7280 7225
7280 7233
7280 7277
7291 7292
7295 7277
7317 7295
7294 7225
7327 7295
7281 7277
7281 7295
7329 7295
7333 7295
7330 7295
7379 7237
7378 7225
7378 7277
7380 7279
7357 7233
7386 7280
7390 7225
7390 7280
7391 7233
7391 7237
7400 7225
7393 7225
7413 7279
7421 7238
7421 7279
7443 7280
7449 7277
7449 7279
7455 7237
7480 7279
7481 7279
7490 7280
7493 7225
7471 7237
7376 7237
7415 7225
7150 7280
7580 7225
7593 7225
7594 7225
7595 7225
7597 7225
7598 7225
7599 7225
7600 7225
7661 7280
7666 7277
7676 7238
7677 7238
7679 7238
7679 7277
7679 7280
7697 7277
7727 7233
7727 7238
7738 7277
7744 7238
7747 7277
7755 7277
7767 7277
7767 7280
7772 7233
7774 7233
7789 7277
7790 7277
7791 7277
7792 7277
7833 7238
7865 7233
7865 7238
7877 7233
7901 7233
7902 7233
7928 7233
8036 7233
8036 7238
8047 7233
8047 7238
8152 7233
8171 7233
8173 7233
7861 7233
8190 7238
8202 7233
8203 7233
8206 7233
8204 7233
8205 7233
8211 7238
8050 7238
8264 7238
8265 7238
8266 7238
