3 214
3 271
3 286
25 214
25 224
25 226
25 246
25 252
25 255
25 257
25 261
25 271
25 273
25 280
25 282
25 286
25 299
4 214
4 232
4 243
4 282
4 299
5 299
6 216
6 219
6 226
6 227
6 228
6 232
6 236
6 243
6 250
6 252
6 257
6 258
6 259
6 261
6 271
6 273
6 274
6 280
6 285
6 286
6 290
6 298
6 299
7 228
7 259
7 271
7 299
8 214
8 216
8 219
8 224
8 226
8 232
8 236
8 243
8 250
8 252
8 255
8 258
8 261
8 271
8 273
8 274
8 280
8 282
8 286
8 299
9 214
9 226
9 228
9 243
9 250
9 258
9 261
9 271
9 274
9 299
10 214
10 216
10 219
10 246
10 250
10 252
10 255
10 257
10 261
10 271
10 274
10 280
10 286
11 204
11 214
11 216
11 219
11 224
11 227
11 228
11 230
11 246
11 250
11 252
11 255
11 257
11 259
11 261
11 271
11 274
11 282
11 285
11 286
11 298
11 299
12 214
12 219
12 232
12 236
12 250
12 255
12 257
12 259
12 274
12 282
12 286
12 290
12 299
13 214
13 216
13 232
13 250
13 252
13 271
14 214
14 216
14 219
14 224
14 226
14 236
14 250
14 259
14 261
14 271
14 282
14 299
15 214
15 299
17 214
17 258
17 261
17 271
17 273
17 282
17 299
18 214
19 214
19 216
19 219
19 250
19 252
19 257
19 261
19 271
19 274
19 286
19 299
20 214
20 216
20 224
20 232
20 243
20 250
20 252
20 255
20 257
20 258
20 261
20 271
20 274
20 282
20 286
20 299
21 219
21 236
21 243
21 250
21 252
21 271
21 299
23 214
23 236
23 252
23 257
23 271
23 280
23 282
23 299
24 214
24 228
24 230
24 243
24 255
24 259
24 271
24 280
24 299
54 214
54 299
28 214
28 216
28 224
28 226
28 228
28 232
28 236
28 246
28 250
28 252
28 259
28 261
28 271
28 273
28 280
28 282
28 299
33 214
34 282
36 204
36 226
36 228
36 232
36 255
36 271
36 274
36 282
36 299
35 214
35 226
35 227
35 243
35 257
35 259
35 261
35 271
35 274
35 299
37 216
37 252
37 299
38 280
39 216
39 252
39 271
39 282
39 299
40 214
40 216
40 243
40 252
40 257
40 273
40 274
40 299
26 214
26 216
26 219
26 226
26 232
26 236
26 243
26 250
26 252
26 257
26 258
26 261
26 271
26 273
26 274
26 286
26 299
41 226
41 227
41 252
41 271
41 299
42 214
42 219
42 243
42 250
42 252
42 259
42 271
42 274
42 286
42 298
42 299
44 214
44 224
44 259
45 299
46 204
46 214
46 224
46 252
46 255
46 271
46 280
46 282
46 286
47 214
47 216
47 226
47 243
47 250
47 252
47 257
47 271
47 274
47 282
47 286
47 290
47 299
48 214
48 250
48 252
48 271
48 282
48 299
49 214
50 216
50 219
50 250
50 252
50 257
50 261
50 271
50 273
50 299
51 214
51 246
51 271
51 280
51 299
53 274
29 214
29 228
29 243
29 246
29 252
29 259
29 261
29 271
29 273
29 274
29 282
29 286
29 299
55 214
55 216
55 243
55 250
55 252
55 271
55 282
55 299
56 214
57 228
57 271
57 299
58 257
58 271
58 274
58 290
58 299
59 204
59 214
59 219
59 228
59 252
59 271
59 298
62 243
62 280
27 216
27 219
27 226
27 243
27 271
27 274
27 280
27 282
66 282
72 204
72 226
72 232
72 236
72 243
72 261
72 271
72 282
72 299
73 214
73 243
73 274
73 299
75 246
75 299
78 214
78 258
78 261
79 214
79 236
79 243
79 252
79 271
79 299
77 214
77 219
77 271
77 299
80 236
80 252
80 255
80 271
80 280
80 282
80 299
81 214
81 273
81 299
67 214
67 274
67 282
67 299
86 214
86 228
86 243
86 259
86 271
86 282
86 299
71 214
71 226
71 228
71 236
71 257
71 271
71 299
87 204
87 259
87 271
87 282
87 290
87 299
89 243
89 271
90 204
90 214
90 243
90 252
90 271
90 290
94 214
94 219
94 224
94 243
94 250
94 252
94 257
94 258
94 261
94 271
94 273
94 274
94 282
94 286
94 299
99 271
100 232
98 228
31 230
103 255
103 271
103 299
104 214
104 243
104 252
104 282
104 299
106 299
68 271
68 290
109 204
109 290
110 228
110 271
110 282
111 271
120 214
120 299
122 204
113 214
113 219
113 228
113 243
113 290
130 271
126 228
126 271
127 204
127 228
127 232
127 252
127 259
127 261
127 271
127 282
127 290
128 214
128 216
128 271
129 299
132 204
132 271
132 299
135 255
136 204
136 232
136 243
136 258
136 261
138 224
138 228
138 236
138 250
138 252
138 255
138 259
138 271
138 274
138 282
138 298
139 228
139 246
139 252
139 271
139 282
139 299
140 226
140 258
140 282
142 243
142 271
142 299
143 204
143 214
143 216
143 226
143 250
143 252
143 271
143 274
143 298
143 299
147 271
145 214
145 271
151 228
151 236
151 246
151 271
152 214
152 252
154 204
154 224
154 243
154 252
154 282
155 214
156 259
157 204
157 243
157 271
157 290
161 299
162 246
163 271
168 299
171 227
171 230
171 299
172 214
172 246
172 285
172 290
173 214
173 227
173 230
173 259
173 271
173 298
173 299
74 228
74 252
74 257
74 271
74 285
74 299
176 271
177 214
177 228
178 228
178 271
178 282
180 216
180 271
180 274
180 299
181 214
181 271
182 204
182 243
182 271
182 299
166 204
166 214
166 243
166 259
166 261
166 271
166 273
166 274
166 290
185 214
194 214
194 259
187 214
187 228
187 243
187 285
188 214
32 214
189 214
196 214
190 214
197 214
197 259
195 214
198 214
199 214
191 214
191 259
191 271
200 214
201 214
201 252
201 271
201 282
202 214
203 214
203 259
203 299
204 214
205 214
205 282
206 214
207 214
208 214
208 219
209 214
209 259
209 271
192 214
210 214
125 214
125 271
125 299
215 216
215 252
215 257
215 271
215 282
215 298
215 299
217 219
221 282
223 226
223 257
224 271
224 282
226 298
227 271
228 282
228 299
243 250
245 243
247 232
247 274
230 298
231 228
231 236
231 255
231 271
231 280
231 299
232 228
232 271
232 282
235 271
236 232
236 257
236 271
236 282
237 271
237 282
169 257
257 271
253 257
254 228
254 246
254 257
255 257
255 259
255 271
255 280
255 282
255 299
256 226
256 257
256 282
256 298
261 258
261 286
258 261
258 271
258 273
260 258
260 261
260 285
259 227
259 261
259 271
259 299
263 271
263 282
264 271
265 271
265 282
266 271
267 271
268 271
269 246
269 271
270 271
273 258
273 299
276 243
276 274
277 274
275 224
275 274
275 282
275 299
241 271
241 282
280 271
280 290
280 299
282 204
282 224
282 228
282 230
282 236
282 255
282 280
282 286
284 286
284 299
285 286
291 299
294 299
292 299
293 282
293 299
295 299
296 243
296 246
296 299
297 299
290 204
290 214
290 271
290 299
298 299
249 299
304 271
306 204
306 228
306 246
306 255
306 271
306 282
306 298
308 204
308 228
308 243
308 271
308 299
320 243
320 299
310 204
310 243
310 271
310 299
311 243
311 259
311 271
311 299
312 224
312 227
312 228
312 255
312 271
312 282
313 290
315 214
315 259
315 299
317 204
317 228
317 271
317 298
317 299
318 271
319 204
319 214
319 255
319 271
319 280
319 282
319 290
319 299
329 228
329 282
329 299
326 243
326 282
327 232
327 282
251 299
328 299
150 232
150 280
336 214
336 271
339 224
339 226
339 227
339 236
339 243
339 259
339 271
339 282
340 232
340 271
340 282
341 259
341 299
343 282
348 271
345 228
345 282
346 214
346 290
356 214
356 259
356 282
356 299
352 243
353 243
193 204
193 228
364 214
366 282
366 299
367 299
371 204
371 228
371 255
371 271
371 282
371 299
376 299
386 243
381 243
382 243
387 214
387 243
387 259
101 243
101 299
383 224
383 243
383 246
383 255
383 282
384 243
395 282
399 271
400 243
400 271
400 299
405 246
405 271
405 290
406 236
406 255
406 282
407 204
407 214
407 230
407 285
407 298
325 232
325 282
416 226
417 226
427 259
423 214
425 204
425 280
425 285
426 232
426 236
426 282
426 299
436 232
437 232
412 290
439 271
440 236
440 282
457 227
457 271
457 290
457 298
457 299
458 271
467 214
467 259
479 243
488 271
492 299
493 299
494 299
445 271
530 243
542 228
542 243
545 243
545 299
546 214
546 290
549 243
560 271
553 259
556 224
556 227
556 228
556 230
556 255
556 259
556 271
556 282
556 299
561 236
561 282
562 282
563 282
565 282
564 255
564 282
574 282
583 214
586 243
590 282
592 224
592 280
592 282
600 227
600 228
600 243
600 246
600 259
600 271
600 282
600 290
600 299
605 280
606 280
616 282
615 246
615 255
615 282
618 282
495 282
626 259
626 282
626 299
632 282
633 255
633 271
633 282
633 298
634 214
634 243
634 271
634 282
634 290
646 282
635 204
635 271
635 282
635 285
635 299
636 271
636 282
647 243
647 282
647 299
637 271
637 282
638 282
640 214
640 282
641 282
642 282
648 282
643 282
644 271
644 282
645 214
645 271
645 282
649 282
650 214
650 259
650 271
650 290
658 255
659 204
659 271
663 214
663 243
663 259
663 271
663 290
663 299
639 271
673 271
674 271
689 214
689 259
689 299
695 204
695 271
695 290
701 230
704 271
706 259
706 299
707 227
707 271
707 290
707 299
708 204
708 271
710 230
710 243
710 271
715 227
715 299
722 204
722 214
722 246
722 290
727 214
727 271
730 243
730 271
730 299
732 246
737 246
742 246
742 271
742 298
697 271
749 290
321 271
759 259
759 271
759 299
761 204
763 214
766 204
766 271
766 285
762 271
769 214
769 228
769 259
769 271
769 290
769 298
786 227
788 204
788 243
788 290
784 204
784 214
784 230
784 243
784 290
784 299
789 243
789 259
789 271
789 290
789 299
791 214
791 271
794 230
794 271
795 243
795 271
795 290
805 271
805 290
805 299
808 271
810 290
810 299
813 204
813 298
816 227
334 271
823 243
826 204
826 290
837 230
838 204
838 230
844 299
842 290
848 228
852 243
853 230
853 299
860 228
861 204
865 204
865 214
865 228
865 243
865 259
865 271
870 243
870 271
870 298
870 299
871 214
871 290
871 299
879 259
882 271
895 271
897 227
900 228
904 230
904 259
907 259
911 243
911 271
912 214
914 271
926 243
935 290
937 271
941 214
941 227
941 290
941 299
943 243
943 271
943 299
944 271
946 204
946 271
947 271
948 271
949 271
954 290
956 271
956 299
959 259
960 214
967 243
971 271
971 290
971 299
974 204
974 271
978 214
978 271
978 290
981 271
982 299
986 290
988 204
988 290
993 214
993 298
993 299
996 204
996 259
996 290
998 243
1000 290
1006 214
1006 227
1006 230
1006 259
1006 298
1003 290
1013 243
1013 259
1013 271
1009 271
1009 299
1022 243
1024 290
1028 271
1029 227
1029 243
1029 271
1029 299
1033 271
1034 271
1037 204
1037 230
1038 271
1051 290
1055 204
1055 214
1055 227
1055 259
1055 290
1055 298
1062 227
1062 271
1063 243
1063 299
1064 243
1067 243
1065 243
1066 243
1066 271
872 271
1075 227
1075 259
1084 271
1078 259
1078 271
1079 271
1080 271
1081 271
1082 271
1083 271
1085 214
1085 259
1089 259
1097 204
1098 285
1111 259
1111 299
1114 230
1114 299
1125 214
1126 214
1129 214
1129 290
1132 204
1132 259
1133 230
1133 298
1133 299
1135 204
1135 299
1137 259
1137 285
1137 298
1142 299
1151 204
1151 214
1151 230
1151 290
922 204
922 259
922 290
922 299
1160 227
1160 299
1164 290
1164 299
1166 204
1166 214
1166 222
1166 285
1166 290
1167 290
1167 299
1179 214
1182 299
1193 290
1195 259
1198 285
1200 290
1201 298
1204 290
1210 204
1210 230
1210 298
1211 285
1211 290
1230 290
1234 299
1235 227
1235 299
1236 290
1241 230
1247 204
1247 298
1253 204
1259 227
1261 298
1278 259
1278 290
1278 299
1279 204
1279 227
1279 259
1279 290
1280 290
1286 299
1285 290
1292 259
1292 299
1297 204
1297 290
1305 204
1305 214
1305 290
1306 298
1319 204
1319 230
1319 290
1327 299
1328 299
1325 299
1329 299
1326 299
1335 290
1349 259
1350 259
1351 259
1352 230
1352 259
1352 285
1352 298
1359 259
1353 259
1360 259
1360 285
1360 290
1354 259
1355 259
1361 259
1356 259
1356 290
1362 259
1357 259
1357 285
1357 298
1358 259
1367 204
1367 285
1374 204
1374 230
1374 285
1374 290
1374 298
1380 214
1380 230
1386 298
1390 290
1395 204
1395 298
1428 290
1428 298
1184 204
1184 214
1462 204
1462 230
1465 214
1468 290
1469 290
1470 290
1471 204
1471 214
1473 204
1483 290
1487 230
1487 298
1489 204
1492 230
1492 298
1496 230
1496 285
1500 204
1500 214
1506 290
1521 298
1522 290
1525 298
1538 298
1534 230
1552 285
1549 204
1549 214
1549 290
1549 298
1555 204
1583 290
1585 204
1585 214
1585 290
1594 285
1594 298
1608 214
1608 230
1608 285
1608 290
1608 298
1614 204
1614 214
1615 230
1615 285
1615 290
1615 298
1644 230
1564 290
1701 214
1697 285
1700 290
1711 230
1703 230
1704 230
1705 214
1705 230
1706 230
1707 230
1708 230
1709 230
1710 230
1717 204
1717 214
1729 214
1733 298
1734 290
1741 214
1769 214
1772 285
1759 290
1751 204
1751 214
1751 290
1783 204
679 214
1814 290
1820 204
1820 290
1836 214
1837 290
1847 285
1848 204
1862 290
1875 204
1896 285
1896 290
1919 214
1919 290
1922 204
1922 285
1922 290
1962 285
1966 290
1972 204
1982 214
2062 285
2072 285
2093 285
2102 285
2114 290
2117 204
2130 290
2133 214
2139 285
2145 204
2174 214
2209 204
2230 214
2229 285
2237 204
2240 204
2240 285
2256 214
2290 204
2296 214
2297 204
2297 214
2323 204
2323 290
2326 204
2326 285
2368 290
2371 214
2376 290
2417 290
2472 214
2473 290
2476 290
2485 204
2485 290
2502 214
2508 214
2508 290
2535 204
2541 204
2541 290
2542 204
2547 204
2549 290
2557 214
2559 214
2559 290
2560 204
2560 290
2564 204
2565 204
2565 214
2565 285
2565 290
2474 204
2474 290
2623 204
2647 214
2651 204
2651 285
2651 290
2653 204
2657 204
2658 204
2676 214
2700 204
2700 285
2701 204
2686 204
2702 204
2702 290
2703 204
2703 285
2688 204
2688 285
2688 290
2704 290
2660 204
2660 285
2693 204
2693 285
2737 290
2752 290
2778 214
2790 204
2822 214
2654 285
2860 214
2866 214
2867 214
2861 214
2868 214
2869 214
2862 214
2863 214
2870 214
2871 204
2871 214
2871 290
2864 214
2865 214
2872 214
2872 290
2901 290
2900 204
2900 285
2900 290
2940 285
2940 290
2953 290
2972 222
3007 290
3000 285
3009 204
3005 290
3006 290
2707 290
3021 285
3025 290
3026 290
3031 204
3033 204
2713 204
2713 285
3053 204
3066 290
3095 285
2842 204
2842 285
3120 285
3144 204
3148 204
3180 285
3189 204
3202 204
3304 285
3305 285
3345 204
3352 285
3380 204
3411 285
3412 285
3449 222
3461 222
3513 204
3386 204
3530 204
3666 222
4070 222
4150 291
4186 291
4468 222
5155 222
