30 5543
24 5511
24 5596
36 5529
29 5545
29 5582
66 5529
72 5511
72 5524
87 5584
103 5503
68 5524
68 5527
68 5543
68 5545
109 5524
109 5543
109 5563
109 5596
122 5506
122 5509
122 5592
136 5529
136 5596
155 5529
173 5511
180 5563
263 5584
306 5543
308 5584
310 5524
311 5543
319 5545
319 5563
319 5584
335 5545
335 5563
335 5584
395 5524
395 5563
395 5596
398 5543
407 5524
407 5559
407 5568
457 5506
457 5513
457 5524
457 5529
457 5543
457 5545
457 5559
457 5563
457 5584
457 5596
546 5524
546 5584
580 5500
600 5511
600 5524
600 5543
634 5509
634 5524
634 5527
634 5539
634 5543
686 5524
686 5527
737 5529
737 5543
737 5563
737 5582
697 5509
749 5584
766 5506
766 5509
766 5511
766 5524
766 5527
766 5539
766 5543
766 5545
766 5563
766 5584
766 5596
789 5506
789 5509
789 5511
789 5524
789 5539
789 5543
813 5543
825 5524
825 5527
825 5545
825 5568
825 5592
856 5511
856 5529
896 5563
993 5543
996 5506
996 5509
996 5568
1000 5527
1003 5543
1004 5543
1004 5545
1074 5524
1074 5563
1074 5584
1074 5596
1075 5511
1098 5582
1111 5524
1111 5543
1133 5527
1133 5543
1133 5545
1133 5559
1133 5563
1133 5568
1137 5527
1151 5509
1151 5524
1151 5529
1151 5545
1151 5584
1166 5509
1166 5524
1166 5529
1166 5582
1167 5545
1210 5524
1210 5563
1247 5545
1247 5584
1353 5511
1374 5500
1374 5509
1374 5511
1374 5529
1374 5539
1374 5568
1470 5527
1471 5596
1483 5500
1542 5511
1542 5524
1542 5527
1542 5543
1542 5545
1542 5563
1549 5524
1549 5563
1554 5543
1608 5545
1612 5582
1667 5529
1667 5543
1674 5524
1701 5543
1701 5584
1722 5563
1733 5527
1762 5596
1796 5524
1799 5545
1799 5563
1799 5569
1807 5511
1874 5511
1891 5539
1915 5527
1915 5543
1925 5511
1937 5511
1972 5584
2001 5568
2010 5529
2033 5511
2037 5524
2037 5543
2118 5524
2135 5539
2135 5568
2145 5543
2145 5563
2186 5584
2237 5509
2237 5511
2240 5524
2249 5582
2257 5506
2278 5543
2297 5584
2328 5524
2369 5545
2369 5563
2369 5564
2369 5584
2375 5568
2384 5511
2387 5511
2387 5527
2387 5559
2410 5524
2410 5539
2440 5584
2485 5506
2485 5509
2485 5529
2485 5543
2485 5584
2504 5527
2542 5584
2547 5524
2547 5543
2549 5527
2565 5500
2565 5506
2565 5509
2565 5511
2565 5524
2565 5529
2565 5539
2565 5543
2565 5545
2565 5559
2565 5563
2565 5568
2565 5582
2565 5592
2565 5596
2587 5524
2474 5539
2623 5524
2623 5533
2623 5559
2623 5568
2619 5563
2658 5500
2658 5529
2677 5563
2686 5524
2686 5543
2688 5506
2688 5509
2688 5513
2688 5514
2688 5524
2688 5527
2688 5539
2688 5543
2688 5545
2688 5559
2688 5563
2688 5596
2667 5506
2667 5509
2667 5511
2667 5524
2667 5527
2667 5543
2667 5545
2667 5563
2667 5564
2667 5568
2693 5543
2744 5511
2765 5584
2774 5529
2802 5524
2871 5509
2871 5539
2871 5563
2883 5559
2967 5511
2968 5582
2972 5506
2972 5513
2972 5524
2972 5545
2972 5559
2972 5563
2988 5511
3007 5563
3009 5524
3009 5543
3010 5596
2707 5582
3015 5524
3032 5524
3032 5529
3092 5506
3176 5511
3191 5539
3191 5545
3191 5568
3191 5592
3258 5524
3274 5527
3291 5509
3291 5543
3297 5529
3310 5529
3315 5529
3290 5539
3290 5563
3345 5596
3366 5511
3366 5527
3378 5503
3381 5524
3381 5543
3381 5563
3381 5582
3381 5596
3394 5564
3402 5506
3390 5511
3390 5592
3447 5506
3447 5524
3447 5529
3447 5543
3447 5563
3447 5596
3449 5506
3449 5509
3449 5511
3449 5524
3449 5527
3449 5539
3449 5543
3449 5545
3449 5559
3449 5568
3449 5584
3452 5539
3452 5592
3453 5506
3453 5524
3453 5539
3453 5543
3456 5524
3456 5543
3456 5596
3457 5500
3457 5514
3457 5527
3459 5506
3459 5524
3459 5559
3459 5596
3460 5596
3461 5539
3461 5559
3461 5563
3461 5568
3461 5592
3462 5511
3479 5513
3483 5545
3478 5543
3498 5509
3498 5524
3498 5527
3522 5511
3522 5543
3568 5509
3586 5524
3586 5527
3586 5543
3586 5563
3607 5543
3614 5509
3614 5513
3614 5524
3614 5543
3614 5563
3614 5596
3624 5545
3631 5509
3631 5539
3631 5568
3631 5592
3634 5509
3634 5513
3641 5506
3641 5524
3641 5527
3641 5543
3641 5563
3641 5596
3642 5524
3642 5527
3642 5529
3642 5543
3642 5545
3642 5559
3642 5563
3642 5582
3642 5584
3642 5596
3658 5509
3666 5506
3666 5509
3666 5511
3666 5568
3666 5592
3691 5513
3691 5529
3691 5568
3728 5506
3728 5524
3770 5582
3786 5503
3786 5514
3786 5533
3786 5545
3786 5559
3787 5529
3787 5568
3787 5582
3792 5509
3794 5511
3806 5511
3806 5543
3813 5527
3813 5592
3873 5563
3910 5588
3916 5524
3918 5559
3956 5539
3960 5543
3965 5524
3965 5527
3971 5524
3976 5509
4036 5506
4036 5509
4036 5529
4036 5543
4040 5559
4040 5563
4041 5559
4045 5524
4045 5527
4045 5543
4045 5545
4045 5563
4045 5584
4046 5500
4046 5582
4063 5545
4077 5513
4065 5543
4065 5584
4070 5543
4099 5524
4099 5527
4099 5545
4099 5563
4076 5592
4138 5506
4138 5509
4138 5568
4219 5559
4276 5568
4297 5543
4308 5543
4338 5563
4343 5527
4353 5506
4353 5509
4353 5514
4353 5539
4355 5509
4364 5511
4363 5524
4363 5543
4363 5592
4416 5543
4437 5582
4468 5545
4468 5592
4476 5539
4485 5563
4482 5563
4483 5509
4483 5524
4483 5527
4483 5529
4483 5545
4483 5563
4483 5592
4483 5596
4534 5545
4536 5500
4536 5529
4536 5539
4536 5563
4550 5506
4550 5509
4550 5511
4550 5514
4550 5539
4550 5545
4550 5559
4550 5568
4550 5569
4550 5570
4550 5592
4557 5524
4598 5527
4598 5584
4487 5563
4487 5564
4631 5545
4632 5524
4632 5529
4632 5539
4632 5559
4632 5568
4652 5543
4653 5509
4653 5545
4653 5563
4653 5564
4653 5569
4661 5563
4661 5596
4666 5506
4673 5584
4687 5543
4709 5524
4717 5524
4717 5596
4718 5564
4712 5524
4712 5527
4712 5543
4712 5545
4748 5514
4764 5543
4792 5524
4824 5506
4824 5513
4824 5527
4829 5506
4829 5543
4843 5511
4846 5511
4846 5513
4846 5545
4846 5563
4846 5568
4846 5592
4883 5596
4894 5539
4894 5543
4894 5563
4894 5569
4894 5570
4899 5545
4899 5568
4924 5545
4948 5506
4948 5509
4948 5568
4964 5524
4966 5592
4967 5506
4967 5509
4967 5513
4967 5514
4967 5524
4967 5527
4967 5543
4967 5545
4967 5563
4967 5568
4967 5584
4967 5596
4938 5506
4938 5511
4974 5524
4980 5543
4981 5584
4982 5511
4982 5539
4994 5524
5002 5584
5009 5524
5011 5506
5011 5584
5012 5568
5016 5509
5016 5529
5022 5524
5022 5543
5022 5545
5022 5563
5020 5506
5020 5509
5020 5511
5020 5513
5020 5543
5020 5545
5020 5559
5020 5563
5020 5592
5029 5511
5037 5563
5048 5524
5061 5543
5079 5506
5079 5524
5079 5527
5079 5539
5079 5543
5079 5545
5079 5563
5079 5568
5079 5570
5079 5584
5079 5588
5079 5596
5106 5543
5103 5524
5103 5529
5103 5584
5110 5545
4828 5506
4828 5524
4828 5545
4828 5563
4828 5564
4828 5596
5123 5543
5123 5568
5125 5524
5140 5584
5160 5506
5160 5511
5166 5524
5166 5563
5171 5543
5173 5500
5173 5529
5175 5568
4795 5545
5176 5506
5176 5509
5176 5511
5176 5513
5176 5524
5176 5539
5176 5543
5176 5545
5176 5559
5176 5563
5176 5568
5176 5592
5177 5524
5177 5527
5177 5545
5178 5543
4310 5506
4310 5509
4310 5514
4310 5524
4310 5527
4310 5539
4310 5543
4310 5563
4310 5584
4310 5592
5179 5509
5179 5524
5179 5527
5179 5529
5179 5543
5179 5563
5179 5568
5179 5592
5181 5568
5181 5588
5182 5568
5184 5506
5184 5509
5184 5559
5184 5564
5184 5568
5185 5524
5185 5527
5185 5543
5185 5563
5185 5596
5188 5506
5188 5509
5188 5524
5188 5543
5188 5563
5188 5568
5188 5584
5188 5592
5188 5596
5189 5506
5189 5509
5189 5513
5189 5514
5189 5524
5189 5529
5189 5543
5189 5545
5189 5559
5189 5563
5189 5564
5189 5568
5189 5588
5189 5592
5189 5596
5190 5506
5190 5511
5190 5513
5190 5514
5190 5539
5190 5568
5190 5592
5196 5543
5246 5524
5246 5543
5246 5582
5250 5539
5250 5559
5262 5524
5262 5527
5262 5596
5263 5568
5263 5592
5285 5506
5289 5592
5295 5506
5301 5527
5301 5596
5312 5568
5316 5563
5317 5511
5317 5543
5320 5514
5320 5533
5339 5524
5342 5524
5360 5543
5360 5559
5382 5509
5382 5568
5391 5529
5404 5527
5399 5524
5423 5584
5427 5524
5427 5527
5427 5543
5439 5543
5439 5563
5439 5596
5445 5524
5452 5596
5454 5563
5457 5564
5468 5506
5468 5509
5468 5511
5468 5513
5468 5514
5474 5539
5478 5509
5478 5568
5479 5529
5479 5543
5479 5582
5484 5563
5485 5539
5487 5500
5487 5545
5487 5569
5487 5570
5462 5511
5462 5513
5462 5545
5462 5559
5462 5563
5462 5592
5504 5506
5505 5506
5507 5509
5508 5509
5510 5511
5512 5511
5524 5500
5524 5527
5524 5529
5524 5543
5524 5563
5524 5582
5524 5584
5524 5596
5531 5524
5531 5527
5531 5543
5531 5563
5531 5584
5531 5596
5193 5539
5543 5524
5543 5527
5543 5545
5543 5563
5543 5596
5544 5500
5544 5545
5544 5559
5550 5563
5553 5524
5553 5563
5558 5545
5558 5559
5561 5563
5562 5527
5562 5563
5562 5568
5567 5568
5577 5592
5582 5543
5582 5545
5587 5588
5591 5592
5596 5563
5612 5524
5612 5584
5624 5527
5630 5543
5630 5563
5644 5524
5644 5543
5655 5543
5684 5524
5691 5527
5696 5527
5697 5524
5697 5543
5697 5563
5697 5584
5697 5596
5708 5524
5714 5543
5739 5524
5739 5527
5739 5543
5739 5563
5741 5543
5775 5529
5783 5543
5787 5524
5787 5527
5787 5543
5796 5524
5796 5543
5796 5563
5796 5584
5796 5596
5800 5524
5800 5529
5800 5582
5800 5596
5802 5500
5802 5524
5802 5543
5802 5582
5802 5584
5802 5596
5804 5524
5804 5563
5805 5527
5807 5584
5809 5543
5811 5563
5811 5582
5812 5545
5814 5524
5814 5543
5816 5584
5817 5524
5818 5543
5819 5545
5822 5524
5822 5563
5822 5596
5824 5543
5824 5563
5827 5563
5829 5527
5829 5545
5839 5524
5855 5543
5857 5524
5857 5543
5857 5563
5857 5584
5862 5524
5896 5529
4767 5543
5915 5524
5915 5529
5871 5524
5871 5527
5871 5543
5871 5596
5932 5524
5932 5563
5934 5527
5934 5543
5935 5543
5935 5545
5945 5527
5981 5584
5984 5524
6006 5596
6004 5529
6020 5529
6020 5545
6032 5529
6032 5543
6032 5563
6043 5524
6043 5543
6043 5545
6060 5543
6061 5543
6062 5543
6063 5543
6064 5543
6066 5524
6070 5524
6071 5524
6072 5524
6072 5529
6067 5524
6068 5524
6069 5524
6075 5527
6075 5545
6081 5543
6081 5596
6094 5527
6094 5584
6133 5545
6146 5545
6170 5584
6176 5545
6179 5584
6198 5524
6204 5543
6204 5563
6212 5545
6213 5545
6214 5545
6215 5545
6217 5584
6221 5529
6229 5543
6241 5563
6242 5524
6270 5524
6270 5543
6270 5563
6272 5543
6272 5596
6299 5524
6299 5582
6299 5596
6305 5524
6305 5543
6305 5563
6305 5584
6305 5596
6320 5563
6323 5524
6323 5543
6323 5563
6323 5596
6324 5584
6346 5596
6359 5524
6359 5563
6359 5596
6377 5596
6327 5582
6414 5582
6421 5543
6458 5543
6486 5524
6486 5582
6486 5596
6488 5524
6494 5524
6494 5529
6494 5543
6494 5596
6501 5543
6522 5596
6523 5524
6523 5543
6525 5543
6538 5563
5273 5596
6123 5524
6123 5563
6577 5524
6595 5596
6596 5529
6596 5596
6598 5543
6618 5524
6618 5543
6619 5524
6615 5543
6615 5563
6615 5582
6615 5596
6616 5500
6627 5543
6635 5543
6649 5524
6649 5543
6649 5563
6649 5596
6658 5563
6551 5524
6714 5582
6714 5596
6611 5543
6611 5563
6736 5543
6736 5596
6726 5596
6770 5543
6772 5524
6772 5563
6772 5596
6783 5596
6784 5596
6813 5596
6818 5529
6841 5596
6842 5596
6843 5596
6844 5596
6846 5563
6855 5524
6859 5524
6620 5524
6620 5543
6620 5563
6620 5582
6867 5543
6865 5543
6865 5563
6895 5563
6896 5543
6900 5524
6902 5563
6914 5500
6914 5529
6914 5582
6906 5582
6907 5500
6907 5529
6907 5582
6916 5582
6911 5582
6921 5543
6922 5543
6928 5563
6934 5524
6934 5529
6934 5582
6935 5524
6936 5524
6941 5529
6976 5582
7054 5500
7047 5529
7049 5529
7057 5500
7057 5529
7092 5529
7099 5582
7100 5582
7129 5500
6994 5582
7183 5529
7231 5500
7231 5529
7236 5500
7262 5500
7262 5529
7280 5529
5949 5582
7579 5529
7580 5500
7598 5529
7602 5500
7614 5529
7649 5529
7679 5529
7682 5529
7755 5529
7766 5529
7806 5529
