25 1131
6 1125
6 1144
6 1152
6 1156
6 1160
6 1167
6 1168
7 1190
7 1193
9 1103
11 1103
11 1111
11 1124
11 1127
11 1128
11 1137
11 1144
11 1151
11 1154
11 1156
11 1160
11 1164
11 1165
11 1167
11 1168
11 1185
11 1186
11 1190
11 1191
11 1193
11 1196
11 1199
12 1160
14 1123
14 1164
16 1186
17 1190
20 1156
20 1164
20 1167
20 1190
21 1190
23 1123
24 1100
24 1111
24 1123
24 1125
24 1156
24 1164
24 1165
24 1186
24 1193
28 1160
28 1186
28 1190
33 1144
36 1111
36 1123
36 1125
36 1127
36 1131
36 1166
36 1186
36 1190
36 1193
36 1196
35 1127
35 1193
42 1123
42 1127
44 1111
44 1186
47 1111
47 1186
49 1123
29 1131
55 1123
58 1186
59 1125
59 1131
59 1152
66 1131
66 1193
72 1123
72 1131
72 1156
72 1193
75 1186
78 1192
77 1185
77 1193
81 1157
86 1131
86 1186
87 1123
87 1131
87 1193
87 1199
89 1192
90 1124
90 1128
90 1131
94 1123
94 1186
104 1100
104 1103
104 1192
68 1157
68 1159
109 1151
109 1164
109 1199
110 1191
120 1186
122 1159
122 1166
113 1186
126 1156
126 1186
127 1100
127 1157
127 1159
128 1164
128 1166
128 1193
128 1199
132 1100
132 1151
138 1125
138 1186
138 1190
138 1192
138 1193
147 1137
147 1185
151 1123
151 1125
151 1128
151 1140
151 1141
154 1123
157 1114
157 1123
157 1156
157 1166
161 1127
161 1131
171 1125
171 1140
171 1152
171 1154
171 1156
171 1186
171 1190
171 1192
171 1193
171 1196
172 1166
173 1103
173 1111
173 1123
173 1124
173 1127
173 1137
173 1151
173 1167
173 1168
173 1186
173 1190
173 1193
173 1196
173 1199
74 1111
74 1123
74 1186
74 1190
176 1123
176 1131
176 1156
176 1160
176 1167
176 1186
176 1190
177 1186
178 1185
180 1100
180 1166
182 1127
182 1128
182 1131
182 1151
182 1156
182 1167
182 1186
166 1157
187 1151
197 1111
199 1186
191 1164
191 1165
201 1123
201 1186
203 1111
204 1151
204 1165
209 1123
209 1186
209 1190
125 1167
215 1103
215 1124
215 1141
215 1156
215 1186
215 1193
215 1199
222 1151
226 1151
226 1152
226 1192
240 1151
240 1152
231 1193
254 1186
254 1190
255 1123
255 1166
259 1111
263 1123
265 1131
269 1123
269 1151
241 1186
280 1123
280 1151
280 1186
296 1123
290 1131
290 1164
290 1165
290 1193
249 1196
304 1123
304 1131
304 1140
304 1154
304 1164
304 1165
306 1141
306 1157
306 1166
306 1167
306 1199
308 1127
308 1131
308 1156
308 1157
308 1167
308 1193
320 1186
310 1103
310 1111
310 1123
310 1125
310 1128
310 1131
310 1140
310 1164
310 1166
310 1167
310 1191
310 1193
310 1196
311 1114
311 1123
311 1125
311 1128
311 1151
311 1152
311 1160
311 1164
311 1166
311 1167
311 1186
311 1193
311 1199
312 1123
312 1125
312 1127
312 1128
312 1141
312 1144
312 1152
312 1156
312 1164
312 1165
312 1168
312 1186
312 1190
312 1193
312 1196
313 1151
315 1123
315 1127
315 1156
315 1166
315 1186
317 1123
317 1125
317 1128
317 1167
317 1190
317 1193
319 1103
319 1152
319 1164
319 1167
319 1186
319 1199
336 1196
339 1186
341 1123
341 1140
341 1152
341 1160
341 1186
348 1128
348 1156
346 1157
346 1166
356 1186
193 1186
371 1157
371 1186
371 1196
376 1127
376 1167
376 1193
387 1123
383 1166
403 1166
407 1111
407 1141
407 1164
407 1199
425 1165
432 1103
432 1186
412 1151
439 1192
457 1103
457 1111
457 1151
457 1157
457 1159
457 1167
457 1193
457 1199
467 1151
467 1186
499 1186
499 1193
546 1151
546 1164
546 1165
546 1166
553 1186
554 1103
556 1111
556 1123
556 1144
556 1164
556 1186
556 1190
556 1193
572 1111
579 1127
579 1186
582 1185
588 1193
601 1152
600 1100
600 1103
600 1111
600 1165
600 1186
600 1193
626 1141
626 1167
626 1186
626 1193
628 1154
634 1157
634 1164
634 1186
634 1190
634 1193
634 1196
635 1131
635 1160
635 1166
635 1186
635 1193
647 1123
647 1186
647 1193
640 1186
643 1123
643 1151
644 1125
645 1186
649 1186
650 1144
650 1156
650 1186
650 1192
658 1186
658 1190
659 1193
661 1186
663 1123
663 1125
663 1128
663 1140
663 1166
663 1167
663 1193
667 1111
667 1193
686 1128
686 1144
686 1152
686 1160
686 1165
686 1196
688 1196
689 1186
691 1186
691 1199
695 1123
695 1151
695 1166
704 1125
704 1166
705 1127
706 1111
706 1123
706 1186
706 1190
706 1192
706 1193
707 1123
707 1131
707 1167
707 1190
707 1192
707 1193
708 1114
708 1128
708 1140
708 1141
708 1154
708 1156
710 1100
710 1123
710 1127
710 1141
710 1152
710 1193
710 1199
696 1125
712 1193
715 1193
722 1127
722 1154
722 1157
722 1164
722 1166
722 1167
722 1186
727 1186
727 1199
730 1131
730 1140
730 1186
730 1192
733 1151
742 1165
742 1167
697 1125
697 1128
697 1141
697 1190
749 1186
321 1123
321 1190
759 1123
759 1140
759 1186
759 1193
764 1154
766 1100
766 1114
766 1125
766 1157
766 1159
766 1164
766 1166
766 1167
766 1185
766 1186
766 1191
762 1123
762 1186
762 1191
769 1111
769 1123
769 1127
769 1131
769 1137
769 1144
769 1166
769 1167
769 1186
769 1190
769 1193
769 1196
788 1123
788 1131
788 1140
788 1156
788 1157
788 1166
788 1186
784 1114
784 1151
784 1160
784 1164
784 1165
784 1166
784 1186
784 1193
784 1199
789 1123
789 1151
789 1154
789 1156
789 1159
789 1165
789 1167
789 1186
789 1193
789 1199
791 1123
791 1193
795 1123
795 1167
805 1103
805 1125
805 1144
805 1164
805 1167
805 1193
810 1140
810 1186
810 1191
810 1199
813 1137
813 1157
813 1166
813 1167
813 1186
813 1193
816 1193
822 1137
820 1123
820 1186
823 1131
824 1186
826 1124
826 1151
826 1154
826 1165
826 1167
826 1168
826 1199
825 1166
831 1111
838 1124
838 1199
841 1154
844 1125
844 1160
844 1186
842 1124
842 1144
842 1166
854 1127
865 1144
865 1156
865 1186
869 1190
869 1191
869 1192
869 1196
871 1167
871 1168
871 1193
879 1151
879 1166
885 1144
469 1186
896 1123
896 1125
900 1193
904 1103
904 1127
904 1151
904 1154
904 1160
904 1165
904 1199
911 1123
911 1131
911 1160
912 1123
914 1131
916 1186
787 1160
926 1131
926 1141
937 1123
937 1127
937 1151
937 1152
937 1156
937 1191
941 1127
941 1151
941 1193
941 1199
943 1164
943 1167
943 1193
946 1125
946 1140
946 1166
946 1186
946 1191
946 1192
946 1193
948 1156
948 1199
954 1131
954 1186
956 1123
956 1131
956 1190
959 1186
960 1125
960 1160
962 1186
933 1103
933 1186
970 1144
970 1156
971 1123
971 1131
971 1152
971 1159
971 1167
971 1191
971 1193
971 1199
974 1166
978 1114
978 1125
978 1156
978 1165
978 1191
978 1192
978 1193
981 1123
981 1164
981 1193
982 1123
982 1125
982 1144
982 1152
982 1154
982 1156
982 1186
982 1190
982 1191
982 1192
985 1193
986 1140
986 1151
986 1166
986 1186
986 1191
986 1192
988 1100
988 1157
988 1166
988 1185
988 1186
993 1103
993 1111
993 1125
993 1151
993 1164
993 1165
993 1166
993 1167
993 1168
993 1190
994 1160
994 1193
996 1100
996 1166
996 1185
996 1186
998 1123
998 1152
998 1186
1000 1103
1000 1154
1006 1141
1006 1144
1006 1156
1006 1167
1013 1140
1013 1144
1013 1154
1013 1186
1009 1125
1009 1164
1009 1165
1022 1123
1022 1131
1022 1156
1022 1167
1023 1167
1028 1123
1028 1186
1029 1103
1029 1114
1029 1123
1029 1128
1029 1131
1029 1144
1029 1154
1029 1160
1029 1186
1029 1190
1029 1193
1029 1196
1031 1154
1031 1186
1033 1123
1034 1141
1034 1164
1034 1186
1035 1190
1037 1144
1037 1167
1041 1199
1042 1100
1042 1137
1043 1186
1046 1156
1046 1167
1046 1193
1050 1123
1050 1154
1050 1193
1050 1199
1052 1123
1051 1123
1051 1164
1051 1186
1055 1157
1055 1193
1062 1125
1062 1152
1062 1164
1062 1185
1062 1190
1062 1193
1063 1167
1065 1186
1066 1131
872 1164
872 1166
1075 1111
1075 1127
1075 1140
1075 1157
1075 1165
1078 1193
1086 1151
1086 1152
1089 1152
1095 1103
1097 1193
1098 1103
1098 1166
1098 1186
1099 1103
1111 1193
1111 1196
1102 1103
1114 1140
1114 1144
1114 1160
1114 1192
1114 1193
1120 1123
1125 1140
1125 1154
1128 1140
1127 1128
1127 1165
1127 1166
1127 1199
1129 1131
1129 1156
1129 1167
1130 1131
1132 1193
1133 1140
1133 1156
1133 1157
1133 1159
1133 1165
1133 1185
1133 1186
1133 1190
1135 1140
1135 1152
1135 1164
1135 1199
1137 1103
1137 1127
1137 1140
1141 1193
1142 1166
1142 1167
1142 1186
1143 1186
1144 1125
1144 1190
1144 1196
1068 1125
1145 1125
1145 1186
1150 1152
1151 1103
1151 1111
1151 1137
1151 1152
1151 1164
1151 1166
1151 1185
1151 1186
1151 1191
1155 1156
1157 1156
1158 1156
922 1103
922 1111
922 1137
922 1151
922 1154
922 1156
922 1160
922 1164
922 1165
922 1167
922 1186
922 1193
1159 1165
1160 1167
1160 1193
1166 1140
1166 1151
1166 1157
1166 1159
1166 1164
1166 1165
1166 1185
1166 1186
1166 1199
1167 1151
1167 1160
1167 1164
1167 1186
1167 1190
1167 1192
1167 1193
1177 1186
1168 1186
1178 1186
1179 1186
1169 1186
1170 1186
1170 1190
1180 1186
1171 1186
1090 1186
1172 1186
1173 1186
1174 1186
1175 1186
1182 1186
1183 1186
1185 1151
1185 1167
1185 1186
1185 1199
1176 1186
1187 1190
1187 1191
1188 1190
1189 1190
1193 1192
1194 1196
1195 1196
1200 1166
1200 1167
1201 1193
1202 1111
1202 1151
1202 1186
1203 1165
1203 1199
1204 1199
1207 1193
1210 1103
1210 1111
1210 1127
1210 1137
1210 1164
1210 1166
1210 1185
1210 1186
1210 1193
1211 1151
1211 1193
1215 1186
1221 1137
1221 1164
1221 1193
1230 1164
1230 1167
1233 1151
1234 1167
1234 1193
1235 1127
1235 1193
1236 1103
1236 1164
1236 1166
1236 1167
1236 1168
1236 1199
1237 1193
1242 1199
1247 1166
1247 1167
1248 1160
1253 1164
1253 1199
1259 1166
1259 1193
1261 1165
1267 1103
1278 1127
1278 1167
1278 1193
1279 1154
1279 1166
1279 1167
1279 1185
1282 1154
1286 1193
1284 1151
1290 1167
1291 1193
1292 1193
1293 1165
1293 1167
1297 1166
1297 1186
1297 1193
1305 1100
1305 1127
1305 1154
1305 1157
1305 1166
1305 1167
1319 1103
1319 1127
1319 1151
1319 1154
1319 1164
1319 1165
1319 1166
1331 1193
1333 1111
1334 1193
1335 1127
1335 1151
1335 1193
1336 1193
1337 1193
1338 1193
1339 1193
1340 1193
1341 1193
1342 1193
1343 1193
1344 1193
1345 1193
1346 1193
1350 1103
1350 1124
1350 1151
1350 1164
1350 1165
1350 1167
1350 1199
1352 1103
1352 1111
1352 1124
1352 1164
1352 1199
1353 1111
1357 1127
1357 1164
1357 1166
1357 1167
1367 1100
1367 1157
1367 1186
1368 1186
1374 1103
1374 1111
1374 1127
1374 1151
1374 1165
1374 1166
1374 1167
1374 1191
1374 1199
1382 1100
1377 1164
1377 1168
1380 1127
1380 1140
1380 1167
1381 1164
1384 1154
1386 1127
1386 1164
1394 1167
1390 1186
1395 1111
1395 1164
1395 1168
1395 1186
1403 1199
1416 1127
1419 1111
1424 1164
1424 1167
1428 1103
1428 1111
1428 1124
1428 1137
1428 1151
1428 1157
1428 1164
1428 1199
1184 1166
1184 1167
1184 1186
1441 1103
1441 1186
1441 1199
1462 1165
1462 1186
1465 1186
1470 1151
1470 1164
1470 1166
1470 1167
1471 1167
1471 1199
1473 1111
1473 1164
1473 1166
1480 1103
1480 1165
1482 1151
1482 1164
1483 1167
1487 1124
1487 1165
1487 1168
1487 1199
1489 1103
1489 1140
1489 1164
1489 1167
1492 1103
1492 1151
1492 1164
1492 1167
1492 1168
1492 1199
1493 1167
1494 1167
1495 1164
1495 1167
1496 1103
1496 1151
1496 1164
1496 1166
1496 1167
1496 1186
1496 1199
1497 1167
1498 1167
1499 1167
1500 1151
1500 1167
1500 1199
1501 1103
1501 1167
1521 1111
1521 1151
1521 1166
1521 1199
1522 1103
1522 1151
1525 1103
1525 1199
1538 1103
1538 1124
1538 1165
1538 1199
1537 1151
1537 1164
1542 1103
1542 1111
1542 1159
1542 1185
1553 1154
1549 1100
1549 1103
1549 1111
1549 1137
1549 1140
1549 1151
1549 1154
1549 1157
1549 1164
1549 1165
1549 1166
1549 1186
1549 1199
1550 1157
1555 1164
1555 1165
1582 1199
1583 1111
1583 1154
1583 1166
1585 1151
1585 1164
1585 1165
1592 1186
1594 1103
1594 1124
1594 1164
1594 1168
1596 1199
1605 1168
1605 1199
1608 1103
1608 1111
1608 1124
1608 1137
1608 1140
1608 1151
1608 1165
1608 1168
1608 1186
1608 1199
1615 1103
1615 1124
1615 1137
1615 1151
1615 1164
1615 1168
1615 1199
1621 1111
1631 1165
1631 1168
1638 1103
1639 1186
1644 1186
1646 1199
1662 1124
1668 1186
1670 1124
1677 1199
1691 1191
1701 1186
1697 1164
1697 1186
1700 1151
1711 1151
1707 1186
1717 1164
1717 1166
1717 1185
1729 1124
1730 1166
1734 1151
1736 1199
1737 1199
1740 1199
1738 1199
1739 1199
1741 1199
1754 1185
1756 1103
1756 1186
1757 1137
1767 1151
1767 1164
1767 1165
1769 1151
1769 1164
1772 1103
1772 1111
1772 1137
1772 1151
1772 1164
1772 1186
1778 1164
1751 1103
1783 1103
1784 1103
1785 1103
1795 1157
1795 1166
1800 1111
1800 1151
1800 1186
1803 1164
1808 1111
1808 1164
1816 1151
1820 1166
1822 1164
347 1165
1835 1186
1836 1151
1836 1165
1837 1137
1838 1137
1855 1111
1875 1166
1876 1111
1891 1186
1899 1165
1908 1137
1908 1164
1919 1151
1922 1154
1923 1111
1925 1111
1928 1111
1931 1186
1940 1186
1946 1157
1946 1165
1947 1165
1948 1165
1948 1186
1962 1151
1962 1164
1972 1159
1972 1166
1977 1111
1985 1166
1994 1151
1995 1151
1996 1151
1997 1111
1997 1137
1997 1151
1997 1186
1794 1166
2001 1159
2009 1166
2052 1186
2062 1111
2062 1166
2063 1186
2065 1111
2065 1166
2072 1137
2072 1186
2085 1111
2093 1186
2102 1166
2105 1111
2109 1186
2108 1186
2115 1186
2116 1166
2121 1111
2120 1140
2120 1166
2133 1186
2142 1186
2145 1166
2156 1140
2159 1140
2172 1111
2174 1154
2186 1111
2187 1111
2188 1111
2189 1111
2190 1111
2191 1111
2206 1154
2209 1166
2210 1140
2226 1166
2231 1186
2229 1157
2229 1166
2229 1186
2233 1186
2237 1166
2237 1185
2241 1186
2240 1186
2242 1140
2041 1140
2256 1100
2257 1166
2258 1166
2264 1186
2290 1100
2290 1157
2290 1166
2297 1166
2323 1157
2326 1100
2326 1140
2326 1157
2326 1166
2328 1166
2328 1186
2272 1166
2371 1166
2371 1186
2375 1157
2375 1185
2375 1186
2384 1166
2402 1100
2411 1140
2411 1166
2113 1154
2472 1154
2485 1166
2485 1185
2488 1166
2497 1166
2502 1186
2504 1185
2506 1186
2510 1166
2510 1186
2518 1186
2519 1186
2355 1186
2520 1186
2530 1186
2531 1186
2521 1186
2522 1186
2523 1186
2534 1186
2526 1186
2527 1186
2528 1186
2535 1186
2536 1186
2537 1186
2538 1186
2529 1186
2540 1186
1181 1186
2542 1100
2557 1154
2559 1166
2560 1157
2565 1100
2565 1154
2565 1157
2565 1166
2565 1185
2565 1191
2576 1159
2576 1166
2594 1166
2605 1166
2618 1166
2651 1140
2651 1166
2651 1185
2653 1166
2655 1159
2658 1100
2658 1157
2658 1166
2658 1185
2674 1166
2676 1154
2700 1100
2700 1157
2700 1166
2686 1159
2686 1166
2688 1100
2688 1159
2688 1166
2688 1185
2704 1157
2660 1140
2660 1157
2660 1166
2667 1159
2693 1166
2696 1185
2711 1166
2728 1154
2740 1154
2744 1154
2747 1100
2790 1166
2791 1166
2831 1166
2859 1157
2871 1157
2932 1157
2940 1157
2940 1166
2951 1185
2964 1140
2967 1157
2967 1166
2968 1166
2972 1159
2988 1191
3000 1166
3010 1166
3024 1166
3026 1157
3028 1166
3031 1166
3032 1140
3032 1157
3032 1166
3033 1166
3034 1157
2713 1100
2713 1157
2713 1166
3037 1166
3057 1166
2356 1166
3081 1157
3088 1100
3088 1157
2842 1157
2842 1166
3144 1157
3144 1166
3148 1166
3168 1185
3258 1157
3258 1166
3275 1166
3276 1140
3276 1157
3291 1166
3310 1191
3352 1140
3352 1166
3352 1185
3366 1140
3373 1157
3380 1157
3380 1166
3388 1159
3402 1157
3402 1185
3404 1159
3439 1166
3449 1159
3449 1185
3450 1185
3451 1140
3451 1185
3453 1185
3454 1185
3455 1185
3457 1157
3457 1191
3461 1185
3462 1157
3462 1185
3463 1185
3466 1166
3469 1166
3470 1166
3479 1157
3479 1166
3482 1100
3478 1159
3488 1157
3523 1100
3386 1166
3508 1166
3562 1166
3568 1185
3587 1166
3528 1166
3600 1166
3602 1166
3603 1166
3614 1100
3614 1157
3614 1159
3620 1157
3621 1157
3622 1157
3634 1159
3635 1157
3642 1159
3660 1157
3666 1159
3666 1185
3682 1140
3682 1157
3691 1140
3691 1191
3724 1140
3742 1100
3743 1100
3786 1159
3787 1185
3855 1157
3956 1157
3973 1140
4036 1159
4045 1159
4056 1157
4065 1185
4070 1159
4074 1157
4111 1140
4076 1159
4123 1157
4124 1157
4136 1157
4144 1157
4151 1185
4223 1157
4266 1157
4273 1157
4304 1157
4305 1157
4308 1157
4306 1157
4307 1157
4324 1185
4364 1185
4433 1185
4437 1185
4441 1191
4581 1185
4632 1159
4686 1159
4948 1191
4967 1159
5123 1159
5176 1159
4310 1159
4310 1191
5262 1159
5263 1159
5427 1159
5485 1159
5524 1191
5531 1159
5543 1159
5624 1159
5650 1191
5775 1191
5787 1159
5796 1159
5800 1191
5915 1191
5920 1191
6005 1159
6003 1159
6006 1159
6004 1159
6007 1159
6596 1191
6624 1191
6907 1191
6993 1191
7052 1191
7047 1191
7049 1191
7092 1191
7614 1191
7682 1191
7766 1191
