87 7381
103 7381
68 7341
109 7373
109 7393
136 7301
407 7306
425 7351
434 7351
434 7381
457 7341
457 7351
457 7381
457 7389
737 7323
737 7341
737 7351
737 7373
737 7386
737 7391
737 7397
766 7341
766 7381
762 7378
856 7351
988 7391
996 7373
1098 7323
1098 7351
1098 7378
1098 7381
1098 7386
1098 7391
1098 7397
1132 7378
1151 7341
1164 7386
1166 7373
1374 7301
1374 7351
1374 7373
1374 7378
1374 7386
1374 7391
1385 7351
1542 7301
1542 7381
1612 7306
1621 7386
1667 7378
1701 7381
1748 7386
1865 7386
2120 7323
2249 7301
2258 7373
2297 7341
2369 7386
2369 7389
2411 7304
2452 7351
2452 7393
2485 7351
2565 7301
2565 7319
2565 7341
2565 7351
2565 7362
2565 7373
2565 7378
2565 7381
2565 7386
2565 7389
2565 7391
2595 7362
2619 7381
2658 7341
2658 7351
2658 7373
2658 7378
2658 7381
2658 7391
2674 7381
2677 7301
2908 7301
2932 7301
2931 7316
2940 7301
2940 7389
2983 7391
2707 7301
3032 7378
3057 7301
3088 7389
2003 7301
3142 7389
3142 7391
3274 7351
3297 7397
3310 7391
3334 7381
3381 7301
3381 7373
3381 7378
3381 7381
3447 7351
3447 7381
3456 7393
3457 7306
3459 7301
3586 7301
3586 7351
3586 7381
3631 7391
3634 7301
3635 7378
3642 7304
3642 7351
3642 7373
3642 7378
3691 7306
3691 7378
3691 7387
3787 7378
3787 7391
3969 7316
4036 7381
4040 7351
2981 7381
4046 7373
4046 7381
4065 7351
4169 7351
4211 7362
4273 7315
4347 7341
4353 7301
4364 7351
4437 7301
4437 7351
4437 7373
4456 7351
4483 7373
4483 7381
4496 7351
4536 7378
4632 7341
4632 7351
4632 7373
4632 7381
4632 7391
4717 7381
4712 7373
4764 7373
4788 7389
4814 7301
4879 7362
4879 7378
4879 7386
4879 7397
4894 7362
4899 7373
4899 7381
4943 7301
4948 7341
4948 7389
4948 7391
4981 7341
4994 7381
5002 7301
5002 7373
5053 7381
5059 7301
5059 7306
5059 7318
5068 7381
5079 7319
5106 7365
5106 7397
5103 7386
5103 7391
5114 7386
4828 7315
4828 7373
4828 7386
5140 7378
5173 7301
5173 7351
5173 7373
5173 7378
5173 7389
4795 7351
4795 7391
4310 7351
4310 7378
4310 7381
4310 7386
5179 7373
5185 7301
5185 7351
5188 7301
5189 7323
5189 7373
5189 7378
5199 7378
5233 7301
5246 7301
5301 7351
5301 7373
5301 7381
5401 7301
5423 7381
5445 7301
5445 7315
5445 7359
5445 7393
5454 7373
5454 7381
5485 7386
5524 7301
5524 7304
5524 7341
5524 7351
5524 7362
5524 7373
5524 7378
5524 7381
5524 7386
5524 7391
5524 7393
5531 7351
5531 7373
5531 7378
5531 7397
5543 7373
5551 7391
5553 7386
5582 7301
5582 7306
5596 7359
5655 7304
5655 7306
5655 7315
5655 7316
5655 7359
5655 7362
5655 7373
5655 7378
5655 7386
5656 7359
5697 7362
5697 7393
5738 7391
5768 7391
5775 7378
5773 7315
5776 7391
5796 7301
5796 7351
5796 7381
5800 7341
5800 7351
5800 7373
5800 7389
5802 7301
5802 7304
5802 7351
5802 7362
5802 7373
5802 7378
5802 7381
5802 7391
5802 7397
5806 7315
5806 7319
5806 7341
5806 7373
5806 7381
5804 7386
5811 7304
5811 7351
5811 7381
5817 7301
5817 7351
5817 7373
5820 7393
5822 7301
5822 7315
5822 7351
5822 7381
5822 7386
5857 7351
5908 7389
5915 7386
5952 7378
5998 7389
6006 7341
6032 7351
6032 7386
6032 7397
6045 7378
6098 7306
6151 7301
6198 7351
6229 7301
6241 7362
6241 7381
6270 7304
6270 7319
6270 7323
6270 7341
6270 7351
6270 7381
6270 7397
6280 7351
6280 7362
6280 7373
6280 7378
6280 7381
6299 7351
6299 7359
6305 7301
6305 7373
6305 7378
6323 7378
6323 7381
6360 7323
6327 7319
6327 7323
6421 7393
6443 7301
6458 7386
6486 7301
6486 7304
6486 7306
6486 7315
6486 7365
6486 7381
6486 7386
6486 7391
6494 7301
6494 7319
6494 7351
6494 7362
6494 7373
6494 7386
6495 7316
6500 7301
6510 7351
6460 7386
6548 7381
6555 7351
6560 7381
6560 7386
6123 7381
6570 7301
6563 7378
6552 7323
6596 7341
6596 7351
6596 7386
6596 7389
6596 7391
6596 7397
6618 7306
6618 7318
6618 7381
6618 7389
6619 7306
6619 7315
6619 7323
6619 7341
6619 7362
6619 7373
6619 7381
6619 7386
6619 7387
6619 7397
6615 7301
6615 7304
6615 7306
6615 7315
6615 7319
6615 7351
6615 7362
6615 7373
6615 7381
6615 7386
6615 7397
6616 7301
6624 7378
6624 7381
6627 7378
6646 7301
6655 7301
6702 7381
6714 7301
6714 7315
6714 7351
6714 7365
6714 7373
6714 7378
6714 7381
4401 7393
6766 7306
6766 7378
6772 7306
6774 7386
6620 7301
6620 7304
6620 7306
6867 7373
6914 7306
6914 7351
6914 7359
6914 7373
6914 7378
6906 7301
6906 7306
6906 7351
6906 7381
6907 7359
6907 7373
6907 7378
6907 7381
6907 7386
6907 7389
6907 7391
6916 7351
6924 7389
6934 7378
6934 7381
6941 7301
6941 7378
6941 7386
6951 7386
6951 7393
6316 7378
6991 7323
6993 7301
7021 7386
7052 7301
7052 7341
7052 7351
7052 7362
7052 7378
7052 7381
7052 7391
7053 7378
7053 7389
7054 7316
7054 7378
7047 7341
7047 7386
7047 7389
7047 7391
7057 7378
7057 7386
7080 7301
6946 7362
6946 7378
6946 7386
6946 7391
6946 7397
7086 7341
7086 7378
7086 7389
7086 7391
7090 7378
7092 7301
7092 7378
7092 7389
7089 7301
7100 7301
7104 7301
7120 7386
7127 7301
7132 7304
7132 7306
7132 7362
7134 7373
7153 7373
6994 7301
7188 7315
7188 7351
7188 7386
7188 7397
7225 7378
7225 7386
7231 7386
7233 7386
7233 7389
7236 7378
7237 7391
7241 7373
7260 7301
7280 7386
7280 7393
7293 7301
5949 7301
7295 7301
7295 7386
7298 7301
7299 7301
7300 7301
7302 7301
7317 7318
7317 7323
7317 7341
7317 7351
7317 7387
7320 7319
7294 7393
7335 7381
7350 7381
7352 7378
7352 7386
7354 7351
7360 7351
7362 7381
7371 7373
7379 7381
7378 7381
7378 7386
7380 7381
7357 7391
7386 7387
7391 7341
7321 7389
7449 7341
7449 7393
7492 7378
7538 7378
7540 7378
7535 7378
7536 7378
7537 7378
7588 7391
7598 7386
7614 7386
7648 7391
7666 7397
7675 7386
7675 7397
7679 7391
7682 7386
7685 7391
7727 7341
7727 7391
7733 7389
7755 7386
7768 7393
7772 7389
7774 7391
7775 7341
7814 7386
7815 7386
7831 7393
7900 7391
7901 7391
7902 7391
7904 7391
8036 7391
8045 7389
8046 7389
8047 7389
8053 7391
8085 7391
8162 7391
8173 7391
8187 7391
8211 7389
8262 7389
8263 7389
