11 4201
11 4212
11 4231
11 4247
11 4256
11 4261
11 4263
11 4266
11 4269
11 4289
11 4290
11 4297
11 4299
12 4233
14 4247
24 4261
24 4276
24 4299
36 4201
42 4261
47 4256
53 4235
72 4276
86 4247
68 4201
68 4211
68 4212
68 4231
68 4247
68 4290
122 4201
122 4247
122 4263
122 4266
122 4289
127 4234
127 4269
178 4297
182 4256
166 4233
203 4276
265 4266
291 4201
291 4233
291 4261
291 4266
306 4290
306 4299
308 4233
319 4297
335 4234
336 4289
346 4266
325 4233
432 4261
457 4231
457 4233
457 4247
457 4256
457 4263
457 4269
457 4297
467 4247
549 4256
556 4276
582 4212
582 4261
601 4234
600 4276
600 4289
633 4211
634 4290
634 4297
635 4201
635 4261
663 4269
695 4201
695 4269
722 4201
722 4266
737 4298
742 4234
742 4261
697 4212
697 4266
749 4289
763 4297
764 4269
766 4212
766 4219
766 4247
766 4256
766 4261
766 4263
766 4266
766 4269
766 4289
766 4290
766 4297
766 4298
766 4299
788 4201
784 4201
784 4256
784 4263
789 4212
789 4219
789 4266
789 4297
795 4289
795 4297
805 4289
813 4256
813 4263
813 4269
813 4289
813 4290
816 4289
825 4261
856 4233
865 4247
865 4276
879 4212
879 4261
879 4266
879 4290
787 4212
947 4247
947 4297
956 4201
988 4256
988 4290
993 4256
996 4234
996 4266
996 4289
1009 4263
1037 4266
1055 4290
1062 4256
1062 4263
1062 4269
1064 4212
1075 4276
1097 4247
1097 4256
1111 4247
1127 4297
1133 4212
1133 4233
1133 4235
1133 4247
1133 4254
1133 4256
1133 4261
1133 4263
1133 4266
1133 4269
1133 4289
1133 4290
1133 4297
1133 4298
1133 4299
1137 4256
1151 4212
1151 4234
1151 4247
1166 4201
1166 4247
1166 4256
1166 4266
1166 4276
1166 4290
1166 4297
1166 4298
1166 4299
1210 4289
1210 4290
1211 4256
1228 4299
1236 4263
1247 4299
1253 4234
1305 4233
1305 4263
1305 4266
1353 4276
1356 4201
1357 4256
1374 4233
1374 4247
1374 4269
1374 4276
1395 4261
1395 4263
1184 4212
1184 4261
1462 4233
1462 4247
1463 4219
1468 4212
1466 4247
1470 4297
1471 4201
1471 4263
1473 4266
1496 4261
1500 4299
1522 4234
1522 4247
1522 4256
1522 4263
1542 4233
1542 4247
1542 4297
1552 4254
1552 4266
1549 4211
1549 4247
1549 4256
1549 4261
1549 4263
1549 4266
1549 4272
1549 4276
1549 4289
1549 4290
1549 4299
1550 4256
1550 4290
1566 4256
1585 4269
1596 4256
1608 4234
1608 4247
1608 4256
1608 4290
1621 4290
1661 4269
1691 4247
1701 4276
1700 4231
1767 4247
1767 4290
1803 4297
1807 4247
1808 4256
1814 4299
1823 4247
1835 4247
1838 4201
1838 4233
1833 4247
1874 4276
1875 4269
1875 4289
1891 4256
1896 4266
1922 4297
1937 4276
1961 4247
1972 4201
1990 4233
2009 4289
2033 4276
698 4216
2109 4201
2109 4234
2109 4247
2109 4266
2118 4201
2118 4297
2118 4299
2120 4261
2129 4234
2129 4290
2129 4299
2134 4256
2134 4289
2134 4290
2134 4299
2135 4234
2135 4266
2144 4218
2144 4266
2145 4234
2145 4266
2145 4289
2174 4231
2174 4269
2186 4269
2210 4233
2226 4266
2229 4234
2229 4256
2229 4289
2229 4290
2229 4297
2237 4212
2237 4234
2237 4256
2237 4261
2237 4263
2237 4266
2237 4269
2237 4276
2237 4289
2237 4290
2237 4299
2240 4256
2256 4201
2256 4218
2256 4231
2256 4247
2264 4234
2264 4247
2264 4261
2276 4298
2297 4233
2297 4263
2297 4269
2297 4299
2298 4201
2298 4231
2298 4269
2298 4289
2298 4297
2326 4201
2326 4233
2326 4235
2326 4247
2326 4256
2326 4263
2326 4269
2326 4290
2326 4297
2326 4298
2328 4247
2328 4256
2328 4269
2369 4219
2369 4276
2369 4297
2371 4256
2375 4289
2381 4201
2381 4247
2381 4269
2379 4201
2379 4233
2379 4247
2379 4269
2384 4201
2384 4233
2384 4247
2384 4289
2387 4276
2411 4218
2411 4231
2411 4233
2411 4247
2411 4299
2440 4261
2475 4261
2485 4212
2485 4247
2485 4256
2485 4266
2485 4290
2488 4201
2496 4261
2504 4256
2504 4263
2506 4289
2510 4256
2535 4219
2535 4233
2542 4233
2542 4247
2542 4261
2547 4266
2547 4297
2566 4201
2557 4220
2557 4298
2559 4201
2559 4290
2560 4201
2560 4233
2560 4256
2560 4289
2560 4290
2560 4298
2564 4247
2564 4297
2565 4201
2565 4212
2565 4231
2565 4233
2565 4234
2565 4247
2565 4256
2565 4261
2565 4263
2565 4266
2565 4269
2565 4289
2565 4290
2565 4297
2565 4298
2565 4299
2576 4298
2595 4276
2474 4261
2474 4266
2611 4261
2612 4290
2613 4201
2623 4254
2623 4298
2645 4218
2645 4289
2651 4201
2651 4211
2651 4231
2651 4247
2651 4254
2651 4256
2651 4261
2651 4263
2651 4266
2651 4269
2651 4290
2651 4299
2653 4256
2653 4299
2655 4201
2657 4298
2657 4299
2658 4289
2658 4297
2699 4212
2699 4219
2699 4266
2700 4201
2700 4233
2700 4256
2700 4263
2700 4269
2700 4290
2686 4276
2702 4247
2702 4276
2688 4212
2688 4219
2688 4233
2688 4247
2688 4256
2688 4261
2688 4263
2688 4266
2688 4269
2688 4276
2688 4297
2688 4298
2688 4299
2704 4263
2660 4261
2689 4247
2667 4247
2667 4276
2693 4201
2693 4247
2693 4263
2693 4276
2693 4290
2696 4256
2696 4261
2697 4247
2697 4256
2697 4290
2727 4256
2747 4233
2747 4247
2774 4261
2775 4266
2790 4212
2811 4218
2654 4233
2832 4234
2832 4264
2832 4289
2832 4297
2832 4299
2859 4234
2859 4256
2859 4290
2859 4297
2871 4212
2871 4256
2871 4261
2871 4263
2871 4266
2871 4269
2871 4297
2871 4298
2883 4211
2883 4247
2900 4247
2912 4233
2932 4231
2932 4235
2932 4254
2932 4261
2932 4266
2932 4272
2935 4298
2940 4201
2940 4218
2951 4297
2958 4256
2958 4290
2958 4299
2964 4201
2964 4216
2964 4247
2964 4256
2964 4263
2964 4269
2964 4289
2964 4290
2967 4201
2967 4212
2967 4219
2967 4220
2967 4233
2967 4234
2967 4247
2967 4256
2967 4261
2967 4263
2967 4266
2967 4269
2967 4289
2967 4290
2967 4297
2968 4234
2972 4212
2972 4219
2972 4247
2972 4261
2972 4263
2972 4266
2972 4269
2972 4297
2972 4298
2972 4299
2988 4256
2989 4256
3007 4219
2707 4289
2707 4297
3024 4256
3026 4201
3026 4234
3026 4256
3026 4261
3027 4247
3028 4201
3028 4216
3028 4218
3028 4220
3028 4231
3028 4256
3028 4297
3032 4233
3032 4247
3032 4266
3032 4269
3032 4289
3032 4290
3032 4297
3032 4298
3032 4299
3034 4212
2713 4201
2713 4233
2713 4234
2713 4247
2713 4256
2713 4263
2713 4269
2713 4289
2713 4297
2713 4299
3057 4247
3057 4261
3057 4266
3059 4256
2356 4269
2356 4290
3090 4201
3092 4201
3092 4276
2842 4234
2842 4256
2842 4269
3109 4219
3144 4212
3144 4261
3145 4263
3145 4297
3145 4299
3148 4233
3148 4263
3148 4266
3159 4247
3168 4254
3168 4290
3173 4256
3190 4276
3188 4234
3188 4256
3192 4256
3191 4219
3191 4247
3225 4256
3227 4261
3249 4247
3249 4263
3258 4201
3258 4233
3274 4266
3276 4216
3276 4233
3276 4256
3276 4269
3276 4289
3276 4290
3292 4201
3309 4298
3290 4212
3334 4290
3334 4299
3350 4261
3350 4299
3352 4201
3352 4212
3352 4233
3352 4234
3352 4247
3352 4256
3352 4263
3352 4266
3352 4269
3352 4289
3352 4290
3352 4299
3366 4272
3366 4298
3367 4263
3373 4263
3373 4269
3375 4299
3394 4256
3394 4289
3394 4290
3394 4297
3394 4299
3402 4261
3402 4266
3402 4297
3402 4299
3404 4289
3433 4212
3443 4234
3445 4247
3439 4216
3439 4220
3439 4269
3447 4212
3447 4261
3447 4266
3447 4298
3449 4212
3449 4247
3449 4261
3449 4297
3449 4299
3451 4201
3451 4212
3451 4216
3451 4231
3451 4234
3451 4235
3451 4254
3451 4263
3451 4266
3451 4269
3451 4289
3451 4297
3452 4201
3452 4212
3452 4266
3452 4297
3452 4298
3453 4212
3453 4219
3453 4261
3453 4266
3453 4297
3453 4298
3453 4299
3454 4212
3454 4261
3454 4263
3454 4269
3454 4289
3454 4290
3454 4297
3454 4299
3455 4212
3455 4297
3456 4256
3456 4263
3456 4269
3456 4289
3456 4290
3456 4297
3456 4299
3457 4290
3457 4298
3461 4256
3461 4266
3461 4269
3461 4297
3462 4212
3462 4266
3463 4212
3463 4261
3463 4266
3469 4201
3479 4233
3479 4263
3479 4269
3479 4289
3479 4299
3480 4201
3482 4290
3478 4289
3519 4247
3519 4263
3541 4256
3560 4299
3562 4256
3568 4201
3568 4233
3568 4235
3568 4256
3568 4261
3568 4263
3568 4265
3568 4269
3568 4289
3568 4297
3568 4299
3586 4218
3591 4299
3593 4247
3600 4219
3601 4216
3601 4297
3614 4201
3614 4233
3614 4256
3614 4290
3614 4297
3614 4298
3615 4233
3615 4256
3615 4263
3615 4269
3615 4289
3615 4290
3615 4299
3624 4290
3624 4299
3625 4201
3630 4299
3631 4231
3631 4233
3631 4290
3631 4297
3633 4201
3634 4212
3634 4247
3635 4201
3635 4233
3635 4247
3635 4256
3635 4265
3635 4290
3635 4297
3639 4261
3641 4247
3641 4254
3641 4269
3641 4297
3641 4298
3642 4201
3642 4247
3642 4276
3643 4297
3643 4298
3645 4263
3645 4299
3659 4263
3659 4289
3659 4297
3660 4201
3660 4234
3660 4247
3660 4256
3660 4289
3660 4297
3660 4299
3661 4289
3666 4219
3666 4256
3666 4266
3666 4272
3667 4201
3682 4201
3682 4233
3682 4247
3682 4256
3682 4269
3682 4289
3691 4201
3691 4218
3691 4233
3691 4234
3719 4290
3719 4299
3724 4201
3724 4233
3724 4234
3724 4247
3724 4254
3724 4256
3724 4263
3724 4269
3724 4289
3724 4299
3571 4289
3728 4201
3728 4220
3728 4261
3728 4289
3743 4297
3748 4256
3748 4261
3748 4299
3775 4218
3777 4297
3782 4256
3786 4201
3787 4247
3787 4263
3787 4266
3787 4290
3796 4212
3796 4261
3796 4266
3796 4297
3794 4247
3794 4297
3803 4212
3804 4201
3806 4263
3806 4290
3806 4299
3813 4256
3813 4263
3813 4269
3814 4269
3814 4299
3835 4266
3843 4266
3854 4256
3854 4297
3872 4269
3877 4266
3902 4212
3902 4220
3902 4261
3902 4266
3912 4231
3912 4247
3912 4263
3912 4269
3917 4201
3917 4263
3945 4266
3948 4201
3948 4233
3948 4234
3948 4247
3948 4263
3948 4297
3955 4233
3956 4219
3956 4261
3956 4290
3958 4269
3965 4269
3965 4299
3969 4261
3969 4266
3973 4201
3973 4216
3973 4256
3973 4263
3973 4269
3973 4272
3973 4289
3973 4290
3976 4211
3976 4212
3976 4219
3976 4220
3976 4298
3977 4256
3985 4261
4001 4219
4001 4220
4001 4261
4007 4269
4007 4290
4020 4256
4020 4263
4036 4233
4037 4256
4040 4219
4040 4266
4041 4266
4041 4298
4042 4201
4042 4233
4042 4247
4044 4216
4044 4218
4044 4219
4044 4261
4044 4266
4044 4297
4045 4212
4045 4261
4045 4266
4045 4297
4045 4299
4046 4212
4046 4298
4056 4234
4063 4299
4077 4247
4077 4266
4077 4297
4065 4201
4065 4216
4065 4218
4065 4263
4065 4269
4065 4290
4065 4299
4070 4276
4070 4297
4070 4299
4072 4298
4073 4211
4073 4256
4073 4266
4073 4297
4073 4298
4074 4297
4098 4201
4098 4218
4098 4266
4098 4269
4099 4233
4111 4216
4111 4256
4111 4263
4111 4269
4111 4290
4111 4297
4076 4201
4076 4212
4076 4218
4076 4233
4076 4247
4076 4256
4076 4263
4076 4266
4076 4269
4076 4290
4123 4247
4123 4256
4123 4263
4123 4269
4124 4201
4124 4220
4124 4247
4124 4290
4127 4256
4127 4298
4128 4237
4128 4256
4136 4201
4136 4216
4136 4233
4136 4247
4136 4256
4136 4263
4136 4269
4136 4290
4137 4256
4137 4289
4138 4231
4138 4234
4138 4254
4138 4256
4138 4289
4138 4290
4138 4299
4140 4201
4141 4299
4142 4256
4142 4289
4142 4290
4142 4299
4144 4218
4144 4256
4144 4289
4151 4234
4151 4247
4152 4233
4152 4234
4152 4266
4152 4297
4152 4298
4159 4220
4162 4201
4162 4263
4162 4269
4162 4289
4162 4290
4169 4216
4169 4265
3819 4233
3819 4235
4189 4298
4199 4233
4199 4247
4201 4216
4200 4201
4207 4201
4208 4201
4208 4247
4202 4201
4203 4201
4204 4201
3995 4201
4209 4201
4205 4201
4205 4297
4210 4201
4206 4201
4211 4212
4211 4234
4211 4261
4211 4297
4214 4234
4217 4218
4219 4212
4219 4261
4219 4266
4219 4297
4224 4266
4228 4231
4232 4233
4234 4233
4093 4235
4236 4237
4240 4247
4243 4247
4244 4247
4241 4247
4242 4247
4245 4247
4246 4247
4252 4299
4229 4263
4229 4269
4255 4263
4255 4266
4255 4297
4259 4263
4260 4263
4261 4212
4261 4263
4261 4266
4266 4269
4267 4269
4273 4256
4273 4299
4276 4247
4282 4256
4283 4256
4284 4256
4285 4256
4291 4290
4292 4290
4295 4297
4295 4299
4296 4299
4297 4299
4298 4261
4298 4299
4315 4297
4329 4219
4342 4212
4371 4219
4400 4219
4415 4220
4425 4297
4428 4297
4431 4261
4433 4261
4437 4261
4437 4266
4441 4219
4441 4297
4442 4266
4442 4297
4443 4276
4455 4297
4458 4220
4467 4234
4468 4234
4477 4261
4509 4297
4511 4212
4511 4266
4531 4219
4536 4219
4536 4297
4536 4298
4547 4298
4550 4247
4564 4297
4574 4247
4581 4297
4587 4212
4587 4261
4588 4261
4588 4266
4598 4211
4632 4212
4632 4261
4632 4276
4632 4297
4633 4212
4633 4261
4635 4220
4661 4261
4666 4247
4673 4219
4681 4298
4682 4261
4682 4298
4687 4266
4688 4212
4688 4261
4688 4266
4693 4261
4692 4261
4694 4261
4695 4261
4696 4261
4697 4261
4698 4261
4699 4261
4700 4261
4701 4261
4702 4261
4703 4261
4704 4261
4705 4261
4706 4261
4706 4266
4707 4261
4708 4261
4709 4261
4710 4261
4711 4261
4715 4298
4712 4247
4726 4219
4755 4266
4756 4266
4757 4266
4748 4298
4774 4212
4798 4212
4799 4212
4818 4219
4843 4247
4862 4276
4879 4219
4899 4219
4899 4247
4899 4297
4929 4219
4937 4298
4943 4297
4948 4247
4948 4297
4964 4297
4966 4297
4967 4247
4967 4297
4972 4298
4982 4247
4988 4247
4989 4298
4993 4297
5006 4219
5039 4297
5071 4297
5079 4218
5079 4219
5079 4247
5081 4247
5099 4276
5119 4247
5050 4247
5173 4247
5175 4247
5176 4247
5176 4276
4310 4247
5179 4247
5179 4276
5181 4247
5184 4247
5188 4247
5189 4247
5190 4247
5262 4211
5404 4276
5455 4247
5479 4276
5532 4276
5598 4247
5599 4247
5600 4247
5601 4247
5602 4247
5603 4247
5612 4276
5644 4276
5691 4211
5787 4276
5800 4218
6270 4218
6486 4218
6619 4218
6615 4218
