6 6227
20 6229
20 6262
24 6229
24 6272
28 6251
44 6262
47 6227
27 6246
72 6229
87 6296
68 6229
68 6262
109 6272
109 6296
136 6262
136 6299
173 6269
237 6229
258 6262
260 6262
311 6299
336 6221
383 6296
395 6227
407 6246
425 6241
425 6255
432 6227
449 6221
457 6218
457 6221
457 6227
457 6229
457 6243
457 6261
457 6270
457 6272
457 6296
457 6299
553 6299
600 6229
634 6227
695 6251
695 6262
722 6299
737 6221
737 6227
737 6280
737 6299
763 6262
766 6221
766 6227
766 6229
766 6241
766 6243
766 6251
766 6262
766 6272
766 6296
766 6299
769 6229
788 6255
789 6229
789 6246
789 6262
825 6218
825 6229
825 6246
825 6251
837 6229
854 6251
856 6299
852 6255
896 6299
996 6246
996 6262
1009 6251
1037 6299
1041 6262
1041 6270
1064 6243
1074 6221
1074 6299
1075 6229
1098 6241
1098 6270
1098 6296
1098 6299
1133 6226
1133 6229
1133 6246
1133 6262
1151 6226
1151 6229
1166 6218
1166 6221
1166 6246
1166 6251
1166 6255
1166 6262
1166 6270
1166 6299
1204 6299
1244 6262
1286 6227
1360 6262
1374 6241
1374 6299
1385 6299
1395 6227
1395 6229
1470 6229
1470 6246
1470 6251
1470 6262
1471 6272
1471 6299
1497 6229
1506 6296
1542 6227
1542 6229
1542 6241
1542 6243
1542 6246
1542 6261
1549 6299
1608 6246
1612 6270
1661 6218
1661 6296
1701 6221
1701 6229
1697 6255
1720 6227
1722 6227
1688 6227
1762 6221
1762 6299
1796 6221
1796 6270
1799 6221
1803 6226
1823 6272
1835 6229
1874 6229
1915 6246
1915 6251
1931 6227
1982 6270
2135 6218
2135 6262
2145 6221
2145 6299
2186 6229
2186 6299
2215 6296
2226 6299
2231 6251
2237 6229
2249 6299
2256 6296
2258 6229
2258 6251
2264 6243
2294 6229
2322 6227
2323 6255
2328 6296
2369 6227
2369 6235
2376 6218
2412 6243
2452 6280
2485 6227
2485 6229
2504 6296
2511 6241
2542 6229
2565 6227
2565 6241
2565 6243
2565 6270
2565 6272
2565 6299
2599 6251
2623 6261
2623 6279
2658 6243
2677 6272
2688 6221
2688 6226
2688 6227
2688 6229
2688 6246
2688 6251
2688 6262
2688 6272
2688 6296
2704 6229
2660 6262
2667 6218
2667 6229
2744 6229
2744 6246
2744 6251
2765 6227
2790 6235
2790 6246
2790 6255
2467 6221
2908 6251
2972 6235
2972 6246
2972 6251
2972 6272
3028 6261
3032 6218
3032 6251
3032 6272
3291 6246
3348 6299
3381 6218
3381 6221
3381 6227
3381 6243
3381 6262
3381 6272
3447 6218
3447 6225
3447 6241
3447 6246
3447 6255
3447 6261
3447 6262
3447 6270
3447 6272
3447 6299
3449 6218
3449 6229
3449 6246
3449 6251
3449 6262
3449 6296
3453 6272
3453 6296
3457 6235
3459 6221
3459 6272
3459 6299
3469 6262
3479 6218
3483 6251
3478 6227
3498 6299
3522 6246
3586 6226
3586 6227
3586 6251
3586 6270
3586 6272
3586 6296
3601 6251
3614 6227
3614 6229
3634 6218
3634 6251
3634 6262
3635 6243
3641 6227
3641 6229
3641 6272
3642 6218
3642 6221
3642 6226
3642 6229
3642 6246
3642 6251
3642 6255
3642 6262
3642 6269
3642 6296
3642 6299
3658 6227
3662 6299
3571 6227
3752 6241
3786 6262
3787 6246
3787 6251
3787 6255
3787 6262
3792 6296
3910 6270
3920 6299
3922 6299
3965 6270
3976 6257
3976 6261
3976 6269
3976 6278
3985 6296
4013 6218
4036 6229
4040 6269
4040 6278
4041 6255
4045 6229
4046 6241
4046 6270
4071 6296
4073 6218
4099 6299
4144 6221
4144 6246
4144 6255
4144 6262
4144 6296
4144 6299
4276 6229
4338 6229
4353 6229
4353 6262
4353 6296
4364 6246
4416 6229
4437 6299
4438 6257
4455 6270
4483 6221
4483 6225
4483 6243
4483 6269
4550 6251
4550 6255
4574 6262
4598 6246
4598 6261
4598 6270
4598 6299
4600 6229
4632 6218
4632 6227
4632 6246
4632 6251
4632 6255
4632 6262
4632 6299
4673 6218
4717 6221
4717 6272
4712 6255
4712 6262
4712 6269
4712 6270
4746 6296
4764 6221
4764 6229
4764 6243
4781 6246
4879 6243
4894 6225
4894 6226
4894 6246
4894 6255
4894 6261
4894 6269
4899 6246
4899 6251
4899 6299
4924 6251
4967 6218
4967 6221
4967 6225
4967 6226
4967 6227
4967 6229
4967 6235
4967 6246
4967 6251
4967 6257
4967 6272
4967 6296
4970 6229
4988 6246
4989 6262
4994 6299
5002 6221
5002 6296
5022 6218
5022 6229
5022 6246
5022 6251
5022 6255
5022 6262
5020 6229
5020 6251
5020 6278
5028 6218
5053 6229
5053 6299
5079 6221
5079 6272
5079 6299
5106 6227
5102 6227
5103 6227
5110 6246
5110 6251
5110 6255
4828 6218
4828 6262
4828 6272
5121 6296
5123 6299
5125 6229
5125 6246
5125 6251
5125 6296
5171 6221
5173 6270
5173 6299
4795 6218
4795 6270
5177 6221
5177 6229
5177 6251
5177 6262
5177 6296
4310 6243
4310 6296
4310 6299
5179 6221
5179 6229
5179 6246
5179 6251
5179 6255
5179 6262
5179 6270
5179 6272
5179 6296
5179 6299
5185 6218
5185 6221
5185 6227
5185 6229
5185 6251
5185 6272
5185 6299
5188 6221
5188 6227
5188 6262
5188 6272
5188 6299
5189 6218
5189 6226
5189 6229
5189 6246
5189 6251
5189 6261
5189 6262
5189 6269
5189 6278
5189 6296
5194 6262
5196 6251
5217 6299
5254 6299
5255 6255
5262 6246
5262 6262
5301 6218
5301 6229
5321 6255
5339 6255
5360 6251
5391 6218
5404 6255
5404 6299
5439 6218
5439 6255
5439 6261
5457 6251
5457 6261
5482 6229
5487 6246
5524 6221
5524 6227
5524 6241
5524 6243
5524 6251
5524 6270
5524 6272
5524 6296
5524 6299
5531 6218
5531 6243
5531 6246
5531 6251
5531 6255
5531 6262
5531 6272
5531 6296
5531 6299
5532 6229
5543 6227
5543 6246
5543 6251
5543 6272
5543 6296
5543 6299
5549 6229
5582 6218
5582 6221
5582 6299
5589 6218
5589 6246
5589 6296
5591 6218
5591 6246
5591 6262
5616 6229
5617 6246
5630 6221
5630 6235
5630 6246
5630 6251
5630 6255
5630 6269
5630 6278
5644 6251
5644 6255
5644 6262
5655 6226
5655 6235
5655 6269
5655 6299
5691 6255
5692 6299
5696 6229
5696 6255
5696 6299
5697 6218
5697 6221
5697 6227
5697 6246
5697 6251
5697 6255
5697 6262
5697 6270
5697 6272
5697 6296
5704 6226
5714 6229
5757 6218
5760 6299
5768 6251
5769 6299
5775 6270
5772 6299
5773 6227
5773 6272
5776 6262
5783 6255
5787 6229
5796 6218
5796 6227
5796 6229
5796 6270
5796 6272
5796 6299
5798 6261
5799 6218
5799 6296
5800 6221
5800 6227
5800 6243
5800 6270
5800 6272
5800 6299
5802 6218
5802 6227
5802 6243
5802 6270
5802 6272
5802 6299
5806 6243
5806 6296
5806 6299
5805 6251
5809 6218
5809 6296
5811 6299
5812 6218
5812 6246
5812 6251
5812 6262
5812 6296
5814 6221
5814 6299
5816 6221
5816 6246
5817 6255
5817 6299
5818 6246
5818 6251
5818 6255
5818 6262
5818 6296
5820 6241
5822 6251
5822 6299
5824 6246
5824 6299
5829 6246
5857 6227
5857 6272
5862 6272
5871 6272
5923 6227
5935 6226
5935 6235
5999 6246
6000 6270
6006 6272
6020 6226
6020 6255
6024 6218
6024 6251
6023 6218
6023 6261
6032 6243
6072 6241
6097 6299
6094 6229
6108 6229
6110 6246
6126 6229
6134 6296
6156 6218
6156 6221
6170 6251
6200 6246
6192 6262
6213 6229
6218 6299
6220 6262
6220 6299
6221 6296
6229 6227
6227 6229
6230 6229
6228 6229
6232 6218
6239 6218
6241 6299
6242 6251
6244 6246
6245 6246
6243 6246
6252 6255
6253 6255
6254 6255
6258 6259
6263 6262
6264 6262
6265 6262
6266 6267
6270 6272
6270 6299
6280 6299
6291 6296
6292 6296
6293 6296
6294 6296
6297 6296
6295 6296
6299 6218
6299 6270
6305 6218
6305 6221
6305 6227
6305 6299
6339 6218
6359 6221
6359 6227
6359 6272
6359 6299
6360 6218
6351 6218
6371 6218
6327 6270
6327 6299
6398 6270
6443 6270
6443 6299
6483 6299
6503 6221
6555 6299
6563 6299
6577 6227
6552 6221
6552 6243
6596 6241
6596 6299
6618 6270
6618 6272
6619 6227
6619 6243
6619 6272
6619 6299
6615 6270
6615 6272
6615 6299
6624 6241
6624 6243
6624 6299
6625 6227
6626 6221
6649 6227
6649 6272
6665 6221
6666 6221
6666 6299
6703 6221
6711 6299
6714 6243
6714 6299
6611 6270
6758 6243
6774 6243
6774 6272
6789 6299
6859 6272
6620 6227
6620 6270
6620 6272
6902 6241
6913 6270
6914 6243
6914 6270
6906 6299
6907 6241
6907 6243
6907 6299
6926 6227
6927 6227
6934 6270
6935 6272
6941 6241
6959 6243
6993 6243
7052 6241
7052 6243
7045 6241
7055 6241
7055 6243
7057 6241
7057 6243
7080 6243
7080 6270
7086 6243
7092 6243
5015 6299
7099 6270
7120 6241
7129 6299
7188 6299
7203 6270
7231 6241
7231 6243
7237 6243
7239 6243
7280 6241
7280 6299
7293 6299
7295 6299
7294 6243
7327 6299
7281 6299
7332 6299
7335 6299
7336 6299
7337 6299
7350 6243
7402 6241
7482 6243
7483 6243
7598 6241
7614 6241
7639 6280
7638 6280
7679 6241
