11 2720
11 2727
11 2746
11 2754
11 2760
11 2763
11 2775
11 2777
11 2787
11 2794
12 2708
20 2774
20 2775
20 2777
21 2727
24 2707
24 2746
24 2754
24 2760
24 2763
36 2775
37 2775
47 2754
47 2777
53 2774
59 2724
59 2727
66 2799
72 2774
72 2775
86 2754
86 2763
86 2775
86 2799
71 2763
71 2775
87 2754
87 2764
87 2774
87 2790
90 2760
103 2775
68 2708
68 2760
68 2764
68 2765
68 2774
68 2775
122 2700
122 2747
122 2768
122 2799
113 2754
127 2747
127 2754
127 2790
128 2768
138 2777
139 2790
172 2700
172 2708
172 2724
173 2774
173 2787
180 2720
180 2727
180 2777
182 2774
182 2775
182 2777
188 2713
199 2721
215 2736
215 2754
226 2775
226 2777
237 2754
237 2763
237 2768
237 2794
259 2770
263 2774
275 2790
275 2794
275 2799
280 2775
280 2785
291 2790
290 2708
306 2727
306 2747
306 2754
306 2790
308 2774
310 2700
310 2754
310 2794
311 2708
311 2720
311 2763
311 2775
311 2790
313 2763
313 2790
317 2707
319 2774
319 2775
336 2727
346 2720
346 2721
346 2724
346 2747
356 2770
364 2777
383 2770
405 2790
407 2774
407 2775
325 2790
425 2700
425 2708
457 2708
457 2727
457 2746
457 2763
457 2764
457 2765
457 2768
457 2774
457 2775
457 2785
542 2774
545 2708
546 2763
583 2763
583 2775
582 2760
600 2736
600 2775
625 2774
634 2774
644 2790
650 2785
663 2700
667 2763
689 2736
695 2747
695 2777
704 2708
706 2763
708 2768
708 2790
722 2707
722 2720
722 2721
722 2727
722 2754
722 2775
722 2777
722 2785
722 2787
722 2790
722 2794
722 2797
722 2799
727 2775
727 2777
742 2721
697 2785
749 2770
759 2754
763 2754
766 2700
766 2707
766 2713
766 2721
766 2747
766 2754
766 2760
766 2763
766 2764
766 2765
766 2774
766 2775
766 2785
766 2787
766 2790
766 2794
762 2790
769 2770
769 2775
788 2790
784 2727
784 2746
784 2747
784 2754
784 2763
789 2754
789 2763
789 2775
789 2777
789 2787
789 2794
795 2775
805 2774
813 2707
813 2727
813 2747
813 2763
813 2790
816 2775
826 2708
826 2713
826 2720
826 2724
826 2785
826 2787
826 2797
825 2700
825 2790
825 2794
825 2799
836 2763
838 2799
841 2707
841 2721
841 2754
841 2763
841 2768
841 2770
856 2700
856 2713
856 2747
856 2754
869 2707
879 2746
879 2760
895 2763
898 2764
898 2765
904 2751
904 2754
908 2763
928 2707
946 2720
946 2799
947 2713
956 2777
974 2747
975 2708
982 2708
982 2747
986 2763
988 2700
988 2708
988 2713
988 2727
988 2746
988 2747
988 2754
988 2760
988 2799
993 2708
993 2763
994 2775
996 2707
996 2708
996 2713
996 2754
996 2763
996 2764
996 2768
996 2774
996 2775
996 2785
996 2787
996 2794
1006 2763
1024 2785
1034 2775
1041 2747
1041 2790
1042 2763
1042 2785
1043 2787
1050 2708
1050 2777
1055 2747
1055 2774
1055 2775
1055 2790
1062 2707
1062 2727
1062 2746
872 2770
1082 2708
1097 2768
1097 2794
1098 2707
1098 2721
1098 2781
1098 2785
1098 2794
1103 2708
1127 2707
1127 2787
1129 2790
1132 2787
1133 2700
1133 2760
1133 2765
1133 2775
1133 2787
1133 2790
1135 2724
1135 2794
1137 2724
1137 2754
1137 2763
1137 2768
1137 2777
1137 2781
1137 2785
1142 2781
1151 2700
1151 2707
1151 2713
1151 2747
1151 2754
1151 2763
1151 2768
1151 2775
1154 2770
1154 2781
1165 2707
1166 2700
1166 2708
1166 2721
1166 2724
1166 2736
1166 2747
1166 2754
1166 2763
1166 2774
1166 2775
1166 2785
1166 2787
1166 2790
1166 2794
1167 2754
1167 2770
1169 2754
1183 2754
1200 2713
1200 2724
1200 2754
1200 2768
1200 2785
1200 2787
1200 2794
1204 2700
1204 2713
1210 2713
1210 2785
1211 2763
1215 2736
1221 2707
1236 2727
1236 2746
1247 2774
1247 2775
1253 2770
1253 2797
1259 2727
1259 2790
1267 2707
1267 2746
1282 2763
1282 2777
1297 2727
1305 2700
1305 2707
1305 2708
1305 2713
1305 2720
1305 2721
1305 2724
1305 2727
1305 2746
1305 2747
1305 2754
1305 2763
1305 2768
1305 2770
1305 2777
1305 2794
1305 2799
1306 2707
1319 2727
1319 2746
1319 2754
1322 2785
1354 2770
1357 2727
1357 2763
1357 2794
1365 2774
1374 2713
1374 2747
1374 2754
1374 2763
1374 2764
1374 2768
1374 2775
1374 2785
1374 2787
1374 2794
1382 2727
1384 2727
1384 2751
1390 2707
1390 2721
1395 2707
1395 2760
1395 2763
1395 2794
1416 2700
1419 2720
1419 2736
1184 2777
1184 2781
1184 2787
1184 2797
1463 2794
1466 2764
1470 2747
1470 2768
1470 2775
1470 2790
1473 2763
1473 2790
1487 2700
1492 2700
1492 2713
1492 2746
1496 2708
1496 2713
1496 2727
1496 2746
1496 2747
1496 2794
1497 2763
1499 2794
1500 2777
1500 2794
1521 2727
1521 2746
1522 2746
1522 2754
1538 2774
1537 2707
1537 2713
1537 2746
1537 2790
1542 2746
1552 2775
1553 2781
1547 2768
1549 2700
1549 2707
1549 2713
1549 2721
1549 2727
1549 2746
1549 2747
1549 2754
1549 2760
1549 2763
1549 2765
1549 2774
1549 2785
1549 2787
1549 2790
1549 2794
1583 2700
1583 2707
1583 2721
1583 2754
1583 2763
1583 2785
1583 2794
1585 2763
1592 2794
1594 2794
1608 2707
1608 2721
1608 2747
1608 2754
1608 2763
1608 2794
1613 2790
1614 2760
1614 2777
1621 2763
1622 2727
1622 2746
1625 2763
1639 2775
1644 2774
1646 2768
1658 2787
1564 2713
1667 2763
1670 2763
1670 2787
1670 2797
1691 2754
1691 2775
1697 2774
1697 2790
1700 2751
1700 2777
1700 2781
1700 2785
1700 2794
1700 2797
1705 2707
1705 2721
1707 2790
1707 2794
1709 2794
1717 2736
1717 2754
1730 2763
1734 2727
1737 2799
1748 2774
1749 2700
1749 2707
1749 2713
1749 2747
1749 2754
1749 2763
1766 2777
1767 2727
1767 2775
1767 2781
1767 2794
1767 2797
1769 2774
1769 2785
1769 2794
1772 2720
1772 2777
1772 2785
1772 2794
1772 2797
1772 2798
1783 2713
1783 2746
1783 2790
1789 2787
1792 2754
1792 2777
1795 2700
1795 2747
1799 2790
1800 2774
1808 2708
1808 2751
1808 2794
1813 2746
1813 2760
1814 2707
1814 2721
1814 2724
1814 2775
1820 2727
1820 2736
1820 2754
1835 2707
1835 2754
1835 2770
1832 2746
1847 2747
1847 2790
1848 2754
1848 2763
1857 2785
1857 2787
1875 2794
1885 2713
1888 2781
1888 2794
1891 2724
1891 2770
1896 2700
1919 2763
1919 2768
1922 2707
1922 2708
1922 2713
1922 2721
1922 2724
1922 2751
1922 2754
1922 2787
1922 2790
1947 2727
1966 2775
1964 2764
1964 2765
1964 2794
1967 2708
1967 2746
1972 2700
1972 2707
1972 2727
1972 2746
1972 2747
1980 2794
1981 2799
1991 2707
1991 2768
1991 2777
1991 2794
1794 2794
2065 2736
2072 2707
2072 2721
2072 2754
2072 2777
2072 2785
2072 2787
2072 2794
2093 2707
2093 2720
2093 2790
2102 2707
2102 2790
2109 2775
2114 2727
2115 2785
2116 2721
2116 2794
2118 2707
2118 2727
2118 2774
2118 2775
2118 2777
2120 2720
2120 2724
2120 2751
2120 2774
2120 2781
2120 2797
2120 2799
2133 2707
2133 2720
2133 2721
2133 2754
2133 2768
2133 2777
2133 2781
2133 2794
2133 2797
2135 2707
2135 2747
2135 2763
2135 2774
2135 2775
2135 2790
2135 2794
2145 2747
2145 2774
2145 2775
2145 2790
2145 2794
2156 2736
2171 2708
2171 2754
2171 2790
2172 2777
2172 2794
2174 2751
2174 2754
2174 2770
2174 2775
2174 2777
2176 2700
2186 2727
2186 2747
2186 2775
2206 2720
2206 2777
2209 2720
2210 2790
2225 2775
2226 2790
2234 2724
2230 2794
2231 2720
2231 2736
2229 2700
2229 2708
2229 2713
2229 2720
2229 2724
2229 2754
2232 2720
2232 2781
2236 2700
2236 2708
2236 2713
2236 2721
2236 2724
2236 2754
2237 2700
2237 2707
2237 2746
2237 2747
2237 2760
2237 2790
2240 2746
2249 2754
2251 2707
2251 2721
2252 2747
2255 2707
2256 2707
2256 2720
2256 2736
2256 2747
2256 2751
2256 2754
2256 2763
2256 2770
2256 2774
2256 2777
2256 2781
2256 2785
2256 2787
2256 2790
2256 2794
2256 2797
2256 2799
2257 2708
2257 2764
2258 2727
2258 2760
2258 2774
2258 2775
2264 2774
2264 2775
2264 2794
2285 2713
2290 2727
2290 2746
2290 2747
2297 2727
2297 2746
2297 2774
2297 2775
2297 2794
2297 2797
2298 2794
2298 2797
2299 2700
2299 2746
2299 2754
2299 2794
2307 2746
2323 2746
2323 2747
2323 2794
2326 2727
2326 2746
2326 2747
2326 2790
2326 2799
2328 2707
2328 2727
2328 2746
2328 2747
2328 2754
2328 2763
2328 2768
2328 2774
2328 2781
2328 2794
2332 2708
2332 2754
2272 2785
2365 2727
2365 2746
2365 2754
2365 2775
2366 2736
2368 2760
2369 2785
2369 2787
2371 2707
2371 2724
2381 2790
2384 2760
2387 2775
2398 2746
2398 2790
2410 2794
2411 2708
2411 2713
2411 2724
2411 2727
2411 2746
2411 2777
2411 2790
2411 2794
2411 2797
2411 2799
2413 2747
2416 2708
2416 2721
2416 2763
2416 2781
2417 2721
2435 2754
2435 2770
2435 2781
2435 2794
2472 2707
2472 2713
2472 2754
2472 2763
2472 2768
2472 2770
2473 2707
2473 2713
2473 2721
2473 2724
2473 2751
2473 2754
2473 2763
2473 2768
2473 2794
2476 2707
2476 2724
2485 2700
2485 2713
2485 2727
2485 2746
2485 2747
2497 2720
2502 2770
2504 2775
2504 2794
2506 2727
2506 2774
2507 2713
2507 2724
2507 2794
2509 2720
2509 2770
2510 2700
2510 2707
2510 2727
2510 2754
2510 2794
2535 2775
2535 2790
2541 2708
2541 2724
2541 2799
2542 2707
2542 2746
2542 2768
2542 2787
2546 2794
2547 2724
2547 2768
2547 2777
2547 2790
2547 2794
2547 2797
2547 2799
2548 2794
2549 2727
2549 2746
2550 2794
2550 2797
899 2754
899 2768
899 2777
899 2794
2555 2794
2557 2707
2557 2763
2557 2768
2557 2770
2557 2777
2557 2781
2557 2785
2557 2794
2557 2797
2469 2794
2559 2721
2559 2785
2559 2794
2560 2708
2560 2727
2560 2794
2560 2799
2563 2777
2565 2700
2565 2707
2565 2708
2565 2713
2565 2721
2565 2724
2565 2727
2565 2746
2565 2747
2565 2754
2565 2763
2565 2764
2565 2768
2565 2770
2565 2775
2565 2777
2565 2785
2565 2787
2565 2790
2565 2794
2565 2799
2576 2700
2576 2713
2576 2724
2576 2760
2576 2765
2576 2768
2587 2775
2585 2746
2585 2790
2593 2727
2593 2751
2594 2700
2594 2746
2594 2751
2594 2797
2595 2746
2595 2794
2596 2790
2474 2707
2474 2721
2474 2736
2474 2763
2474 2774
2474 2794
2605 2707
2609 2720
2613 2727
2613 2790
2617 2775
2617 2794
2618 2713
2618 2746
2618 2747
2618 2751
2618 2790
2623 2746
2623 2799
2626 2763
2646 2720
2646 2721
2647 2797
2651 2707
2651 2713
2651 2727
2651 2746
2651 2747
2651 2760
2653 2727
2653 2747
2655 2775
2657 2727
2657 2747
2657 2790
2658 2727
2658 2747
2658 2760
2658 2799
2672 2720
2674 2700
2674 2708
2674 2713
2674 2775
2674 2785
2683 2700
2699 2708
2699 2713
2699 2727
2700 2708
2700 2713
2700 2727
2700 2746
2700 2747
2700 2799
2701 2708
2686 2700
2686 2708
2686 2713
2686 2724
2686 2754
2686 2790
2686 2799
2687 2708
2687 2754
2702 2708
2702 2775
2703 2700
2703 2708
2703 2713
2703 2754
2688 2700
2688 2708
2688 2713
2688 2724
2688 2727
2688 2746
2688 2747
2688 2754
2688 2760
2688 2764
2688 2765
2688 2774
2688 2775
2688 2785
2688 2787
2688 2790
2688 2799
2704 2708
2704 2724
2660 2708
2660 2713
2660 2747
2660 2754
2660 2787
2689 2700
2689 2708
2667 2708
2667 2764
2667 2765
2667 2774
2690 2708
2690 2713
2691 2700
2691 2708
2691 2727
2692 2700
2692 2708
2692 2713
2693 2708
2693 2747
2693 2774
2693 2787
2705 2708
2706 2700
2706 2708
2694 2708
2694 2790
2695 2708
2696 2708
2696 2713
2696 2790
2697 2708
2697 2775
2697 2790
2698 2700
2698 2708
2698 2799
2719 2720
2740 2754
2740 2768
2740 2785
2741 2736
2744 2781
2744 2785
2744 2787
2747 2746
2746 2781
2752 2754
2753 2754
2757 2770
2759 2763
2760 2763
2761 2763
2762 2763
2765 2764
2768 2707
2768 2721
2768 2799
2771 2770
2769 2770
2774 2775
2775 2777
2776 2777
2778 2781
2778 2787
2779 2781
2780 2781
2782 2785
2783 2785
2784 2785
2786 2787
2789 2794
2790 2700
2790 2713
2790 2747
2790 2794
2791 2794
2792 2794
2793 2794
2796 2797
2804 2747
2804 2799
2544 2790
2822 2707
2654 2713
2654 2724
2654 2746
2838 2727
2838 2746
2851 2774
2852 2775
2855 2764
2855 2774
2859 2746
2859 2775
2859 2790
2871 2700
2871 2707
2871 2713
2871 2724
2871 2746
2871 2775
2871 2790
2872 2721
2872 2727
2872 2746
2872 2790
2900 2790
2912 2724
2923 2746
2933 2724
2939 2707
2940 2700
2940 2727
2941 2747
2950 2707
2951 2760
2951 2790
2958 2727
2958 2746
2958 2790
2964 2746
2967 2707
2967 2760
2967 2775
2967 2787
2967 2790
2968 2785
2972 2746
2972 2760
2972 2787
2974 2775
2994 2707
3000 2724
3009 2765
3009 2774
3005 2700
3006 2707
3006 2721
3010 2707
3010 2721
3010 2727
3010 2747
3010 2799
2707 2787
3015 2707
3016 2707
3017 2707
3018 2707
3019 2707
3020 2700
3020 2707
3020 2713
3021 2707
3022 2707
3024 2746
3024 2747
3025 2721
3026 2700
3026 2721
3026 2747
3026 2760
3026 2775
3027 2774
3028 2799
3032 2713
3032 2724
3032 2747
3032 2754
3032 2775
3032 2790
2713 2746
2713 2747
2713 2754
2713 2799
3046 2724
3055 2746
3055 2799
3057 2747
3057 2790
2356 2727
2356 2746
3062 2713
3062 2724
3072 2724
3072 2727
3081 2724
3084 2727
3084 2746
3084 2790
3086 2775
3090 2727
3092 2700
3092 2713
3092 2765
3098 2700
3098 2713
3098 2724
3095 2713
3095 2724
2842 2700
2842 2746
2842 2747
2842 2799
2003 2727
2003 2775
3125 2747
3144 2700
3144 2713
3150 2774
3151 2724
3152 2724
3168 2760
3172 2775
3175 2727
3180 2746
3196 2700
3196 2727
3202 2700
3209 2700
3227 2790
3238 2774
3250 2700
3252 2700
3252 2727
3256 2746
3256 2790
3258 2727
3258 2775
3274 2790
3276 2727
3276 2746
3291 2727
3304 2790
3282 2747
3282 2790
3290 2746
3290 2747
3317 2746
3352 2727
3352 2746
3352 2747
3352 2760
3352 2775
3352 2785
3352 2787
3352 2790
3366 2775
3373 2746
3375 2727
3375 2746
3380 2727
3380 2790
3381 2774
3381 2785
3394 2727
3394 2746
3394 2747
3394 2775
3394 2790
3394 2799
3402 2760
3402 2775
3402 2799
3404 2727
3404 2747
3433 2775
3443 2799
3445 2775
3439 2747
3447 2774
3447 2775
3449 2760
3449 2764
3449 2765
3449 2774
3449 2775
3449 2787
3449 2790
3450 2760
3452 2760
3452 2765
3452 2787
3452 2790
3453 2760
3453 2765
3453 2775
3453 2785
3453 2790
3454 2760
3454 2775
3454 2790
3455 2775
3455 2787
3455 2790
3456 2760
3456 2775
3456 2787
3457 2775
3457 2787
3457 2790
3457 2799
3458 2727
3459 2765
3461 2760
3461 2787
3462 2760
3463 2790
3472 2775
3475 2790
3480 2727
3480 2775
3481 2799
3477 2727
3477 2746
3477 2747
3478 2775
3498 2775
3512 2799
3519 2746
3521 2790
3523 2727
3523 2747
3527 2727
3527 2785
3532 2727
3532 2747
3536 2799
3541 2727
3541 2746
3544 2799
3555 2746
3556 2727
3557 2799
3558 2799
3562 2727
3562 2746
3568 2760
3569 2747
3583 2747
3586 2774
3591 2787
3601 2774
3597 2747
3610 2747
3614 2727
3614 2764
3614 2765
3614 2775
3614 2787
3614 2790
3615 2746
3615 2760
3622 2727
3622 2747
3624 2746
3629 2727
3630 2746
3631 2790
3633 2746
3634 2764
3635 2746
3635 2760
3636 2774
3639 2760
3641 2746
3641 2790
3642 2765
3642 2774
3642 2775
3643 2790
3645 2746
3658 2774
3659 2727
3661 2746
3666 2775
3674 2747
3675 2747
3676 2747
3677 2747
3678 2727
3724 2746
3728 2774
3728 2785
3729 2775
3729 2790
3731 2727
3748 2790
3766 2790
3770 2746
3786 2746
3786 2774
3787 2727
3787 2774
3787 2785
3787 2790
3792 2727
3796 2760
3796 2775
3796 2787
3806 2775
3806 2790
3812 2746
3813 2775
3814 2746
3854 2764
3902 2760
3902 2790
3912 2746
3920 2785
3947 2746
3949 2746
3956 2760
3961 2746
3965 2774
3965 2790
3969 2774
3969 2785
3969 2790
3976 2775
3976 2790
3977 2790
3982 2775
3985 2775
3997 2746
3998 2746
3999 2746
4000 2746
4001 2746
3898 2746
4036 2775
4036 2787
4040 2765
4040 2790
4045 2765
4045 2775
4045 2785
4045 2787
4046 2785
4046 2787
4046 2790
4056 2787
4056 2790
4059 2775
4065 2760
4065 2775
4065 2787
4070 2775
4072 2760
4072 2790
4073 2765
4073 2775
4073 2790
4074 2760
4099 2774
4099 2775
4099 2790
4076 2790
4123 2790
4124 2790
4138 2764
4144 2774
4144 2775
4144 2790
4150 2775
4151 2760
4151 2775
4152 2790
4211 2790
4212 2775
4212 2785
4219 2760
4219 2790
4222 2790
4224 2790
4338 2775
4335 2785
4364 2774
4441 2775
4441 2787
4441 2790
4483 2765
4489 2775
4496 2775
4511 2790
4531 2760
4531 2775
4536 2790
4547 2760
4547 2775
4550 2764
4564 2790
4567 2790
4586 2790
4592 2775
4600 2760
4602 2760
4601 2760
4626 2775
4487 2775
4632 2774
4673 2774
4682 2790
4686 2775
4688 2775
4688 2787
4718 2785
4721 2790
4720 2790
4712 2774
4725 2787
4751 2775
4813 2764
4824 2775
4829 2785
4832 2775
4859 2775
4894 2764
4899 2774
4937 2787
4948 2764
4948 2785
4948 2787
4966 2764
4967 2764
4967 2765
4967 2774
4967 2775
4967 2785
2346 2764
4980 2774
4981 2787
4982 2775
5003 2775
5006 2775
5008 2775
5012 2764
5016 2775
5017 2775
5018 2775
5022 2774
5020 2785
5029 2785
5035 2787
5036 2787
5037 2787
5053 2774
5079 2774
5102 2765
5102 2785
5103 2774
5103 2785
5110 2785
4828 2774
5119 2764
5123 2774
5123 2775
5125 2774
5139 2765
5171 2764
5173 2775
5175 2764
5176 2764
5176 2765
4310 2774
4310 2775
5179 2764
5179 2765
5179 2774
5180 2765
5180 2775
5181 2764
5184 2764
5185 2774
5188 2764
5188 2775
5188 2785
5189 2764
5189 2774
5190 2764
5191 2764
5196 2774
5250 2764
5250 2785
5263 2765
5263 2775
5263 2785
5295 2785
5317 2775
5334 2785
5376 2785
5377 2785
5378 2785
5382 2764
5423 2774
5437 2765
5457 2774
5487 2764
5524 2774
5524 2785
5531 2774
5543 2765
5543 2774
5578 2764
5579 2764
5580 2764
5581 2764
5581 2765
5582 2764
5582 2774
5582 2785
5583 2764
5583 2765
5584 2764
5591 2774
5591 2775
5612 2775
5616 2775
5691 2775
5696 2774
5697 2774
5697 2785
5714 2774
5739 2765
5775 2785
5783 2775
5785 2775
5786 2775
5787 2775
5796 2774
5800 2785
5802 2785
5811 2785
5816 2774
5823 2774
5857 2765
5940 2774
5945 2765
6017 2774
6026 2765
6093 2785
6156 2774
6299 2774
6305 2785
6317 2774
6324 2774
6346 2774
6347 2774
6348 2774
6349 2774
6350 2774
6327 2785
6443 2785
6555 2785
6618 2785
6615 2785
6665 2785
6714 2785
6611 2785
6620 2785
6913 2785
6907 2785
6934 2785
7092 2785
7099 2785
7104 2785
7106 2785
7197 2785
7198 2785
