11 4613
11 4661
11 4662
15 4600
15 4645
15 4658
44 4687
53 4666
29 4666
66 4687
86 4687
87 4632
87 4687
90 4666
103 4666
68 4604
68 4613
68 4631
109 4632
109 4687
122 4662
122 4687
138 4661
171 4689
178 4646
291 4661
291 4662
291 4666
306 4661
308 4687
311 4650
319 4632
335 4632
346 4661
346 4666
371 4661
432 4600
432 4653
432 4666
432 4687
456 4687
457 4600
457 4613
457 4621
457 4653
457 4666
457 4687
457 4689
580 4653
583 4687
582 4605
582 4661
582 4662
582 4666
667 4600
667 4687
665 4687
689 4666
690 4600
695 4639
704 4661
737 4632
742 4605
697 4661
697 4666
749 4666
759 4653
759 4666
766 4600
766 4604
766 4613
766 4631
766 4632
766 4646
766 4653
766 4661
766 4662
766 4666
766 4687
766 4689
788 4687
789 4600
789 4632
789 4687
813 4613
813 4653
825 4678
825 4687
841 4645
844 4666
852 4687
879 4613
879 4639
879 4661
879 4662
996 4600
996 4661
996 4666
1042 4653
1075 4666
1098 4632
1098 4666
1132 4687
1133 4600
1133 4620
1133 4621
1133 4631
1133 4646
1133 4648
1133 4662
1133 4666
1133 4677
1137 4653
1142 4631
1151 4653
1166 4666
1267 4600
1286 4613
1286 4646
1286 4662
1285 4600
1285 4687
1336 4687
1374 4600
1374 4632
1374 4653
1374 4666
1395 4600
1184 4613
1184 4631
1184 4648
1184 4661
1470 4645
1470 4687
1542 4613
1542 4645
1542 4646
1542 4661
1542 4666
1549 4600
1549 4632
1549 4646
1549 4653
1549 4661
1549 4666
1550 4613
1608 4604
1612 4666
1614 4600
1530 4632
1644 4600
1661 4687
1678 4654
1701 4600
1697 4687
1748 4605
1799 4662
1811 4632
1807 4653
1823 4600
1835 4632
1865 4666
1964 4666
1972 4600
1972 4604
1980 4662
2001 4666
2009 4687
2010 4687
2011 4687
2109 4661
2109 4666
2135 4604
2135 4661
2144 4687
2145 4687
2174 4687
2186 4604
2226 4661
2237 4600
2237 4613
2237 4653
2237 4661
2237 4662
2237 4666
2237 4687
2256 4677
2256 4678
2258 4666
2297 4604
2297 4687
2323 4687
2328 4604
2371 4653
2381 4687
2384 4600
2384 4687
2387 4600
2387 4653
2427 4687
2437 4687
2440 4646
2440 4687
2444 4600
2451 4687
2456 4689
2481 4632
2485 4600
2485 4613
2485 4653
2485 4666
2488 4646
2542 4604
2542 4687
2547 4662
2547 4687
2557 4613
2565 4600
2565 4605
2565 4613
2565 4620
2565 4631
2565 4632
2565 4646
2565 4648
2565 4653
2565 4661
2565 4662
2565 4666
2576 4613
2587 4661
2592 4625
2605 4653
2623 4666
2623 4687
2651 4620
2651 4646
2651 4648
2651 4662
2655 4687
2658 4620
2658 4632
2658 4645
2658 4650
2658 4654
2677 4666
2686 4621
2688 4600
2688 4604
2688 4620
2688 4645
2688 4646
2688 4650
2688 4653
2688 4661
2688 4662
2688 4677
2688 4687
2688 4689
2704 4648
2660 4613
2667 4600
2667 4666
2667 4687
2693 4687
2696 4653
2696 4662
2760 4600
2765 4600
2774 4646
2775 4604
2775 4689
2811 4605
2819 4600
2832 4631
2859 4613
2859 4631
2859 4648
2859 4661
2859 4677
2871 4661
2871 4662
2871 4666
2889 4653
2889 4687
2907 4605
2909 4653
2932 4661
2935 4613
2935 4661
2935 4662
2964 4646
2967 4600
2967 4613
2967 4653
2967 4661
2967 4662
2967 4666
2972 4600
2972 4604
2972 4613
2972 4625
2972 4631
2972 4653
2972 4661
2972 4662
2972 4666
2972 4689
2988 4600
2988 4653
2988 4687
2995 4645
3009 4666
3026 4600
3028 4631
3028 4639
3028 4648
3028 4650
3028 4677
3028 4678
3028 4684
3032 4653
3032 4661
3032 4666
3035 4600
3040 4689
3057 4600
3088 4687
3094 4600
3110 4645
3168 4613
3168 4666
3172 4645
3175 4653
3175 4666
3181 4600
3192 4600
3192 4646
3191 4600
3191 4666
3208 4600
3276 4613
3276 4631
3276 4661
3315 4613
3321 4600
3326 4662
3350 4653
3350 4662
3352 4613
3352 4666
3378 4600
3381 4666
3402 4600
3402 4613
3402 4661
3402 4666
3390 4653
3433 4661
3447 4653
3447 4654
3447 4661
3447 4662
3447 4666
3447 4677
3447 4678
3447 4687
3449 4600
3449 4613
3449 4631
3449 4646
3449 4653
3449 4661
3449 4662
3449 4666
3449 4687
3450 4613
3450 4646
3451 4661
3451 4662
3451 4666
3451 4684
3452 4600
3452 4653
3452 4661
3453 4600
3453 4613
3453 4653
3453 4661
3453 4662
3453 4677
3453 4678
3454 4613
3454 4661
3454 4662
3454 4666
3455 4646
3455 4661
3455 4666
3456 4600
3456 4605
3456 4613
3456 4653
3457 4648
3459 4600
3459 4653
3460 4662
3461 4613
3461 4625
3461 4631
3461 4646
3461 4648
3461 4650
3461 4658
3461 4666
3461 4677
3461 4678
3462 4613
3463 4613
3463 4662
3472 4654
3479 4600
3479 4661
3479 4662
3498 4600
3498 4653
3498 4666
3519 4600
3522 4620
3522 4631
3522 4661
3538 4687
3568 4605
3568 4653
3568 4662
3569 4653
3586 4632
3586 4687
3614 4600
3614 4653
3614 4654
3614 4666
3615 4666
3631 4661
3634 4646
3634 4666
3639 4662
3641 4600
3641 4632
3641 4645
3641 4653
3641 4662
3641 4687
3642 4604
3642 4689
3658 4666
3666 4600
3666 4653
3666 4661
3666 4666
3728 4600
3748 4653
3748 4677
3766 4646
3785 4666
3786 4666
3787 4613
3787 4661
3787 4666
3796 4613
3796 4653
3796 4661
3796 4666
3794 4653
3812 4600
3835 4661
3843 4620
3854 4653
3869 4600
3876 4645
3902 4613
3902 4646
3902 4648
3902 4661
3902 4662
3902 4666
3902 4677
3916 4653
3917 4687
3919 4687
3922 4661
3958 4689
3965 4687
3969 4645
3969 4662
3969 4666
3976 4621
3976 4631
3976 4650
3976 4678
3976 4684
3985 4661
3991 4666
4001 4662
4001 4678
4036 4600
4036 4653
4040 4678
4041 4653
4041 4687
2981 4661
2981 4662
4044 4605
4044 4613
4044 4631
4044 4639
4044 4646
4044 4648
4044 4650
4044 4666
4044 4677
4044 4678
4045 4613
4045 4646
4045 4661
4045 4666
4045 4687
4045 4689
4046 4661
4046 4666
4046 4678
4063 4689
4077 4613
4077 4666
4065 4604
4065 4613
4065 4620
4065 4666
4070 4645
4072 4621
4073 4687
4099 4645
4099 4661
4099 4662
4099 4666
4099 4677
4076 4662
4138 4600
4138 4653
4138 4666
4142 4646
4151 4600
4151 4613
4151 4662
4151 4666
4152 4613
4152 4666
4189 4666
3995 4645
3995 4653
4211 4661
4211 4662
4211 4666
4212 4631
4212 4639
4212 4666
4219 4600
4219 4613
4219 4620
4219 4661
4219 4662
4219 4678
4222 4646
4222 4666
4224 4605
4224 4661
4221 4653
4261 4661
4261 4662
4261 4677
4269 4661
4266 4687
4273 4613
4276 4600
4315 4654
4315 4666
4329 4666
4338 4600
4335 4645
4335 4653
4347 4613
4353 4600
4355 4600
4355 4653
4355 4654
4361 4666
4363 4666
4366 4687
4369 4632
4377 4661
4379 4661
4426 4613
4426 4666
4429 4661
4430 4620
4430 4621
4433 4661
4433 4662
4433 4666
4435 4666
4437 4613
4437 4646
4437 4661
4437 4666
4440 4613
4441 4613
4441 4620
4441 4687
4441 4689
4442 4600
4446 4661
4448 4648
4455 4631
4485 4661
4483 4653
4486 4631
4489 4661
4511 4661
4527 4645
4530 4678
4534 4648
4536 4653
4536 4666
4547 4613
4547 4648
4547 4666
4550 4600
4550 4653
4550 4666
4560 4661
4564 4613
4587 4662
4588 4661
4603 4605
4604 4605
4612 4613
4618 4646
4619 4620
4487 4666
4632 4621
4632 4653
4632 4666
4633 4666
4638 4639
4645 4646
4652 4653
4653 4600
4653 4625
4653 4631
4653 4632
4653 4645
4653 4661
4661 4662
4662 4666
4663 4661
4664 4666
4666 4687
4672 4666
4667 4666
4673 4604
4673 4654
4673 4666
4673 4677
4673 4687
4673 4689
4668 4666
4669 4666
4670 4666
4671 4625
4671 4666
4674 4666
4682 4661
4686 4645
4686 4653
4686 4661
4687 4661
4688 4661
4688 4662
4689 4661
4717 4666
4718 4653
4739 4600
4746 4654
4756 4653
4792 4653
4792 4666
4813 4632
4813 4687
4813 4689
4824 4600
4824 4653
4829 4600
4838 4600
4840 4600
4843 4600
4844 4600
4846 4600
4846 4632
4846 4653
4849 4600
4850 4600
4851 4600
4854 4600
4894 4600
4894 4653
4899 4600
4899 4654
4899 4689
4910 4687
4948 4600
4948 4653
4948 4666
4952 4600
4964 4604
4964 4653
4967 4600
4967 4604
4967 4625
4967 4653
4967 4666
4967 4687
4967 4689
4938 4600
4973 4654
4974 4653
4981 4604
4982 4653
4982 4654
4992 4632
4864 4632
5002 4604
5002 4632
5002 4653
5011 4687
5012 4666
5022 4604
5022 4687
5022 4689
5020 4653
5020 4666
5028 4653
5029 4600
5029 4653
5036 4654
5053 4632
5059 4666
5060 4653
5064 4654
5065 4654
5079 4625
5079 4631
5079 4653
5079 4666
5079 4687
5103 4604
5103 4666
5110 4645
5110 4687
4828 4621
4828 4666
5125 4687
5050 4653
5139 4645
5140 4604
5140 4689
5142 4653
5151 4645
5152 4645
5153 4645
5154 4645
5155 4645
5162 4600
5162 4666
5166 4600
5166 4604
5171 4653
5174 4653
5175 4653
5175 4666
4795 4653
4795 4666
5176 4600
5176 4631
5176 4653
5176 4666
4310 4600
4310 4632
4310 4653
4310 4666
4310 4687
5179 4600
5179 4653
5179 4666
5179 4687
5181 4600
5181 4631
5181 4653
5184 4600
5184 4653
5188 4600
5188 4604
5188 4653
5188 4666
5188 4689
5189 4600
5189 4631
5189 4653
5189 4687
5190 4600
5190 4653
5190 4666
5194 4653
5200 4632
5203 4653
5207 4631
5246 4687
5262 4625
5263 4600
5263 4666
5301 4653
5312 4653
5313 4600
5342 4632
5344 4653
5382 4666
5391 4687
5400 4600
5423 4687
5427 4653
5439 4687
5448 4687
5474 4600
5474 4653
5478 4600
5482 4600
5482 4653
5483 4600
5484 4600
5484 4653
5485 4600
5486 4600
5487 4600
5487 4666
5488 4600
5489 4600
5490 4600
5491 4600
5462 4631
5499 4666
5515 4666
5524 4604
5524 4632
5524 4666
5524 4689
5527 4689
5531 4604
5531 4632
5531 4689
5534 4653
5550 4689
5552 4687
5553 4653
5571 4666
5572 4666
5573 4666
5582 4666
5591 4687
5612 4687
5623 4653
5396 4625
5624 4625
5630 4653
5655 4653
5656 4653
5657 4653
5658 4653
5659 4653
5660 4653
5661 4653
5696 4604
5697 4604
5697 4666
5697 4687
5697 4689
5714 4687
5771 4632
5794 4625
5796 4604
5796 4689
5800 4666
5802 4604
5802 4632
5802 4666
5802 4689
5808 4687
5810 4604
5812 4687
5816 4604
5816 4666
5816 4687
5816 4689
5817 4632
5817 4687
5818 4689
5819 4689
5857 4604
5872 4632
5590 4687
5934 4604
5998 4604
5998 4666
6094 4604
6156 4632
6156 4687
6207 4687
6241 4632
6243 4604
6270 4687
6272 4666
6305 4687
6346 4604
5995 4687
6359 4604
6360 4687
6327 4689
6410 4687
6411 4687
6412 4687
6413 4687
6504 4604
6460 4689
6555 4632
6561 4604
6572 4689
6573 4689
6596 4604
6618 4666
6619 4666
6613 4666
6615 4666
6624 4632
6627 4632
6714 4632
6620 4666
6900 4632
6913 4666
6914 4632
6907 4632
6991 4666
6993 4632
7052 4632
7055 4632
7057 4632
7079 4666
7080 4666
6946 4632
7086 4632
7092 4632
7117 4632
7231 4632
7236 4632
7239 4632
7171 4632
7379 4632
7518 4632
