25 959
25 994
6 904
6 906
6 907
6 913
6 922
6 932
6 936
6 955
6 960
6 963
6 966
6 971
6 972
6 978
6 979
6 983
6 991
6 993
6 995
8 936
8 938
8 977
9 904
9 918
9 932
9 972
9 982
11 904
11 907
11 908
11 913
11 918
11 922
11 929
11 932
11 934
11 935
11 936
11 937
11 941
11 942
11 943
11 945
11 946
11 947
11 955
11 956
11 958
11 959
11 960
11 963
11 968
11 971
11 975
11 978
11 982
11 985
11 989
11 993
11 994
11 999
12 937
14 968
15 974
16 982
16 993
17 941
17 982
20 918
20 941
20 943
20 979
20 981
20 982
20 993
20 994
21 908
21 932
21 960
21 963
23 904
23 906
23 942
23 945
23 972
23 981
23 989
24 908
24 932
24 935
24 945
24 946
24 960
24 993
24 994
24 999
28 934
28 958
28 979
28 991
36 908
36 922
36 941
36 945
36 958
36 959
36 972
36 975
36 981
36 982
36 993
36 999
35 907
35 960
35 963
35 971
35 978
38 922
41 922
42 907
42 908
42 975
42 993
43 918
44 908
44 947
44 966
46 991
46 993
47 935
47 958
47 989
47 993
29 904
29 918
29 929
29 932
29 934
29 936
29 938
29 942
29 956
29 958
29 966
55 918
55 942
55 956
55 958
59 928
59 935
59 937
59 959
66 977
72 943
72 946
72 947
72 959
72 966
72 972
72 975
72 989
72 991
72 993
75 928
79 930
79 934
79 955
79 958
79 979
80 945
86 908
86 913
86 918
86 932
86 937
86 972
86 981
86 989
86 991
71 908
71 937
71 963
71 971
71 989
87 913
87 928
87 932
87 958
87 963
87 978
87 989
87 999
90 932
90 958
90 994
94 937
98 966
104 955
109 993
110 904
110 918
110 929
110 930
110 932
110 934
110 936
110 937
110 942
110 945
110 955
110 966
110 972
110 979
110 981
110 989
110 991
111 942
111 994
111 995
122 974
113 959
113 981
130 936
126 913
126 956
126 989
127 956
127 974
127 978
127 982
128 904
128 937
128 960
128 993
138 941
138 971
139 958
143 918
143 960
143 972
143 991
143 995
147 937
147 958
147 966
147 993
147 994
151 906
151 913
151 918
151 930
151 936
151 938
151 941
151 942
151 945
151 955
151 956
151 958
151 966
151 972
151 989
151 994
154 958
154 989
155 928
157 955
157 966
157 994
161 941
161 963
161 978
161 989
168 993
171 904
171 907
171 930
171 960
171 982
172 975
172 993
173 904
173 907
173 908
173 913
173 918
173 922
173 935
173 937
173 941
173 945
173 946
173 947
173 948
173 955
173 958
173 959
173 960
173 971
173 972
173 975
173 979
173 993
173 995
173 999
74 918
74 922
74 937
74 955
74 956
74 958
74 960
74 993
74 995
176 922
176 948
176 960
177 968
177 972
178 906
178 958
178 983
178 993
178 994
179 977
179 989
180 908
182 966
182 971
182 972
182 977
182 982
182 993
166 908
166 959
187 932
187 977
187 989
199 963
191 959
201 956
192 932
192 936
125 937
125 959
125 960
215 904
215 943
215 956
215 985
215 993
215 994
224 994
226 937
226 966
226 977
226 989
231 956
232 960
257 937
257 977
257 981
255 993
259 959
263 918
263 922
263 979
266 935
268 935
269 972
269 977
269 994
270 935
270 937
275 946
280 908
280 966
280 977
280 989
280 991
280 994
280 995
285 993
292 945
290 908
290 946
290 959
290 974
304 906
304 907
304 908
304 945
304 963
304 966
304 971
304 972
304 978
304 981
304 989
306 903
306 907
306 908
306 913
306 934
306 936
306 938
306 956
306 958
306 960
306 963
306 971
306 972
306 974
306 978
306 979
306 993
308 908
308 913
308 941
308 948
308 958
308 959
308 960
308 972
308 974
308 978
308 982
308 993
308 994
308 999
310 904
310 918
310 922
310 932
310 935
310 936
310 945
310 946
310 947
310 955
310 958
310 966
310 972
310 985
310 989
310 991
310 993
310 994
310 995
310 999
311 904
311 907
311 908
311 922
311 930
311 936
311 937
311 941
311 943
311 946
311 955
311 956
311 958
311 971
311 972
311 978
311 981
311 983
311 985
311 989
311 993
311 994
311 995
312 918
312 929
312 932
312 936
312 937
312 941
312 943
312 945
312 948
312 956
312 958
312 959
312 966
312 972
312 977
312 978
312 979
312 981
312 982
312 985
312 989
312 991
312 994
312 995
312 999
313 941
313 958
313 959
313 974
313 978
313 981
313 999
315 930
315 942
315 943
315 963
315 985
315 993
317 918
317 929
317 930
317 932
317 934
317 938
317 941
317 948
317 956
317 958
317 960
317 971
317 972
317 979
317 981
317 989
317 991
317 993
317 994
317 995
317 999
319 904
319 906
319 907
319 908
319 922
319 936
319 955
319 967
319 971
319 972
319 978
319 981
319 993
319 995
324 966
327 918
328 966
336 941
339 918
339 936
339 941
339 959
340 918
340 932
340 937
340 945
340 963
340 972
340 985
341 906
341 922
341 937
341 959
341 978
341 985
341 989
348 941
348 981
346 936
346 938
346 942
346 945
346 974
356 993
193 974
371 936
371 945
371 958
371 960
371 977
371 991
376 977
376 985
376 999
395 967
403 974
407 937
407 946
407 958
407 989
407 993
417 974
430 991
432 960
432 978
432 993
432 999
412 937
457 904
457 908
457 922
457 935
457 941
457 946
457 959
457 960
457 963
457 971
457 975
457 993
479 978
499 999
530 958
545 960
545 978
545 999
546 908
546 937
546 946
546 974
556 945
556 993
556 999
564 906
587 922
587 941
587 972
587 991
588 922
588 941
588 947
588 959
588 999
600 907
600 932
600 946
600 960
600 966
600 999
604 960
614 938
614 942
614 945
618 955
620 979
626 960
626 993
633 906
633 982
634 935
634 936
634 938
634 941
634 946
634 948
634 958
634 993
634 999
646 963
635 937
635 958
635 982
635 991
647 985
637 937
637 977
643 930
643 958
643 972
644 908
649 995
650 922
650 932
650 936
650 955
650 977
650 978
650 982
650 995
653 958
659 906
659 978
664 906
663 903
663 922
663 929
663 930
663 934
663 936
663 947
663 966
663 971
663 978
663 979
663 985
663 993
639 941
639 943
639 985
639 989
674 972
674 981
686 937
686 943
686 948
686 956
686 966
686 971
686 978
686 981
686 985
691 928
691 937
695 932
695 958
695 971
695 999
699 978
704 908
704 941
704 948
704 974
704 985
704 993
704 999
705 906
705 922
705 932
705 941
705 943
705 958
705 978
705 981
706 903
706 913
706 963
706 978
706 993
707 904
707 907
707 928
707 938
707 941
707 945
707 946
707 948
707 956
707 971
707 977
707 978
707 989
707 991
707 994
707 999
708 930
708 937
708 947
708 956
708 958
708 978
708 981
708 991
710 937
710 941
710 955
710 960
710 972
710 979
710 989
710 991
710 993
696 903
696 930
712 978
715 978
715 999
722 904
722 906
722 908
722 932
722 934
722 935
722 955
722 963
722 974
722 977
722 978
722 989
722 991
722 993
730 955
730 958
730 983
730 989
737 938
738 979
742 906
742 941
742 977
742 978
742 993
742 994
697 936
697 941
697 960
697 981
697 982
697 993
697 994
321 918
321 934
321 938
321 945
321 955
321 958
321 966
321 971
321 972
759 906
759 963
759 972
759 979
759 981
759 995
759 999
761 989
764 946
764 947
766 908
766 946
766 960
766 967
766 968
766 974
766 978
762 930
762 966
762 979
762 993
769 904
769 922
769 941
769 948
769 958
769 959
769 960
769 974
769 978
769 993
788 903
788 904
788 930
788 938
788 956
788 959
788 963
788 974
788 978
784 904
784 908
784 937
784 946
784 947
784 948
784 963
784 974
784 982
784 985
784 989
784 993
784 999
789 904
789 930
789 937
789 946
789 947
789 959
789 963
789 971
789 972
789 978
789 985
789 989
789 994
789 999
791 959
791 981
794 966
794 982
795 960
795 963
795 966
795 993
795 999
798 978
805 941
805 946
805 948
805 960
805 993
805 994
810 959
810 977
810 989
813 908
813 937
813 941
813 946
813 947
813 958
813 959
813 968
813 974
813 993
813 994
814 979
816 993
334 918
334 932
334 941
334 945
334 955
334 985
334 989
818 932
823 955
823 979
826 908
826 937
826 946
826 948
826 960
826 968
826 993
830 993
836 993
838 904
838 932
844 935
844 936
844 945
844 959
844 966
844 989
842 935
842 936
842 937
842 945
842 948
854 904
854 968
854 972
854 978
854 981
852 913
852 989
852 991
852 993
853 904
853 985
859 959
860 906
860 934
860 955
861 941
863 906
865 929
865 930
865 936
865 942
865 945
869 941
870 993
871 941
871 943
871 960
871 971
871 982
871 999
882 963
882 985
885 937
885 977
885 995
904 928
904 959
904 971
904 982
904 993
904 999
903 904
905 906
907 959
908 958
909 938
911 918
911 932
911 934
911 942
911 958
912 929
912 955
912 994
914 989
915 918
918 904
918 985
920 941
921 978
927 929
928 929
926 932
931 932
935 936
938 966
938 972
937 938
937 955
937 958
937 977
937 979
937 981
937 983
941 907
941 922
941 928
941 971
941 978
943 918
943 922
943 945
943 955
943 960
944 945
946 937
946 947
946 985
946 993
950 918
951 918
954 904
954 955
954 985
954 989
956 958
956 978
956 993
957 958
959 978
959 985
961 966
965 966
962 966
963 966
964 966
933 966
933 999
967 972
968 972
969 972
970 972
971 904
971 930
971 937
971 941
971 956
971 959
971 972
971 979
971 982
973 977
974 977
974 978
975 977
975 993
976 977
980 979
978 908
978 956
978 959
978 979
978 989
978 993
982 930
982 937
984 995
986 922
986 946
986 948
986 960
986 978
986 985
986 993
988 922
988 959
988 974
988 982
988 989
987 989
990 991
993 908
993 935
993 937
993 946
993 947
993 948
993 956
993 959
993 975
993 978
993 995
993 999
994 995
996 907
996 946
996 947
996 959
996 968
996 971
998 913
998 956
998 971
999 959
1000 960
1000 968
1006 904
1006 935
1006 937
1006 941
1006 948
1006 956
1006 960
1006 963
1006 975
1006 982
1006 994
1003 946
1013 930
1013 937
1013 985
1009 948
1009 994
1022 978
1029 913
1029 941
1029 956
1029 960
1029 963
1029 971
1029 978
1029 982
1029 999
1032 978
1032 993
1033 956
1034 907
1034 974
1035 947
1039 989
1037 908
1037 946
1037 947
1037 960
1041 913
1044 941
1046 971
1046 978
1050 956
1050 960
1050 975
1051 938
1051 968
1055 908
1055 913
1055 928
1055 948
1055 959
1055 960
1055 978
1055 993
1061 937
1062 922
1062 935
1062 941
1062 943
1062 946
1062 947
1062 959
1062 975
1062 982
1062 993
1062 994
1062 999
1063 971
872 974
872 993
1074 994
1075 907
1075 971
1080 959
1095 959
1097 941
1097 993
1098 946
1098 947
1098 959
1098 967
1098 993
1103 993
1111 922
1111 959
1111 993
1111 999
1114 922
1114 941
1114 971
1114 978
1114 985
1114 989
1124 993
1125 930
1125 960
1125 993
1127 941
1129 913
1129 941
1129 959
1129 960
1129 978
1129 993
1132 971
1132 993
1133 913
1133 922
1133 989
1134 989
1135 908
1135 922
1135 937
1135 943
1135 960
1135 971
1135 975
1135 978
1135 989
1135 993
1135 999
1137 959
1137 963
1137 978
1137 994
1138 994
1139 994
1142 960
1142 978
1142 993
1143 968
1144 941
1151 904
1151 908
1151 937
1151 947
1151 967
1151 968
1151 974
1151 975
1151 993
1157 930
922 904
922 908
922 913
922 928
922 930
922 937
922 941
922 943
922 946
922 974
922 978
922 982
922 993
1159 930
1161 930
1160 930
1160 941
1160 971
1160 978
1164 908
1164 993
1165 993
1166 946
1166 959
1166 978
1166 993
1167 904
1167 908
1167 922
1167 963
1167 971
1167 978
1167 982
1167 985
1167 993
1090 943
1182 922
1182 941
1185 937
1185 963
1190 974
1193 928
1193 959
1199 922
1199 941
1200 941
1200 993
1201 941
1201 978
1201 982
1202 904
1202 907
1202 941
1203 941
1203 963
1204 922
1204 941
1204 943
1205 941
1206 941
1207 941
1208 941
1209 941
1210 935
1210 937
1210 941
1210 947
1210 993
1210 999
1211 908
1211 941
1211 993
1212 941
1213 941
1214 922
1214 941
1215 941
1215 947
1216 941
1221 907
1221 908
1221 978
1223 922
1224 922
1225 922
1226 922
1227 922
1228 922
1228 978
1229 922
1230 922
1230 993
1231 922
1232 922
1233 907
1233 922
1233 937
1234 922
1234 943
1234 978
1235 922
1235 963
1239 922
1236 922
1236 928
1236 948
1236 960
1236 971
1236 993
1237 922
1238 922
1241 974
1241 978
1241 982
1242 985
1245 982
1246 943
1247 960
1247 971
1247 993
1248 928
1253 978
1253 993
1259 943
1262 982
1267 935
1267 968
1267 993
1271 943
1278 907
1278 960
1278 963
1278 971
1278 978
1278 985
1278 993
1279 907
1279 948
1279 959
1279 960
1279 971
1279 978
1281 946
1281 993
1286 935
1284 935
1284 937
1285 993
1290 963
1290 978
1290 985
1291 985
1291 993
1292 985
1293 907
1293 960
1293 963
1293 971
1293 985
1297 959
1297 974
1297 978
1298 978
1305 948
1305 999
1306 907
1315 904
1316 904
1316 993
1318 959
1319 907
1319 908
1319 946
1319 948
1319 959
1319 971
1319 974
1319 978
1319 993
1322 946
1322 960
1322 993
1331 959
1333 999
1335 935
1335 971
1339 993
1350 908
1350 947
1350 993
1352 904
1352 908
1352 928
1352 937
1352 963
1352 971
1352 993
1356 960
1357 907
1357 960
1357 963
1357 971
1358 959
1367 959
1367 974
1368 959
1374 904
1374 959
1374 967
1374 974
1377 960
1378 935
1380 928
1380 963
1380 971
1380 974
1380 975
1380 993
1381 913
1381 948
1381 993
1386 928
1386 935
1386 937
1386 948
1386 960
1386 975
1394 960
1395 904
1395 935
1395 946
1395 947
1395 959
1395 975
1395 978
1395 993
1407 993
1423 960
1424 907
1428 904
1428 908
1428 935
1428 937
1428 975
1428 993
1429 963
1436 963
1184 963
1440 978
1439 928
1439 978
1441 904
1441 937
1441 946
1441 978
1441 993
1442 993
1443 971
1462 960
1466 960
1467 971
1469 971
1470 904
1470 946
1470 959
1470 971
1470 974
1471 904
1471 907
1471 948
1471 960
1471 971
1472 907
1473 907
1473 908
1473 913
1473 960
1473 993
1474 907
1480 993
1482 908
1483 960
1487 904
1487 913
1487 928
1487 935
1489 993
1492 935
1492 937
1492 948
1492 993
1496 908
1496 913
1496 946
1496 993
1497 959
1500 960
1501 904
1501 946
1501 993
1506 974
1506 993
1505 935
1510 960
1521 904
1521 937
1521 993
1522 947
1522 993
1527 960
1525 904
1525 960
1526 904
1526 960
1538 904
1538 928
1538 937
1542 959
1542 967
1542 993
1552 935
1552 968
1552 993
1547 913
1547 968
1547 993
1549 904
1549 908
1549 935
1549 937
1549 946
1549 947
1549 959
1549 974
1549 975
1549 993
1555 904
1555 913
1555 937
1555 948
1555 993
1565 993
1566 937
1566 993
1010 948
1582 993
1583 993
1585 908
1585 913
1585 935
1585 959
1588 948
1589 913
1589 948
1592 993
1594 904
1594 913
1594 935
1594 937
1594 975
1594 993
1571 975
1608 904
1608 908
1608 913
1608 937
1608 947
1608 959
1608 968
1608 975
1608 993
1614 993
1615 908
1615 913
1615 928
1615 935
1615 937
1615 946
1615 993
1616 928
1621 946
1621 947
1621 993
1623 993
1631 904
1639 935
1661 974
1670 913
1671 913
1691 967
1693 935
1693 993
1697 993
1700 908
1700 937
1700 978
1700 993
1705 946
1707 993
1714 993
1716 904
1717 935
1717 993
1720 935
1722 935
1688 935
1732 904
1730 993
1734 908
1742 935
1749 904
1756 908
1756 937
1756 946
1756 959
1756 968
1757 993
1766 947
1767 937
1767 993
1769 993
1772 937
1772 959
1772 993
1783 947
1783 974
1792 993
1800 993
1803 974
1803 993
1808 946
1808 993
1814 993
1820 946
1820 993
1823 935
1835 959
1835 974
1836 908
1836 959
1837 993
1838 908
1838 937
1838 993
1847 959
1847 993
1868 975
1872 935
1881 935
1882 935
1883 935
1888 978
1888 993
1891 993
1896 947
1908 993
1919 908
1919 937
1919 946
1919 947
1919 959
1919 975
1922 946
1925 974
1925 975
1962 993
1966 937
1965 937
1965 993
1967 974
1972 974
1976 974
1977 993
1980 947
1980 993
1985 946
1985 959
1985 993
1986 908
1986 993
1991 993
1992 937
1993 946
1997 937
1997 947
1997 968
1997 975
2009 946
2049 974
2052 946
2052 968
2052 993
2062 937
2062 946
2062 947
2062 959
2062 975
2062 993
2063 937
2065 959
2065 993
2072 946
2072 947
2072 959
2072 993
2085 968
2093 993
2097 993
2102 993
2117 968
2117 993
2118 968
2118 993
2120 975
2120 993
2126 993
2127 993
2128 993
2129 978
2129 993
2130 993
2131 993
2132 993
2133 946
2133 947
2133 959
2133 968
2133 993
2134 993
2135 993
2145 947
2145 974
2149 975
2156 946
2169 946
2172 968
2203 975
2204 975
2209 974
2231 968
2229 968
2229 974
2233 959
2233 968
2236 946
2237 974
2240 947
2240 974
2249 946
2254 946
2255 946
2255 947
2255 959
2256 946
2256 968
2274 947
2290 974
2323 959
2326 974
2328 947
2328 959
2328 968
2328 974
2328 978
2332 968
2272 959
2357 947
2371 959
2398 968
2398 974
2411 974
2485 974
2523 968
2541 974
2546 968
2559 974
2564 974
2565 938
2565 967
2565 974
2576 974
2594 974
2618 974
2651 974
2657 974
2658 967
2700 974
2688 974
2688 978
2697 974
2747 974
2790 974
2804 974
2851 967
2900 974
2940 938
2941 974
2967 974
2998 974
3009 974
3005 974
3010 974
3026 974
3028 978
3031 974
3032 967
3032 978
3034 978
2713 978
2356 974
2842 978
2003 938
3147 974
3258 974
3352 974
3379 974
3394 974
3439 974
3451 978
3470 974
3480 978
3482 974
3386 974
3562 974
3601 974
3605 974
3606 974
3607 974
3631 978
3645 978
3659 978
3661 978
3724 978
3976 978
4040 967
4121 978
4124 978
4211 978
4313 978
4347 967
4441 967
4632 967
4669 938
4717 967
4712 967
4813 967
4948 967
5114 967
5173 938
4310 938
5185 967
5445 967
5446 967
5524 967
5655 938
5702 967
5800 938
5802 938
5802 967
5857 938
5915 967
6156 967
6221 938
6280 938
6383 967
6461 967
6460 967
6561 967
6596 967
6624 967
6711 967
6713 967
6914 938
6907 938
6907 967
6951 967
6993 967
7052 967
7045 967
7055 967
6946 938
7086 938
7131 967
7231 938
7231 967
7237 938
7241 938
7344 967
7578 967
7659 967
7744 967
7769 967
7866 967
