3 604
3 611
25 600
25 604
25 611
25 645
25 650
25 659
25 664
25 667
25 673
25 675
25 696
4 606
4 611
4 645
4 650
4 659
6 600
6 604
6 609
6 611
6 613
6 616
6 617
6 619
6 643
6 656
6 659
6 665
6 668
6 673
6 691
6 694
8 600
8 604
8 606
8 607
8 609
8 611
8 613
8 616
8 617
8 622
8 624
8 627
8 628
8 631
8 636
8 637
8 645
8 650
8 656
8 657
8 658
8 659
8 664
8 665
8 667
8 668
8 673
8 674
8 675
8 677
8 681
8 687
9 611
9 626
9 658
9 664
10 600
10 609
10 617
10 619
10 622
10 627
10 628
10 631
10 636
10 656
10 657
10 658
10 659
10 664
10 665
10 667
10 668
10 673
10 675
10 681
11 600
11 607
11 608
11 609
11 611
11 613
11 617
11 622
11 624
11 627
11 628
11 631
11 636
11 637
11 643
11 644
11 647
11 658
11 659
11 664
11 667
11 668
11 673
11 674
11 675
11 677
11 681
11 684
11 687
11 694
12 609
12 631
12 644
12 663
12 668
12 675
12 677
12 697
14 609
14 611
14 613
14 616
14 617
14 619
14 626
14 631
14 650
14 656
14 665
15 600
15 667
16 637
17 624
17 656
17 658
17 667
17 675
18 643
20 600
20 606
20 609
20 611
20 624
20 626
20 631
20 636
20 650
20 656
20 657
20 658
20 667
20 673
20 675
20 677
20 681
20 697
21 611
21 613
21 637
21 656
21 657
21 664
21 667
23 601
23 616
23 617
23 656
23 664
23 667
23 670
23 673
23 674
24 600
24 626
24 633
24 636
24 643
24 644
24 647
24 663
24 667
24 681
24 696
24 697
28 600
28 613
28 616
28 627
28 631
28 636
28 645
28 656
28 658
28 659
28 667
28 670
28 673
28 675
28 677
28 681
28 687
36 600
36 626
36 636
36 637
36 643
36 644
36 656
36 663
36 665
36 667
36 681
36 697
35 644
35 647
37 608
37 609
37 656
38 609
39 611
39 613
39 628
39 631
39 659
26 636
26 673
26 675
26 681
26 684
26 687
41 681
42 656
42 658
46 609
46 624
46 656
46 664
46 681
47 609
47 644
47 656
47 664
47 667
47 675
48 664
49 664
51 609
51 611
51 656
29 600
29 604
29 611
29 627
29 656
29 659
29 665
29 667
29 668
29 670
29 673
29 674
29 677
29 681
29 684
55 673
55 682
55 696
55 697
56 622
57 656
57 673
57 675
59 600
59 643
62 606
62 607
62 609
62 611
27 604
27 606
27 609
27 613
27 616
27 624
27 627
27 628
27 631
27 636
27 645
27 656
27 664
27 667
27 668
27 670
27 673
27 681
27 684
27 687
66 600
66 607
66 665
72 600
72 636
72 637
72 659
72 663
72 667
72 697
75 600
78 659
79 600
79 637
79 659
79 697
77 604
77 624
77 644
80 600
80 619
80 631
80 636
80 643
80 656
80 657
80 658
80 664
80 675
80 681
80 684
86 600
86 626
86 674
86 696
71 600
71 631
87 600
87 608
87 647
87 656
87 658
87 667
87 696
89 682
90 600
90 644
94 613
94 616
94 628
94 631
94 656
94 659
94 663
94 668
98 664
103 600
103 656
103 657
103 665
103 667
103 681
103 687
104 664
104 667
105 677
68 608
68 650
110 613
110 616
110 617
110 622
110 643
110 656
110 658
110 665
110 667
110 670
110 674
110 677
110 682
111 600
111 611
111 636
111 668
121 659
122 608
113 686
130 650
130 656
130 657
126 696
126 697
127 601
127 607
127 616
127 650
127 656
132 656
134 601
135 656
138 600
138 637
138 656
138 659
138 663
138 668
138 673
138 681
139 611
139 681
140 606
142 682
143 633
143 644
143 647
143 697
147 682
145 626
151 637
151 643
151 659
151 663
151 682
152 656
152 665
152 667
152 677
154 609
154 617
154 636
157 626
157 663
157 696
157 697
161 677
168 663
171 644
171 663
173 600
173 626
173 644
173 647
173 665
173 691
173 697
74 626
74 637
74 643
74 665
74 682
176 647
177 677
178 600
178 606
178 616
178 673
179 673
180 677
182 600
182 644
182 647
182 650
182 656
182 659
182 667
182 694
166 647
166 659
166 673
187 600
187 601
187 657
187 658
187 664
201 681
203 600
204 611
205 600
205 613
205 616
205 658
205 659
208 626
209 626
209 686
209 696
209 697
192 600
125 637
215 636
215 663
215 684
215 687
221 604
223 607
223 636
240 637
231 600
231 611
231 613
231 617
231 650
231 656
231 657
231 673
231 686
232 600
232 619
232 665
236 600
236 611
236 622
236 636
236 656
236 684
237 636
254 677
254 682
255 600
255 606
255 607
255 608
255 624
255 627
255 628
255 631
255 633
255 636
255 637
255 643
255 656
255 657
255 658
255 659
255 667
255 668
255 673
255 675
255 677
255 681
255 697
256 626
256 644
261 606
261 607
261 609
259 600
259 626
265 600
265 675
265 677
266 665
269 609
269 697
275 604
275 619
275 650
275 656
275 657
275 664
275 667
241 626
280 626
280 667
280 677
280 697
282 604
282 606
282 607
282 609
282 656
282 664
282 675
296 663
290 633
304 682
304 696
306 600
306 609
306 613
306 619
306 636
306 637
306 643
306 656
306 659
306 664
306 667
306 670
306 673
306 675
306 677
306 681
306 682
306 684
306 687
306 697
308 600
308 626
308 643
308 644
308 647
308 663
308 673
308 697
310 600
310 626
310 633
310 637
310 659
310 665
310 674
310 677
310 682
310 686
310 697
311 626
311 637
311 643
311 647
311 663
311 674
311 697
312 600
312 624
312 626
312 628
312 631
312 636
312 643
312 644
312 647
312 656
312 657
312 658
312 664
312 667
312 668
312 670
312 673
312 674
312 675
312 677
312 681
312 682
312 684
312 686
312 687
312 691
312 696
312 697
313 644
313 697
315 637
315 643
315 659
315 663
315 673
315 674
315 677
305 659
317 626
317 637
317 643
317 644
317 647
317 663
317 677
317 682
317 686
317 696
317 697
319 600
319 622
319 627
319 633
319 637
319 647
319 656
319 659
319 670
319 673
319 675
326 616
328 626
150 601
150 606
150 607
150 609
336 600
336 636
339 600
339 609
339 611
339 613
339 616
339 624
339 627
339 628
339 631
339 643
339 644
339 647
339 659
339 665
339 668
339 673
339 675
340 627
340 628
340 656
340 663
341 659
341 663
341 686
343 656
348 665
348 686
348 697
345 600
346 659
346 682
349 613
350 696
353 684
193 656
364 658
364 670
366 606
366 645
366 656
371 600
371 627
371 643
371 658
371 659
371 664
371 677
371 686
376 636
376 643
376 697
381 622
387 600
383 601
383 611
383 622
383 631
383 659
400 606
400 686
405 637
405 658
405 677
405 697
406 636
406 667
406 668
406 670
406 675
406 677
406 681
406 684
406 687
407 673
407 696
407 697
414 656
325 601
325 606
325 607
425 663
432 618
432 637
432 664
432 665
432 675
432 691
432 697
412 681
439 644
457 608
457 633
457 643
457 663
457 696
457 697
164 628
164 677
479 686
499 626
501 664
513 636
545 644
545 647
546 665
553 600
553 626
556 600
556 611
556 617
556 624
556 626
556 627
556 628
556 631
556 643
556 645
556 650
556 656
556 657
556 658
556 659
556 665
556 667
556 668
556 675
556 686
556 697
564 604
564 656
564 673
574 673
579 626
583 628
583 633
584 604
586 616
586 667
586 673
586 677
592 606
592 611
592 619
592 624
592 628
592 657
591 673
601 600
600 601
600 626
600 637
600 647
600 665
600 677
604 600
604 636
602 604
606 607
606 611
608 609
610 611
612 613
614 600
614 616
614 659
614 682
615 616
615 617
615 622
615 624
615 627
615 628
615 636
615 645
615 650
615 656
615 657
615 664
615 668
615 673
615 675
615 677
615 684
615 687
615 694
618 600
618 619
618 673
495 622
495 665
620 622
620 628
620 643
620 673
624 627
624 628
625 624
626 600
626 627
626 673
633 600
633 626
633 636
633 644
633 656
634 608
634 626
634 644
634 647
634 686
634 697
635 600
635 643
635 656
635 659
635 665
636 663
647 600
647 626
640 644
641 686
642 656
642 657
643 600
643 673
644 636
644 677
645 659
649 600
649 643
649 650
649 659
649 673
650 637
650 657
650 663
650 667
650 677
650 682
651 656
655 656
652 656
653 656
654 656
658 664
658 667
661 658
662 658
663 600
663 618
663 636
663 637
663 643
663 664
663 667
663 675
663 677
663 682
663 684
663 696
663 697
667 665
665 667
666 665
666 667
639 668
639 674
639 696
669 670
672 673
674 675
676 677
678 681
683 684
682 636
682 684
686 644
686 663
686 687
689 644
691 696
693 694
695 600
695 691
699 647
704 647
704 663
704 673
705 674
706 600
706 626
706 659
706 663
707 626
707 663
707 682
707 696
707 697
708 696
710 644
710 663
710 686
710 697
715 644
715 647
722 608
722 637
722 643
727 665
728 600
730 600
730 696
737 659
742 643
742 659
742 663
742 682
742 697
697 600
697 643
697 663
697 665
697 682
697 691
697 696
749 600
749 697
321 696
760 600
759 600
759 626
759 643
759 659
763 637
763 665
764 600
766 600
766 608
766 633
766 644
766 659
766 673
762 600
762 626
762 644
762 659
762 663
762 691
762 697
767 600
768 600
769 600
769 626
770 600
771 600
771 626
772 600
788 643
788 644
788 696
788 697
781 673
782 659
782 673
782 677
784 647
784 663
784 665
784 697
789 608
789 637
789 663
789 673
789 697
791 647
795 643
796 644
797 644
801 659
801 665
803 659
805 644
810 647
813 608
813 691
816 644
334 643
334 697
823 626
823 677
823 686
823 697
824 677
826 633
826 665
836 665
838 643
844 637
844 663
844 682
848 643
853 663
853 674
853 697
860 643
862 637
863 637
865 626
865 663
865 665
865 682
869 674
870 674
871 697
873 643
879 608
886 643
469 608
896 696
911 626
911 697
912 682
918 665
932 665
931 665
937 682
940 682
941 647
941 682
941 691
941 697
946 663
946 697
947 697
948 633
954 626
956 663
956 686
956 696
956 697
960 626
960 663
960 696
960 697
967 697
970 626
971 663
978 644
981 626
981 696
981 697
982 663
984 644
986 626
988 633
993 626
993 663
993 697
994 663
994 696
994 697
996 608
996 633
996 644
996 647
998 663
998 686
998 696
998 697
1006 686
1006 696
1003 663
1013 626
1013 644
1022 663
1024 626
1024 697
1027 697
1028 626
1028 697
1029 626
1029 686
1029 691
1029 697
1032 647
1032 663
1033 626
1037 686
1046 647
1046 663
1050 697
1051 644
1055 691
1055 697
1062 644
1062 647
1062 663
872 686
1074 686
1075 665
1075 686
1084 626
1078 626
1085 626
1086 626
1086 665
1089 626
1087 626
1088 626
1114 663
1114 665
1124 696
1125 608
1125 663
1125 696
1126 696
1127 665
1127 691
1129 691
1132 665
1133 608
1133 633
1133 663
1135 644
1135 647
1137 644
1146 663
1147 663
1151 608
922 647
922 691
1164 665
1166 608
1166 633
1166 665
1185 665
1200 633
1201 644
1210 633
1210 644
1211 665
1221 633
1245 644
1246 644
1247 633
1267 665
1278 644
1279 644
1297 647
1305 608
1305 633
1305 647
1305 691
1308 644
1309 644
1313 644
1310 644
1311 644
1312 644
1319 691
1320 647
1328 665
1336 665
1340 665
1374 608
1374 633
1374 665
1428 665
1473 665
1492 691
1496 633
1500 608
1500 633
1522 608
1525 665
1538 691
1549 633
1550 608
1596 633
1605 691
1608 633
1608 665
1614 665
1615 665
1674 633
1701 608
1697 608
1697 633
1717 665
1767 608
1751 608
1751 665
1919 665
1922 608
1922 633
1927 665
1967 665
1968 665
1972 608
1991 633
1997 665
2008 665
2009 665
2040 665
2010 665
2011 665
2012 665
2013 665
2042 665
2014 665
2015 665
2016 665
2017 665
2018 665
2019 665
2020 665
2021 665
2044 665
2023 665
2024 665
2025 665
2026 665
2027 665
2045 665
2029 665
2030 665
2031 665
2032 665
2033 665
2034 665
2035 665
2036 665
2037 665
698 665
2038 665
2065 633
2229 633
2236 633
2237 608
2297 608
2323 608
2326 608
2332 633
2472 633
2473 633
2507 633
2559 633
2564 608
2565 633
2595 608
2474 633
2651 608
2653 608
2674 633
2699 608
2699 633
2700 608
2686 633
2703 633
2688 608
2688 633
2704 633
2660 633
2667 633
2690 633
2696 633
2790 633
2859 608
2871 608
2871 633
2872 608
2964 633
2972 608
3010 608
3020 633
3024 633
3026 608
3028 608
3055 608
3057 608
3062 633
3092 633
3098 633
3095 633
3192 608
3246 633
3247 633
3248 633
3249 633
3252 608
3258 608
3352 608
3402 608
3449 608
3453 608
3454 608
3456 608
3457 608
3488 608
3498 608
3527 608
3568 608
3614 608
3633 608
3635 608
3643 608
3724 608
3786 608
3806 608
3842 608
3648 608
3943 608
3944 608
3960 608
2981 608
4077 608
4138 608
4308 608
4338 608
4363 608
4550 608
4813 608
4824 608
4899 608
4948 608
4967 608
4982 608
4988 608
5008 608
5029 608
4828 608
5176 608
5184 608
5189 608
5190 608
5285 608
5317 608
5324 608
5360 608
5405 608
5475 608
5476 608
