11 3002
11 3005
11 3007
11 3010
11 3014
11 3024
11 3026
11 3028
11 3034
11 3059
11 3073
11 3084
11 3092
15 3005
20 3027
24 3018
24 3028
24 3089
36 3034
36 3089
42 3026
44 3028
59 3015
86 3050
86 3092
71 3027
87 3027
90 3014
90 3027
90 3034
94 3034
94 3089
98 3002
106 3033
68 3014
68 3018
68 3021
68 3024
68 3026
68 3028
68 3034
68 3050
68 3056
68 3084
68 3089
122 3007
122 3010
122 3014
122 3024
122 3028
122 3029
122 3034
122 3059
122 3084
113 3034
127 3007
127 3009
127 3028
127 3034
127 3089
136 3005
147 3026
147 3056
147 3059
168 3027
172 3009
172 3018
172 3020
172 3030
172 3089
172 3099
173 3002
180 3010
180 3089
166 3005
203 3018
259 3084
263 3092
280 3089
291 3014
291 3034
290 3005
306 3005
306 3015
306 3021
306 3089
308 3005
310 3028
310 3034
310 3089
311 3007
311 3009
311 3033
311 3034
311 3068
311 3089
313 3005
319 3029
319 3033
346 3009
346 3034
346 3089
346 3099
193 3005
193 3034
383 3026
383 3089
407 3014
407 3020
417 3005
425 3020
425 3030
425 3089
432 3002
432 3024
432 3026
432 3027
432 3033
432 3059
449 3007
449 3010
457 3010
457 3014
457 3020
457 3026
457 3034
457 3059
457 3084
457 3089
539 3010
546 3005
556 3018
582 3073
586 3005
600 3002
600 3009
600 3018
600 3033
600 3034
646 3089
650 3034
650 3082
663 3014
663 3084
667 3009
668 3089
689 3089
695 3007
704 3005
704 3028
722 3007
722 3018
722 3020
722 3029
722 3033
722 3034
722 3050
722 3056
722 3068
722 3089
727 3050
737 3084
737 3092
766 3000
766 3002
766 3005
766 3009
766 3010
766 3014
766 3015
766 3021
766 3027
766 3029
766 3033
766 3034
766 3050
766 3073
766 3089
766 3092
769 3002
784 3007
784 3014
784 3020
784 3030
784 3089
789 3002
789 3027
789 3073
789 3089
789 3092
805 3009
813 3005
813 3024
813 3026
813 3029
813 3033
813 3034
813 3059
822 3026
826 3018
826 3021
826 3029
826 3033
826 3034
826 3056
826 3089
826 3099
825 3024
825 3026
825 3028
825 3084
836 3026
838 3009
841 3029
841 3034
841 3056
841 3092
842 3018
854 3050
856 3018
856 3030
856 3084
856 3089
865 3018
865 3089
871 3023
871 3050
879 3014
879 3026
879 3028
879 3059
904 3084
946 3026
946 3050
947 3005
974 3005
988 3005
988 3007
988 3009
988 3010
988 3018
988 3020
988 3021
988 3024
988 3026
988 3028
988 3029
988 3030
988 3033
988 3034
988 3056
988 3059
988 3084
988 3089
988 3099
993 3014
994 3030
996 3027
996 3029
996 3089
1000 3015
1000 3089
1006 3034
1024 3009
1024 3029
1024 3033
1024 3034
1032 3024
1032 3089
1034 3005
1037 3014
1037 3030
1055 3005
1055 3014
1055 3084
1055 3089
1062 3005
1062 3021
1062 3024
1062 3026
1062 3029
1062 3030
1062 3033
1062 3059
1063 3089
1064 3034
1075 3018
1075 3034
1097 3014
1097 3020
1097 3027
1097 3030
1097 3033
1097 3089
1098 3005
1098 3018
1098 3029
1098 3030
1098 3033
1098 3034
1098 3084
1111 3084
1127 3030
1127 3084
1132 3027
1133 3002
1133 3007
1133 3014
1133 3034
1133 3073
1133 3089
1134 3005
1135 3034
1135 3056
1137 3026
1137 3033
1137 3059
1151 3002
1151 3005
1151 3009
1151 3024
1151 3026
1151 3027
1151 3028
1151 3033
1151 3034
1151 3089
1151 3092
922 3005
1166 3002
1166 3007
1166 3014
1166 3018
1166 3021
1166 3026
1166 3030
1166 3033
1166 3034
1166 3056
1166 3084
1166 3089
1166 3092
1166 3099
1167 3028
1167 3033
1169 3020
1196 3050
1200 3021
1200 3030
1200 3033
1200 3034
1200 3089
1200 3099
1202 3018
1202 3033
1202 3034
1204 3002
1204 3030
1207 3050
1207 3056
1210 3020
1210 3027
1210 3089
1215 3089
1221 3007
1221 3021
1221 3024
1221 3099
1236 3005
1236 3030
1241 3005
1241 3084
1247 3002
1253 3033
1259 3005
1267 3033
1279 3005
1279 3009
1285 3005
1285 3009
1291 3014
1291 3021
1296 3026
1297 3005
1297 3024
1297 3029
1297 3034
1297 3084
1305 3005
1305 3007
1305 3009
1305 3010
1305 3018
1305 3021
1305 3024
1305 3028
1305 3029
1305 3030
1305 3033
1305 3050
1305 3056
1305 3059
1305 3073
1305 3084
1305 3089
1305 3099
1306 3059
1319 3005
1319 3014
1319 3021
1319 3024
1319 3033
1320 3005
1360 3020
1360 3089
1356 3020
1357 3033
1374 3005
1374 3018
1374 3020
1374 3030
1374 3084
1374 3089
1382 3005
1381 3026
1381 3059
1390 3009
1390 3018
1390 3020
1390 3099
1395 3026
1395 3029
1395 3033
1395 3059
1416 3020
1416 3030
1419 3029
1419 3056
1428 3005
1428 3021
1428 3033
1428 3080
1184 3034
1468 3089
1466 3089
1470 3002
1470 3005
1470 3010
1470 3089
1487 3020
1487 3021
1487 3030
1492 3005
1492 3020
1492 3033
1496 3005
1496 3007
1496 3033
1497 3020
1500 3018
1501 3089
1506 3020
1521 3005
1521 3014
1521 3024
1522 3059
1522 3084
1522 3089
1538 3005
1537 3005
1537 3024
1537 3027
1537 3033
1542 3007
1542 3014
1542 3015
1542 3026
1542 3027
1542 3089
1542 3092
1552 3014
1549 3005
1549 3007
1549 3009
1549 3010
1549 3024
1549 3026
1549 3027
1549 3028
1549 3029
1549 3030
1549 3033
1549 3034
1549 3059
1549 3080
1549 3084
1549 3089
1550 3007
1566 3026
1566 3033
1566 3059
1583 3034
1585 3005
1592 3034
1592 3089
1608 3021
1608 3029
1608 3030
1608 3034
1608 3089
1608 3099
1614 3034
1621 3084
1622 3005
1622 3068
1564 3030
1667 3014
1647 3005
1691 3000
1691 3033
1701 3002
1701 3026
1701 3029
1701 3089
1700 3050
1705 3029
1705 3033
1717 3007
1717 3029
1729 3084
1730 3050
1733 3015
1733 3073
1733 3089
1744 3024
1748 3009
1748 3026
1748 3030
1749 3020
1749 3030
1749 3033
1767 3029
1767 3033
1769 3027
1772 3024
1751 3018
1783 3005
1783 3030
1795 3020
1803 3002
1807 3059
1808 3028
1813 3014
1813 3024
1813 3026
1813 3028
1813 3034
1814 3029
1814 3033
1814 3034
1814 3050
1814 3056
1814 3099
1820 3089
1835 3002
1837 3033
1837 3034
1848 3089
1875 3029
1896 3021
1896 3092
1896 3099
1912 3026
1912 3059
1915 3089
1918 3005
1918 3014
1919 3033
1919 3034
1919 3099
1922 3002
1922 3007
1922 3018
1922 3020
1922 3021
1922 3024
1922 3026
1922 3028
1922 3029
1922 3030
1922 3050
1922 3056
1922 3059
1922 3082
1922 3084
1922 3089
1922 3099
1925 3018
1937 3084
827 3024
1951 3010
1972 3005
1972 3007
1972 3009
1972 3024
1972 3026
1972 3027
1972 3028
1972 3029
1972 3030
1972 3059
1972 3084
1972 3089
1980 3005
1980 3029
1985 3099
1990 3007
1993 3059
1794 3034
2001 3089
2009 3033
2016 3026
2016 3059
2033 3084
2062 3007
2062 3014
2065 3002
2065 3018
2072 3029
2072 3033
2093 3029
2102 3080
2109 3007
2111 3030
2114 3007
2114 3026
2114 3028
2114 3029
2114 3034
2114 3050
2114 3056
2114 3059
2114 3068
2114 3084
2114 3099
2116 3005
2116 3034
2120 3056
2120 3068
2120 3082
2120 3089
2129 3024
2129 3026
2129 3034
2133 3029
2135 3010
2135 3020
2135 3033
2135 3034
2135 3089
2145 3002
2145 3005
2145 3024
2145 3084
2160 3089
2171 3021
2171 3030
2172 3034
2174 3007
2174 3030
2176 3099
2186 3021
2186 3029
2186 3089
2209 3018
2209 3020
2210 3084
2215 3018
2215 3027
2223 3084
2225 3007
2225 3020
2225 3034
2225 3089
2234 3089
2230 3005
2230 3033
2230 3059
2230 3080
2230 3084
2231 3030
2231 3050
2231 3056
2231 3068
2229 3018
2229 3020
2229 3021
2229 3030
2229 3089
2233 3033
2233 3056
2236 3020
2236 3030
2236 3033
2236 3034
2236 3089
2236 3099
2237 3005
2237 3010
2237 3014
2237 3021
2237 3024
2237 3026
2237 3028
2237 3029
2237 3033
2237 3034
2237 3059
2237 3084
2237 3089
2240 3005
2240 3014
2240 3020
2240 3024
2240 3030
2251 3020
2251 3056
2252 3005
2252 3026
2256 3005
2256 3023
2256 3028
2256 3030
2256 3089
2258 3089
2274 3080
2277 3089
2290 3005
2290 3007
2290 3009
2290 3010
2290 3024
2290 3059
2297 3005
2297 3009
2297 3014
2297 3020
2297 3024
2297 3026
2297 3033
2297 3034
2297 3059
2297 3089
2298 3028
2299 3026
2299 3030
2307 3024
2323 3005
2323 3007
2323 3014
2323 3018
2323 3020
2323 3028
2326 3005
2326 3007
2326 3009
2326 3010
2326 3020
2326 3021
2326 3024
2326 3026
2326 3028
2326 3030
2326 3059
2326 3084
2328 3005
2328 3010
2328 3014
2328 3024
2328 3026
2328 3028
2328 3034
2332 3018
2332 3020
2272 3034
2272 3089
2360 3005
2365 3005
2365 3009
2365 3020
2365 3028
2365 3030
2368 3018
2368 3021
2369 3002
2371 3007
2371 3026
2371 3029
2371 3033
2371 3034
2371 3056
2371 3059
2371 3068
2371 3080
2376 3005
2376 3024
2381 3007
2381 3034
2381 3089
2379 3005
2379 3099
2384 3007
2384 3028
2387 3014
2387 3089
2398 3024
2398 3026
2398 3084
2410 3027
2411 3005
2411 3014
2411 3024
2411 3028
2411 3029
2411 3030
2411 3034
2411 3050
2411 3084
2411 3089
2416 3029
2416 3068
2416 3080
2416 3099
2435 3030
2435 3034
2435 3089
2440 3007
2440 3026
2440 3034
2440 3084
2475 3026
2472 3089
2472 3099
2473 3029
2473 3033
2473 3050
2473 3056
2473 3068
2473 3099
2476 3029
2476 3033
2476 3034
2476 3056
2476 3068
2476 3099
2485 3005
2485 3007
2485 3009
2485 3010
2485 3014
2485 3018
2485 3020
2485 3024
2485 3026
2485 3027
2485 3028
2485 3029
2485 3034
2485 3056
2485 3059
2485 3073
2485 3089
2488 3018
2497 3010
2497 3050
2497 3089
2502 3002
2502 3018
2504 3002
2504 3009
2504 3020
2504 3034
2504 3050
2504 3068
2504 3084
2504 3092
2506 3014
2507 3005
2507 3015
2507 3021
2507 3033
2507 3034
2510 3005
2510 3030
2510 3034
2511 3084
2516 3026
2518 3024
2541 3029
2541 3050
2541 3068
2541 3082
2541 3089
2541 3099
2542 3018
2542 3021
2542 3028
2545 3026
2546 3034
2547 3014
2547 3034
2547 3050
2547 3056
2547 3068
2547 3089
2547 3099
2548 3005
2549 3002
2549 3005
2549 3007
2549 3024
2549 3029
2549 3033
2557 3014
2558 3020
2559 3029
2559 3034
2560 3009
2560 3024
2560 3034
2560 3050
2560 3056
2560 3073
2560 3084
2560 3089
2560 3099
2564 3027
2565 3000
2565 3002
2565 3005
2565 3007
2565 3009
2565 3010
2565 3018
2565 3020
2565 3021
2565 3024
2565 3026
2565 3027
2565 3028
2565 3029
2565 3030
2565 3033
2565 3034
2565 3050
2565 3056
2565 3059
2565 3068
2565 3073
2565 3084
2565 3089
2565 3092
2565 3099
2576 3005
2576 3021
2576 3033
2576 3084
2576 3089
2576 3092
2576 3099
2585 3005
2585 3024
2585 3028
2585 3030
2585 3089
2593 3026
2593 3082
2594 3005
2594 3030
2594 3082
2594 3089
2595 3034
2595 3089
2596 3073
2474 3007
2474 3024
2474 3029
2474 3033
2474 3034
2474 3068
2599 3009
2605 3029
2605 3033
2609 3002
2613 3059
2617 3029
2618 3030
2623 3024
2619 3028
2619 3084
2646 3029
2646 3056
2646 3099
2651 3005
2651 3007
2651 3009
2651 3010
2651 3020
2651 3021
2651 3024
2651 3026
2651 3028
2651 3029
2651 3030
2651 3059
2651 3084
2653 3005
2653 3007
2653 3009
2653 3024
2653 3026
2653 3028
2653 3059
2653 3084
2655 3023
2655 3089
2657 3005
2657 3018
2657 3084
2658 3000
2658 3002
2658 3005
2658 3010
2658 3014
2658 3092
2659 3005
2674 3007
2674 3024
2674 3026
2674 3029
2674 3034
2674 3056
2674 3068
2674 3099
2708 3002
2708 3030
2699 3009
2699 3018
2699 3024
2699 3026
2699 3059
2699 3084
2700 3005
2700 3007
2700 3009
2700 3010
2700 3018
2700 3020
2700 3021
2700 3024
2700 3026
2700 3028
2700 3030
2700 3059
2700 3084
2701 3030
2686 3007
2686 3009
2686 3018
2686 3020
2686 3021
2686 3028
2686 3030
2686 3089
2702 3018
2702 3089
2702 3099
2703 3020
2703 3021
2703 3030
2688 3002
2688 3005
2688 3007
2688 3009
2688 3010
2688 3014
2688 3015
2688 3020
2688 3021
2688 3024
2688 3026
2688 3027
2688 3028
2688 3030
2688 3033
2688 3034
2688 3050
2688 3059
2688 3080
2688 3084
2688 3089
2688 3092
2688 3099
2704 3033
2704 3034
2704 3056
2704 3099
2660 3005
2660 3010
2660 3014
2660 3018
2660 3020
2660 3027
2660 3030
2660 3089
2689 3010
2689 3024
2689 3089
2667 3015
2667 3089
2667 3092
2691 3014
2691 3092
2692 3030
2693 3002
2693 3005
2693 3007
2693 3009
2693 3010
2693 3014
2693 3018
2693 3021
2693 3030
2693 3092
2706 3007
2696 3020
2696 3021
2696 3026
2696 3059
2697 3005
2697 3024
2697 3026
2697 3030
2697 3084
2698 3009
2698 3020
2698 3030
2711 3089
2727 3007
2727 3014
2727 3028
2737 3089
2747 3005
2747 3007
2747 3010
2747 3024
2747 3026
2774 3084
2774 3089
2775 3034
2775 3089
2790 3005
2790 3009
2790 3021
2790 3024
2790 3028
2790 3030
2790 3036
2790 3059
2790 3084
2790 3089
2792 3007
2796 3056
2544 3014
2815 3029
2819 3018
2822 3029
2822 3033
2822 3050
2822 3056
2822 3059
2822 3068
2654 3005
2654 3007
2654 3010
2654 3026
2654 3056
2654 3089
2832 3029
2832 3099
2851 3015
2856 3089
2859 3007
2859 3024
2859 3028
2859 3034
2859 3073
2860 3018
2867 3027
2871 3005
2871 3007
2871 3010
2871 3014
2871 3020
2871 3024
2871 3026
2871 3028
2871 3029
2871 3030
2871 3033
2871 3034
2871 3050
2871 3056
2871 3073
2871 3080
2871 3084
2871 3089
2871 3092
2872 3005
2872 3007
2872 3024
2872 3028
2872 3084
2883 3021
2889 3027
2901 3068
2900 3089
2906 3059
2906 3084
2908 3018
2909 3033
2912 3020
2912 3021
2912 3033
2912 3034
2912 3099
2913 3005
2923 3020
2923 3026
2923 3028
2932 3028
2932 3059
2933 3068
2935 3002
2940 3005
2940 3009
2940 3026
2940 3028
2940 3056
2947 3029
2948 3033
2948 3089
2951 3014
2958 3005
2958 3084
2958 3089
2964 3021
2964 3033
2964 3034
2967 3002
2967 3005
2967 3007
2967 3009
2967 3010
2967 3014
2967 3026
2967 3029
2967 3034
2967 3059
2967 3073
2968 3026
2968 3089
2972 3002
2972 3027
2972 3028
2972 3089
2972 3092
2969 3028
2974 3099
2983 3014
2987 3089
2988 3026
2988 3059
2989 3026
2989 3059
2995 3029
2995 3056
3000 3021
3005 3024
3005 3030
3006 3020
3006 3021
3006 3029
3006 3030
3006 3050
3006 3068
3010 3005
3010 3007
3010 3009
3010 3024
3010 3026
3010 3028
3010 3030
3010 3033
3010 3059
3010 3084
3010 3089
2707 3002
2707 3015
2707 3020
2707 3024
2707 3033
2707 3034
2707 3073
3015 3020
3018 3034
3018 3084
3018 3099
3020 3021
3020 3030
3020 3089
3020 3099
3024 3005
3024 3029
3026 3007
3026 3014
3026 3024
3026 3027
3026 3028
3026 3029
3026 3033
3026 3050
3026 3059
3026 3073
3026 3084
3026 3092
3029 3027
3027 3029
3027 3089
3028 3007
3028 3009
3028 3026
3028 3029
3028 3084
3028 3089
3031 3005
3031 3018
3032 3005
3032 3020
3032 3026
3032 3027
3032 3089
3033 3024
3033 3026
3033 3059
3033 3089
3034 3005
3034 3014
3034 3089
3034 3092
2713 3005
2713 3007
2713 3009
2713 3021
2713 3024
2713 3026
2713 3028
2713 3030
2713 3059
2713 3084
3037 3021
3037 3089
3039 3005
3040 3021
3041 3030
3048 3050
3049 3033
3049 3034
3049 3050
3049 3099
3046 3018
3046 3050
3056 3002
3056 3009
3056 3033
3056 3034
3056 3099
3051 3056
3052 3056
3053 3056
3054 3056
3055 3005
3055 3009
3055 3010
3055 3024
3055 3026
3055 3028
3055 3034
3055 3056
3055 3059
3057 3007
3057 3024
3059 3026
3059 3033
3047 3033
3047 3034
3047 3068
3047 3099
3060 3033
2356 3005
2356 3007
2356 3024
2356 3026
2356 3028
2356 3033
2356 3084
3061 3033
3062 3033
3062 3089
3073 3002
3073 3021
3073 3034
3077 3034
3077 3099
3063 3082
3081 3082
3083 3034
3084 3005
3084 3026
3084 3059
3084 3089
3085 3034
3086 3034
3086 3099
3087 3034
3087 3089
3088 3005
3088 3007
3088 3034
3088 3089
3089 3034
3090 3034
3091 3034
3092 3027
3092 3034
3093 3099
3094 3089
3094 3099
3097 3099
3098 3020
3098 3089
3098 3099
3095 3018
3095 3099
3096 3099
2842 3005
2842 3009
2842 3010
2842 3020
2842 3024
2842 3028
3110 3028
2003 3007
2003 3018
2003 3026
2003 3084
2003 3092
3123 3020
3125 3005
3127 3028
3142 3005
3144 3014
3144 3018
3144 3021
3144 3026
3144 3028
3144 3059
3145 3034
3145 3089
3168 3007
3168 3020
3172 3007
3172 3028
3175 3024
3175 3026
3175 3059
3190 3084
3188 3028
3192 3024
3192 3026
3192 3059
3192 3092
3191 3002
3191 3027
3196 3059
3199 3028
3209 3005
3225 3020
3227 3089
3238 3084
3252 3009
3252 3024
3252 3028
3252 3059
3256 3020
3256 3021
3258 3005
3258 3015
3258 3030
3258 3034
3260 3030
3262 3034
3272 3030
3274 3015
3274 3084
3276 3007
3276 3014
3276 3021
3276 3024
3276 3026
3276 3028
3276 3034
3284 3024
3284 3089
3288 3020
3291 3014
3291 3059
3291 3089
3297 3007
3297 3021
3300 3021
3301 3026
3301 3059
3304 3005
3304 3010
3304 3018
3305 3018
3317 3024
3321 3084
3326 3014
3326 3021
3326 3030
3335 3030
3331 3030
3332 3030
3333 3030
3334 3030
3343 3005
3343 3028
3345 3021
3346 3021
3350 3002
3350 3027
3350 3028
3350 3034
3352 3005
3352 3007
3352 3009
3352 3014
3352 3024
3352 3026
3352 3027
3352 3028
3352 3059
3352 3084
3352 3089
3352 3092
3366 3014
3366 3027
3375 3005
3375 3026
3379 3009
3380 3005
3381 3000
3392 3024
3392 3084
3394 3005
3394 3010
3394 3014
3394 3027
3394 3084
3395 3018
3396 3018
3397 3018
3398 3018
3399 3018
3400 3018
3401 3018
3403 3018
3402 3002
3402 3014
3402 3018
3402 3027
3402 3034
3402 3092
3036 3009
3404 3010
3404 3027
3404 3059
3404 3089
3390 3073
3443 3026
3439 3009
3439 3026
3439 3084
3447 3014
3447 3015
3447 3027
3447 3034
3447 3089
3447 3092
3449 3002
3449 3014
3449 3015
3449 3027
3449 3034
3449 3073
3449 3089
3449 3092
3450 3014
3450 3034
3451 3014
3451 3073
3452 3073
3452 3092
3453 3002
3453 3014
3453 3027
3453 3034
3453 3073
3453 3089
3453 3092
3454 3028
3454 3084
3455 3002
3455 3034
3455 3073
3456 3014
3456 3027
3456 3034
3456 3089
3456 3092
3457 3002
3457 3027
3457 3028
3457 3073
3457 3084
3457 3092
3458 3002
3458 3005
3458 3026
3459 3015
3459 3027
3459 3089
3461 3034
3461 3073
3461 3089
3462 3014
3463 3014
3463 3027
3463 3034
3463 3073
3469 3028
3469 3073
3469 3084
3479 3002
3479 3005
3479 3009
3479 3027
3479 3073
3479 3084
3479 3089
3480 3007
3481 3059
3482 3010
3482 3028
3483 3026
3477 3005
3477 3010
3477 3024
3478 3089
3488 3084
3498 3014
3498 3015
3498 3089
3513 3009
3518 3005
3519 3007
3519 3024
3519 3026
3519 3028
3519 3084
3519 3092
3521 3005
3523 3005
3523 3010
3525 3005
3525 3059
3527 3007
3527 3010
3527 3024
3527 3026
3527 3028
3527 3059
3527 3084
3386 3005
3386 3028
3386 3089
3541 3005
3541 3007
3541 3026
3541 3028
3541 3059
3541 3084
3508 3026
3554 3009
3555 3009
3555 3024
3555 3026
3557 3028
3557 3084
3562 3005
3562 3024
3568 3010
3568 3015
3569 3026
3569 3059
3576 3026
3586 3084
3528 3024
3591 3014
3601 3027
3601 3089
3597 3010
3597 3026
3597 3059
3603 3002
3611 3005
3611 3059
3614 3002
3614 3027
3614 3034
3614 3089
3615 3007
3615 3024
3615 3026
3615 3059
3622 3024
3622 3026
3622 3028
3622 3059
3622 3084
3624 3007
3624 3024
3624 3026
3629 3010
3630 3005
3630 3024
3631 3007
3631 3026
3631 3084
3633 3028
3634 3089
3635 3007
3639 3026
3641 3002
3641 3014
3641 3024
3641 3026
3641 3027
3641 3059
3641 3084
3641 3089
3642 3084
3642 3089
3643 3024
3643 3089
3647 3007
3647 3024
3647 3028
3655 3002
3658 3005
3658 3089
3659 3026
3659 3028
3659 3059
3659 3084
3660 3002
3661 3007
3661 3024
3661 3026
3665 3028
3666 3024
3666 3026
3666 3089
3678 3059
3682 3024
3709 3026
3714 3010
3715 3010
3717 3010
3718 3005
3719 3005
3724 3026
3724 3059
3571 3059
3726 3092
3728 3034
3728 3089
3744 3024
3748 3026
3748 3059
3750 3007
3751 3028
3754 3026
3754 3059
3766 3028
3766 3034
3775 3024
3785 3026
3786 3089
3787 3007
3787 3014
3787 3034
3787 3073
3787 3084
3787 3089
3792 3034
3796 3002
3796 3014
3796 3034
3796 3092
3794 3092
3798 3007
3798 3028
3799 3007
3799 3028
3800 3028
3802 3024
3802 3084
3806 3024
3812 3014
3812 3024
3812 3089
3815 3024
3830 3014
3821 3007
3839 3014
3842 3007
3842 3024
3854 3024
3854 3026
3854 3034
3854 3059
3854 3089
3858 3059
3862 3059
3863 3026
3863 3059
3864 3059
3865 3059
3873 3084
3648 3026
3648 3084
3876 3026
3881 3026
3902 3014
3902 3034
3919 3024
3952 3024
3953 3024
3954 3024
3955 3024
3956 3024
3956 3089
3965 3027
3965 3073
3976 3014
3976 3034
3976 3089
3982 3089
4008 3089
4036 3000
4036 3027
4040 3089
4041 3015
4041 3089
4044 3014
4044 3073
4044 3089
4045 3002
4045 3015
4045 3034
4045 3073
4045 3089
4045 3092
4046 3002
4077 3027
4077 3034
4077 3092
4065 3002
4065 3015
4070 3092
4073 3014
4099 3089
4099 3092
4116 3002
4127 3014
4142 3034
4149 3089
4150 3073
4151 3027
4151 3034
4151 3073
4152 3014
3995 3015
3995 3089
4219 3002
4219 3014
4219 3092
4221 3014
4273 3014
4276 3027
4276 3089
4276 3092
4297 3089
4326 3089
4329 3092
4338 3084
4335 3084
4353 3015
4353 3027
4355 3089
4355 3092
4364 3014
4377 3034
4415 3073
4416 3084
4430 3014
4437 3014
4437 3034
4440 3014
4441 3002
4441 3092
4442 3014
4447 3084
4448 3014
4483 3089
4488 3014
4488 3084
4536 3000
4547 3014
4550 3027
4550 3089
4550 3092
4563 3092
4574 3084
4582 3014
4588 3014
4615 3014
4616 3014
4616 3089
4617 3014
4618 3014
4618 3034
4487 3089
4632 3000
4632 3084
4644 3034
4653 3089
4662 3073
4666 3089
4686 3089
4688 3002
4688 3073
4717 3084
4717 3089
4718 3089
4712 3015
4712 3089
4725 3002
4726 3027
4746 3002
4741 3002
4764 3000
4764 3084
4764 3089
4781 3089
4792 3084
4818 3002
4818 3092
4824 3089
4829 3027
4829 3089
4843 3084
4859 3092
4866 3073
4894 3015
4899 3002
4899 3027
4899 3084
4899 3089
4899 3092
4924 3015
4937 3002
4948 3002
4948 3015
4948 3027
4948 3089
4948 3092
4964 3015
4964 3089
4967 3002
4967 3015
4967 3027
4967 3089
4967 3092
4973 3002
4974 3002
4974 3027
4974 3089
4976 3089
4981 3084
4982 3092
4992 3002
4994 3015
5008 3089
5009 3027
5013 3027
5022 3015
5020 3027
5020 3089
5029 3027
5037 3089
5038 3002
5039 3002
5040 3002
5040 3027
5051 3084
5079 3015
5079 3084
5079 3089
5110 3092
4828 3089
5117 3092
5118 3027
5118 3092
5119 3092
5121 3089
5123 3015
5050 3092
5126 3092
5135 3092
5166 3084
5171 3089
5176 3027
5176 3089
5177 3084
5177 3089
4310 3000
4310 3027
4310 3084
4310 3089
5179 3000
5179 3084
5180 3089
5184 3027
5184 3089
5185 3015
5189 3015
5189 3027
5189 3084
5189 3089
5190 3027
5203 3027
5207 3089
5233 3027
5243 3027
5246 3089
5254 3089
5262 3089
5263 3027
5263 3089
5282 3089
5296 3089
5301 3089
5313 3027
5316 3089
5320 3027
5344 3027
5360 3027
5382 3027
5386 3027
5391 3027
5391 3084
5399 3089
5427 3089
5436 3027
5437 3027
5438 3027
5439 3027
5440 3027
5445 3000
5445 3015
5446 3015
5455 3089
5457 3089
5484 3089
5524 3000
5524 3015
5524 3084
5524 3089
5531 3000
5531 3015
5531 3089
5543 3015
5543 3089
5582 3015
5612 3084
5396 3089
5630 3015
5655 3084
5655 3089
5680 3089
5684 3089
5691 3015
5691 3089
5697 3084
5697 3089
5704 3089
5739 3015
5783 3089
5787 3089
5796 3015
5796 3084
5796 3089
5800 3000
5800 3084
5804 3000
5810 3084
5814 3084
5814 3089
5818 3015
5819 3089
5836 3089
5857 3089
5862 3089
5871 3084
5871 3089
5930 3089
5932 3089
5933 3089
5934 3089
5935 3089
5936 3089
5937 3089
5938 3089
5942 3089
5939 3089
5940 3089
5941 3089
5999 3084
6000 3084
6020 3015
6043 3015
6043 3084
6075 3015
6082 3084
6156 3015
6305 3084
6421 3084
6443 3084
6494 3084
6510 3084
6523 3084
6560 3084
6624 3000
6772 3084
6774 3084
6855 3084
6907 3000
6907 3084
6941 3000
6951 3084
6316 3084
6993 3084
7053 3084
7054 3000
7055 3000
7057 3000
7057 3084
7080 3084
7225 3084
7231 3000
7231 3084
7236 3084
7239 3000
7279 3000
7294 3084
7378 3084
7426 3000
7471 3084
7586 3084
7614 3084
7679 3084
7738 3084
7808 3084
