24 5412
24 5423
24 5484
36 5412
36 5459
37 5412
42 5423
44 5439
47 5412
29 5404
58 5412
59 5404
27 5412
27 5459
72 5459
86 5421
86 5449
71 5421
71 5449
87 5412
87 5415
87 5421
87 5439
87 5449
87 5459
87 5484
90 5412
90 5449
99 5412
103 5412
103 5452
68 5404
68 5412
68 5415
68 5423
68 5430
68 5437
68 5445
68 5449
68 5457
68 5459
68 5463
68 5484
109 5404
109 5423
109 5465
109 5479
109 5484
122 5412
122 5449
122 5454
122 5459
113 5484
127 5404
127 5412
127 5449
136 5445
136 5482
136 5484
139 5459
147 5412
147 5430
173 5484
178 5412
203 5423
216 5412
290 5412
306 5404
306 5445
306 5457
311 5404
311 5412
311 5449
311 5463
305 5412
319 5423
319 5430
319 5459
335 5421
335 5482
336 5412
371 5412
371 5459
395 5479
405 5412
407 5412
407 5484
425 5404
425 5487
432 5430
432 5459
432 5466
457 5404
457 5412
457 5437
457 5439
457 5449
457 5452
457 5454
457 5459
457 5463
457 5479
457 5482
457 5484
465 5449
546 5484
553 5466
556 5412
556 5423
583 5421
583 5449
582 5412
600 5404
600 5423
600 5449
600 5452
600 5484
633 5469
633 5479
634 5404
634 5437
634 5459
667 5421
689 5412
689 5452
695 5487
704 5412
710 5412
722 5454
722 5484
727 5412
730 5412
737 5404
737 5412
737 5466
697 5412
697 5449
749 5412
749 5445
759 5423
759 5430
763 5412
763 5430
766 5404
766 5412
766 5423
766 5430
766 5432
766 5437
766 5439
766 5445
766 5459
766 5465
766 5466
766 5479
769 5412
788 5415
789 5412
789 5430
789 5449
789 5463
789 5470
825 5412
825 5423
825 5426
825 5454
825 5459
825 5484
825 5487
865 5412
865 5423
865 5482
896 5465
898 5412
943 5412
946 5412
947 5412
950 5454
950 5459
967 5466
971 5452
982 5432
988 5417
994 5412
996 5412
996 5423
996 5449
996 5452
996 5454
996 5463
996 5484
1037 5484
1041 5404
1055 5412
872 5499
1075 5423
1075 5452
1075 5484
1097 5412
1097 5449
1097 5452
1098 5415
1098 5432
1098 5466
1111 5412
1111 5423
1128 5449
1132 5404
1132 5421
1132 5449
1133 5404
1133 5412
1133 5437
1133 5482
1133 5484
1151 5423
1151 5430
1151 5437
1151 5445
1151 5454
1151 5459
1164 5412
1164 5479
1166 5404
1166 5412
1166 5415
1166 5423
1166 5430
1166 5449
1166 5452
1166 5454
1166 5482
1166 5484
1169 5423
1169 5449
1200 5404
1200 5412
1207 5479
1210 5423
1210 5430
1247 5449
1286 5459
1305 5404
1353 5423
1360 5412
1358 5484
1374 5404
1374 5412
1374 5423
1374 5445
1374 5449
1374 5452
1374 5454
1374 5463
1374 5465
1374 5482
1374 5484
1377 5412
1393 5484
1395 5445
1184 5412
1462 5412
1462 5449
1470 5412
1470 5439
1470 5449
1473 5445
1492 5412
1496 5412
1496 5452
1496 5459
1496 5484
1537 5412
1542 5404
1542 5415
1542 5437
1542 5479
1542 5482
1552 5412
1549 5412
1549 5430
1549 5445
1549 5449
1549 5452
1549 5454
1549 5459
1549 5482
1549 5484
1530 5459
1621 5466
1623 5479
1644 5412
1667 5404
1667 5465
1647 5412
1691 5463
1701 5412
1701 5445
1697 5412
1697 5449
1707 5465
1733 5449
1789 5452
1799 5412
1799 5459
1799 5463
1811 5445
1807 5484
1808 5459
1808 5482
1814 5412
1814 5454
1823 5423
1823 5439
1847 5412
1847 5449
1874 5452
1879 5423
1888 5412
1914 5445
1915 5412
1915 5459
1915 5487
1937 5423
1951 5423
1961 5484
1972 5430
1972 5439
1972 5449
1972 5463
2001 5452
2001 5459
2009 5421
2010 5466
2033 5452
2033 5484
2102 5459
2115 5459
2118 5412
2118 5459
2120 5412
2135 5404
2135 5412
2135 5449
2135 5454
2135 5459
2135 5463
2135 5484
2145 5404
2145 5412
2145 5463
2186 5404
2186 5423
2210 5412
2215 5463
2217 5426
2225 5412
2231 5412
2237 5412
2237 5430
2237 5449
2237 5459
2237 5482
2246 5412
2249 5404
2249 5432
2249 5439
2256 5412
2256 5423
2256 5457
2257 5459
2258 5437
2258 5466
2258 5482
2264 5454
2277 5412
2297 5412
2323 5412
2323 5415
2323 5449
2369 5404
2369 5412
2369 5415
2369 5452
2369 5454
2369 5457
2369 5467
2369 5484
2371 5412
2371 5459
2375 5415
2376 5482
2381 5449
2381 5452
2384 5459
2384 5482
2387 5404
2387 5412
2387 5430
2387 5449
2398 5412
2410 5412
2410 5415
2410 5459
2411 5484
2440 5412
2452 5432
2485 5404
2485 5412
2485 5430
2485 5445
2485 5452
2485 5454
2485 5459
2485 5482
2485 5484
2504 5412
2504 5449
2504 5484
2507 5445
2510 5412
2516 5459
2516 5463
2535 5412
2547 5487
2549 5412
2549 5459
2560 5406
2565 5404
2565 5406
2565 5412
2565 5421
2565 5423
2565 5430
2565 5432
2565 5449
2565 5452
2565 5454
2565 5459
2565 5465
2565 5466
2565 5484
2576 5459
2587 5459
2585 5412
2592 5484
2594 5412
2595 5484
2599 5412
2605 5404
2605 5449
2605 5459
2613 5484
2623 5412
2623 5415
2623 5457
2623 5484
2651 5412
2651 5445
2655 5412
2655 5423
2655 5449
2658 5406
2658 5466
2674 5430
2680 5454
2686 5479
2702 5457
2702 5484
2688 5404
2688 5412
2688 5423
2688 5426
2688 5430
2688 5437
2688 5445
2688 5449
2688 5452
2688 5454
2688 5457
2688 5459
2688 5470
2688 5484
2704 5445
2704 5482
2660 5423
2660 5459
2660 5482
2689 5412
2689 5452
2689 5454
2667 5437
2667 5439
2667 5449
2667 5452
2667 5463
2667 5482
2667 5484
2691 5404
2691 5459
2693 5449
2694 5412
2696 5452
2696 5459
2744 5482
2760 5412
2760 5449
2760 5482
2765 5452
2765 5482
2775 5412
2785 5423
2790 5404
2790 5412
2790 5423
2790 5449
2790 5487
2802 5484
2811 5412
2811 5459
2822 5412
2831 5454
2831 5459
2851 5412
2851 5445
2851 5449
2889 5430
2889 5449
2903 5404
2909 5412
2909 5470
2958 5412
2967 5445
2967 5459
2968 5459
2972 5404
2972 5412
2972 5415
2972 5423
2972 5430
2972 5449
2972 5459
2972 5463
2972 5467
2972 5484
2988 5445
2988 5459
2988 5487
3007 5484
3002 5412
3010 5412
3010 5445
3010 5449
2707 5404
2707 5432
2707 5445
2707 5459
3015 5439
3015 5445
3015 5459
3026 5412
3026 5452
3027 5457
3028 5412
3028 5415
3028 5442
3028 5459
3028 5467
3032 5426
3032 5430
3032 5449
3032 5452
3034 5412
3035 5412
3035 5482
3073 5412
3088 5452
3092 5412
3092 5457
3092 5459
3092 5465
3092 5484
3110 5459
3168 5412
3168 5454
3175 5423
3192 5452
3191 5412
3191 5415
3191 5430
3191 5449
3191 5459
3191 5463
3191 5465
3191 5484
3238 5484
3256 5412
3256 5423
3258 5412
3274 5421
3274 5423
3274 5459
3275 5459
3292 5404
3297 5404
3315 5457
3321 5412
3321 5479
3333 5482
3345 5459
3348 5432
3352 5412
3352 5423
3352 5430
3352 5449
3352 5457
3352 5467
3355 5432
3366 5449
3366 5454
3366 5459
3375 5421
3378 5412
3378 5459
3381 5432
3381 5465
3381 5484
3393 5459
3394 5412
3394 5417
3402 5412
3402 5449
3402 5463
3404 5430
3404 5439
3404 5465
3404 5482
3390 5454
3390 5459
3439 5412
3447 5417
3447 5432
3447 5449
3447 5459
3447 5463
3447 5479
3449 5404
3449 5412
3449 5415
3449 5417
3449 5423
3449 5430
3449 5432
3449 5437
3449 5439
3449 5445
3449 5449
3449 5452
3449 5454
3449 5459
3449 5463
3452 5412
3452 5449
3452 5454
3452 5459
3453 5412
3453 5415
3453 5430
3453 5445
3453 5454
3453 5457
3453 5459
3453 5463
3453 5467
3453 5471
3453 5484
3456 5412
3456 5421
3456 5430
3456 5449
3456 5459
3456 5499
3457 5415
3457 5426
3457 5430
3457 5432
3457 5437
3457 5467
3457 5479
3458 5412
3458 5421
3458 5499
3459 5415
3459 5437
3459 5449
3459 5484
3461 5449
3461 5452
3461 5454
3461 5457
3461 5463
3462 5484
3479 5459
3479 5482
3483 5430
3483 5484
3478 5454
3498 5412
3498 5423
3498 5449
3498 5452
3498 5454
3498 5459
3498 5463
3498 5482
3519 5459
3522 5454
3522 5457
3527 5484
3563 5479
3568 5404
3568 5459
3568 5484
3569 5484
3586 5423
3586 5479
3586 5484
3593 5404
3593 5452
3600 5430
3601 5412
3614 5412
3614 5430
3614 5454
3614 5459
3614 5463
3624 5459
3631 5412
3631 5449
3633 5404
3634 5423
3634 5449
3634 5463
3641 5404
3641 5412
3641 5415
3641 5437
3641 5439
3641 5449
3641 5452
3641 5454
3641 5459
3641 5484
3642 5404
3642 5415
3642 5423
3642 5437
3642 5439
3642 5459
3642 5479
3642 5482
3642 5487
3642 5499
3643 5452
3658 5459
3666 5430
3666 5445
3666 5449
3666 5459
3666 5463
3666 5484
3692 5423
3692 5452
3692 5484
3691 5404
3691 5449
3691 5459
3691 5481
3723 5412
3728 5412
3728 5417
3728 5430
3728 5449
3729 5484
3752 5412
3770 5432
3785 5484
3786 5412
3786 5423
3786 5445
3786 5452
3786 5454
3786 5463
3787 5412
3787 5415
3787 5445
3787 5449
3787 5452
3787 5454
3787 5457
3787 5482
3787 5484
3792 5484
3796 5459
3794 5423
3794 5484
3806 5423
3806 5484
3813 5404
3813 5445
3813 5454
3813 5459
3830 5412
3830 5463
3830 5479
3835 5430
3835 5449
3835 5454
3854 5412
3854 5430
3854 5445
3854 5459
3854 5463
3877 5484
3885 5466
3889 5499
3916 5454
3916 5459
3917 5449
3922 5412
3956 5412
3956 5484
3956 5499
3960 5412
3960 5423
3960 5484
3965 5437
3969 5412
3969 5484
3976 5430
3976 5463
3976 5465
3976 5481
3976 5484
3982 5412
3989 5404
3983 5452
4008 5484
4013 5412
4036 5404
4036 5423
4036 5430
4036 5445
4036 5449
4036 5452
4036 5454
4036 5459
4040 5404
4040 5459
4041 5412
4041 5439
4041 5459
2981 5430
2981 5432
2981 5459
2981 5463
4045 5404
4045 5437
4045 5439
4045 5445
4045 5479
4045 5484
4046 5432
4046 5484
4063 5412
4077 5412
4077 5430
4077 5449
4077 5463
4065 5415
4070 5445
4070 5449
4070 5454
4070 5459
4071 5412
4073 5412
4073 5430
4073 5452
4073 5457
4073 5467
4073 5470
4082 5463
4099 5412
4099 5423
4099 5449
4099 5459
4099 5463
4099 5484
4116 5484
4138 5484
4144 5449
4144 5457
4144 5463
4151 5459
4186 5445
4191 5412
4192 5484
3995 5437
3995 5457
3995 5459
4211 5445
4219 5459
4221 5459
4221 5484
4263 5445
4269 5404
4276 5423
4276 5430
4295 5459
4297 5412
4297 5415
4297 5463
4297 5499
4315 5412
4315 5449
4319 5412
4319 5484
4338 5412
4338 5423
4338 5449
4333 5412
4335 5412
4347 5466
4353 5412
4353 5423
4353 5445
4353 5449
4353 5454
4353 5459
4353 5482
4353 5484
4355 5412
4355 5415
4355 5459
4400 5412
4433 5404
4437 5432
4441 5404
4441 5412
4441 5421
4441 5423
4441 5439
4441 5445
4448 5412
4459 5404
4476 5457
4483 5426
4483 5459
4483 5467
4483 5484
4488 5412
4489 5412
4530 5412
4536 5412
4547 5459
4550 5412
4550 5423
4550 5430
4550 5434
4550 5452
4550 5463
4550 5465
4550 5467
4550 5484
4557 5445
4564 5452
4564 5459
4574 5412
4574 5459
4576 5463
4598 5404
4598 5415
4598 5482
4600 5445
4600 5482
4602 5445
4487 5412
4487 5484
4632 5404
4632 5423
4632 5437
4632 5439
4632 5457
4632 5466
4632 5484
4632 5487
4653 5423
4653 5454
4653 5459
4653 5463
4653 5484
4661 5459
4662 5452
4662 5454
4662 5459
4647 5412
4666 5482
4673 5423
4673 5439
4673 5479
4671 5459
4686 5404
4686 5412
4686 5415
4686 5449
4686 5452
4686 5454
4686 5463
4686 5484
4709 5459
4715 5457
2621 5412
4717 5439
4717 5463
4718 5415
4718 5434
4718 5449
4718 5459
4712 5449
4712 5452
4712 5459
4712 5463
4746 5484
4756 5457
4756 5459
4748 5430
4764 5454
4764 5479
4764 5484
4781 5479
4781 5484
4792 5459
4792 5465
4792 5466
4814 5459
4813 5439
4813 5479
4818 5484
4824 5432
4824 5459
4829 5412
4829 5423
4829 5430
4829 5442
4829 5449
4829 5452
4829 5457
4829 5465
4829 5467
4840 5482
4843 5423
4843 5449
4843 5452
4843 5484
4846 5484
4894 5415
4894 5459
4894 5467
4894 5469
4894 5482
4898 5434
4899 5430
4899 5437
4899 5445
4899 5449
4899 5452
4899 5459
4899 5463
4899 5479
4899 5484
4924 5404
4915 5404
4929 5417
4943 5432
4948 5412
4948 5423
4948 5426
4948 5430
4948 5449
4948 5454
4948 5459
4948 5463
4948 5465
4948 5484
4964 5404
4964 5412
4964 5459
4966 5459
4967 5404
4967 5412
4967 5423
4967 5430
4967 5432
4967 5437
4967 5439
4967 5445
4967 5459
4967 5463
4967 5465
4967 5467
4967 5479
4938 5412
4938 5452
4974 5463
4981 5430
4982 5454
4982 5459
4988 5404
4988 5459
5002 5404
5002 5432
5002 5459
5002 5484
5006 5412
5006 5459
5008 5449
5008 5484
5013 5449
5022 5404
5022 5415
5022 5423
5022 5439
5022 5482
5022 5487
5020 5412
5020 5415
5020 5417
5020 5423
5020 5430
5020 5449
5020 5452
5020 5463
5020 5484
5029 5423
5029 5430
5029 5449
5029 5459
5029 5484
5059 5432
5061 5499
5068 5452
5068 5454
5079 5404
5079 5415
5079 5437
5079 5439
5079 5449
5079 5454
5079 5459
5079 5466
5079 5499
5081 5484
5090 5459
5096 5412
5106 5412
5106 5459
5102 5484
5103 5465
5110 5412
5110 5415
5110 5423
5110 5430
5110 5439
5110 5457
5110 5487
4828 5404
4828 5415
4828 5434
4828 5439
4828 5449
4828 5452
4828 5457
4828 5465
4828 5470
4828 5481
5118 5412
5118 5459
5119 5463
5123 5412
5123 5449
5123 5459
5123 5466
5125 5445
5125 5482
5125 5484
5050 5452
5050 5484
5140 5457
5150 5459
5151 5430
5153 5437
5155 5430
5160 5452
5171 5459
5172 5421
5172 5459
5173 5404
5173 5421
5173 5465
5173 5484
5175 5452
5175 5454
5175 5459
5175 5484
4795 5406
4795 5439
4795 5459
5176 5412
5176 5423
5176 5426
5176 5430
5176 5449
5176 5452
5176 5454
5176 5459
5176 5463
5176 5482
5176 5484
5177 5423
5177 5437
5177 5439
5177 5457
4310 5404
4310 5412
4310 5417
4310 5423
4310 5439
4310 5445
4310 5449
4310 5452
4310 5459
4310 5463
4310 5482
4310 5484
4310 5499
5179 5404
5179 5423
5179 5437
5179 5439
5179 5445
5179 5454
5179 5459
5179 5487
5180 5445
5180 5454
5180 5459
5180 5482
5181 5459
5181 5482
5181 5484
5184 5412
5184 5430
5184 5449
5184 5459
5184 5463
5185 5439
5185 5459
5185 5479
5187 5457
5187 5459
5187 5482
5188 5445
5188 5454
5188 5459
5188 5479
5189 5404
5189 5412
5189 5417
5189 5423
5189 5426
5189 5430
5189 5437
5189 5445
5189 5449
5189 5454
5189 5457
5189 5459
5189 5463
5189 5465
5189 5466
5189 5467
5189 5471
5189 5481
5189 5487
5190 5412
5190 5423
5190 5430
5190 5454
5190 5459
5190 5463
5190 5465
5190 5467
5190 5469
5190 5470
5190 5481
5191 5423
5194 5457
5199 5459
5200 5412
5200 5463
5200 5465
5201 5412
5201 5459
5203 5434
5203 5463
5207 5465
5217 5404
5217 5459
5222 5479
5233 5430
5243 5423
5243 5430
5246 5467
5250 5412
5250 5484
5254 5412
5262 5404
5262 5459
5262 5482
5263 5445
5263 5449
5263 5454
5263 5482
5263 5499
5282 5449
5284 5412
5285 5452
5286 5415
5286 5426
5286 5442
5301 5404
5301 5454
5301 5459
5301 5479
5313 5412
5313 5484
5316 5459
5317 5423
5317 5459
5321 5449
5321 5482
5321 5484
5321 5487
5332 5412
5332 5459
5334 5449
5334 5454
5336 5412
5339 5484
5342 5459
5347 5423
5264 5463
5360 5412
5360 5430
5366 5459
5378 5432
5382 5430
5382 5449
5390 5423
5391 5449
5391 5459
5404 5412
5404 5454
5404 5482
5404 5487
5397 5412
5398 5412
5405 5412
5399 5412
5400 5412
5401 5412
5406 5412
5413 5414
5415 5423
5416 5417
5418 5423
5424 5423
5419 5423
5421 5423
5422 5423
5427 5430
5427 5459
5428 5430
5429 5430
5445 5437
5445 5449
5445 5482
5446 5445
5446 5449
5446 5465
5447 5449
5448 5449
5454 5452
5454 5459
5455 5482
5457 5487
5460 5463
5461 5463
5468 5484
5472 5452
5474 5484
5480 5484
5479 5454
5482 5445
5484 5459
5485 5484
5487 5445
5462 5484
5499 5452
5501 5452
5500 5452
5524 5404
5524 5406
5524 5423
5524 5439
5524 5459
5524 5465
5524 5466
5524 5479
5524 5484
5531 5404
5531 5423
5531 5437
5531 5454
5531 5459
5531 5479
5531 5487
5534 5459
5193 5482
5540 5459
5543 5423
5543 5437
5548 5484
5549 5484
5550 5484
5551 5459
5551 5484
5554 5484
5552 5484
5553 5484
5555 5484
5562 5404
5582 5432
5582 5439
5582 5479
5589 5459
5591 5487
5596 5459
5606 5445
5606 5459
5612 5404
5616 5404
5620 5459
5627 5454
5624 5445
5639 5454
5644 5439
5668 5404
5675 5459
5691 5437
5691 5445
5691 5457
5691 5482
5696 5437
5696 5439
5696 5479
5696 5487
5697 5423
5697 5439
5697 5457
5697 5479
5697 5484
5702 5454
5703 5454
5708 5459
5707 5459
5709 5459
5710 5459
5711 5459
5712 5459
5713 5459
5714 5459
5750 5415
5750 5437
5749 5457
5768 5415
5781 5445
5783 5404
5783 5457
5796 5404
5796 5465
5796 5484
5799 5439
5800 5421
5800 5432
5800 5465
5800 5466
5802 5404
5802 5406
5802 5432
5802 5465
5802 5466
5802 5479
5802 5484
5806 5406
5806 5421
5804 5457
5805 5423
5805 5479
5805 5487
5812 5415
5812 5423
5814 5432
5816 5423
5817 5404
5817 5421
5817 5484
5818 5415
5818 5423
5818 5487
5819 5404
5819 5457
5819 5482
5822 5421
5822 5432
5822 5466
5827 5404
5829 5415
5839 5439
5839 5457
5836 5482
5855 5482
5857 5421
5861 5482
5868 5482
5873 5457
5873 5482
5874 5482
5875 5482
5876 5482
5877 5482
5878 5482
5896 5499
5897 5499
5899 5457
5871 5457
5932 5437
5932 5479
5932 5487
5934 5437
5935 5487
5950 5457
5958 5487
5981 5479
5998 5404
5998 5439
6006 5404
6004 5484
6023 5415
6023 5439
6023 5479
6043 5437
6044 5484
6072 5421
6068 5421
6069 5404
6075 5437
6094 5423
6108 5437
6116 5487
6126 5404
6133 5437
6134 5423
6152 5437
6153 5437
6155 5404
6158 5404
6156 5404
6156 5439
6157 5404
6176 5415
6200 5484
6220 5479
6236 5415
6241 5465
6245 5465
6245 5487
6243 5484
6263 5423
6280 5404
6286 5423
6287 5423
6288 5423
6299 5421
6305 5404
6305 5479
6323 5432
6360 5484
6327 5404
6327 5479
6327 5484
6429 5439
6428 5439
6486 5404
6486 5432
6504 5479
6510 5465
6516 5479
6560 5404
6563 5421
6563 5465
6596 5421
6596 5465
6596 5466
6618 5432
6618 5465
6619 5404
6619 5421
6619 5432
6619 5465
6615 5404
6615 5432
6615 5484
6616 5404
6624 5404
6624 5432
6624 5465
6627 5465
6627 5484
6665 5465
6714 5404
6714 5421
6714 5432
6766 5432
6772 5432
6779 5484
6784 5484
6833 5404
6620 5404
6620 5432
6620 5484
6885 5404
6913 5484
6905 5484
6914 5404
6914 5406
6914 5484
6915 5484
6906 5404
6906 5432
6906 5484
6907 5404
6907 5421
6907 5432
6907 5465
6907 5466
6907 5484
6908 5484
6909 5484
2415 5484
6910 5484
6916 5406
6916 5484
6917 5484
6911 5484
6912 5484
6918 5404
6918 5466
6918 5484
6934 5404
6941 5432
5529 5465
6993 5466
7021 5466
7052 5404
7052 5406
7052 5421
7052 5465
7052 5466
7054 5421
7046 5465
7047 5421
7047 5466
7055 5465
7049 5466
7057 5406
7057 5466
6946 5421
7086 5404
7086 5406
7086 5432
7100 5432
7104 5404
7104 5432
7113 5466
6994 5432
7220 5404
7221 5404
7225 5406
7231 5465
7266 5432
7280 5466
7282 5432
7283 5432
7284 5432
7285 5432
7286 5432
7287 5432
7378 5465
7386 5421
7391 5466
7490 5421
7493 5421
7546 5421
7564 5465
7580 5421
7598 5421
7598 5466
7614 5466
7623 5465
7953 5466
