3 300
3 348
3 349
3 371
25 300
25 302
25 306
25 308
25 310
25 322
25 325
25 339
25 348
25 349
25 356
25 358
25 363
25 370
25 371
25 373
25 377
25 379
4 341
4 363
4 370
6 300
6 301
6 304
6 306
6 317
6 319
6 322
6 325
6 339
6 348
6 349
6 356
6 358
6 359
6 362
6 363
6 370
6 371
6 373
6 377
6 378
6 379
6 390
6 391
6 392
6 394
6 396
8 300
8 301
8 308
8 310
8 319
8 322
8 339
8 341
8 348
8 349
8 356
8 358
8 362
8 363
8 370
8 371
8 373
8 377
8 378
8 379
8 389
8 390
8 391
8 392
8 394
8 396
9 325
9 339
9 348
9 356
9 363
9 370
9 377
9 378
9 379
9 390
9 391
9 392
9 394
10 300
10 301
10 306
10 310
10 319
11 306
11 308
11 310
11 313
11 317
11 319
11 322
11 325
11 332
11 334
11 338
11 350
11 372
12 349
12 356
12 362
12 390
13 302
13 341
14 324
14 325
14 338
14 356
14 363
14 368
14 371
14 377
14 378
14 390
14 391
14 394
14 396
15 368
17 339
17 356
17 359
17 377
17 378
17 391
18 308
19 371
20 306
20 308
20 310
20 321
20 322
20 325
20 339
20 348
20 350
20 363
20 368
20 370
20 371
20 377
20 378
20 379
20 391
21 308
21 334
21 356
21 370
23 300
23 302
23 304
23 308
23 313
23 325
24 310
24 311
24 321
24 334
24 348
24 370
24 373
24 378
24 391
54 356
54 373
54 394
28 301
28 302
28 304
28 310
28 313
28 319
28 322
28 325
28 356
28 370
28 391
28 396
33 396
36 304
36 308
36 310
36 313
36 322
36 325
36 332
36 334
36 348
36 356
36 370
36 373
36 377
36 391
36 394
36 396
35 300
35 339
35 348
35 356
35 362
35 370
35 373
35 377
35 378
35 379
35 390
35 391
35 394
37 325
37 370
38 302
39 319
39 325
39 341
26 300
26 301
26 306
26 310
26 325
26 339
26 341
26 348
26 349
26 356
26 358
26 359
26 362
26 363
26 370
26 371
26 373
26 377
26 378
26 379
26 389
26 390
26 391
26 394
26 396
41 322
41 339
41 356
41 358
41 377
42 302
42 348
42 356
42 377
42 378
42 391
42 396
44 372
44 390
44 391
46 300
46 301
46 325
46 348
46 368
46 370
46 371
46 377
46 378
46 379
46 391
46 394
46 396
47 300
47 302
47 304
47 317
47 322
47 324
47 334
47 356
47 389
48 310
48 356
48 391
49 363
49 370
49 396
51 325
29 300
29 308
29 313
29 317
29 322
29 348
29 356
29 358
29 362
29 389
29 391
29 394
29 396
55 302
55 304
55 308
55 313
55 317
55 321
55 325
55 348
55 356
55 370
55 373
55 379
56 368
58 310
58 322
58 325
59 370
59 371
59 372
59 377
59 378
59 391
62 363
62 370
27 301
27 302
27 306
27 310
27 319
27 325
27 348
27 362
27 370
27 371
27 373
27 377
27 379
27 390
27 394
27 396
66 302
66 338
66 359
66 394
72 313
72 321
72 322
72 325
72 341
72 356
72 370
72 371
73 363
73 378
73 394
75 370
78 300
78 302
78 368
78 377
78 378
78 379
78 390
78 391
78 392
78 396
79 302
79 311
79 313
79 341
79 356
79 370
79 391
77 363
80 304
80 310
80 311
80 319
80 322
80 325
80 339
80 356
80 370
83 371
67 356
67 391
86 304
86 308
86 313
86 325
86 332
86 391
71 319
71 356
71 370
71 391
87 304
87 313
87 317
87 348
87 363
87 372
87 396
89 310
90 308
90 321
90 338
92 300
92 302
94 301
94 302
94 304
94 322
94 324
94 325
94 348
94 349
94 356
94 370
94 389
100 378
31 322
103 302
103 306
103 370
103 391
104 302
104 308
104 356
104 368
104 377
104 396
68 368
68 379
110 304
110 306
110 310
110 313
110 317
110 322
111 300
111 306
111 308
111 373
111 377
111 378
121 350
121 368
113 339
113 370
130 356
126 321
127 325
127 332
127 346
127 379
128 348
128 356
128 372
128 379
132 310
132 325
132 370
133 348
133 349
133 362
133 370
133 373
133 391
135 310
135 394
136 349
136 356
136 389
138 308
138 317
138 370
138 373
139 302
139 322
140 339
140 341
140 348
140 349
140 356
140 358
140 359
140 363
140 370
140 379
140 389
140 390
140 396
142 300
142 301
142 302
142 349
142 359
142 363
142 370
142 371
142 389
143 301
143 313
143 317
143 334
143 339
143 363
143 370
143 373
143 377
143 378
143 379
143 390
143 391
143 394
143 396
147 304
147 310
147 311
147 319
145 391
151 308
151 322
151 338
154 304
154 306
154 308
154 310
154 322
154 348
154 370
154 377
157 311
157 313
157 325
157 396
161 334
162 300
168 302
172 391
173 304
173 311
173 313
173 314
173 317
173 321
173 322
173 334
173 346
173 372
74 304
74 317
74 321
74 334
74 356
176 334
177 372
178 313
178 371
178 396
179 301
179 304
179 306
179 308
179 348
179 349
180 349
180 370
182 310
166 304
185 321
194 368
187 322
187 348
187 373
187 394
32 368
190 370
197 324
191 372
202 300
202 301
192 308
192 379
125 302
125 313
125 317
125 321
216 321
215 306
215 310
215 321
215 332
215 348
215 350
215 368
221 339
221 341
221 348
221 390
222 348
223 301
223 325
223 341
223 348
223 356
223 358
226 322
228 391
247 300
247 341
231 300
231 321
231 379
231 391
231 396
236 300
236 306
236 308
236 310
236 319
236 325
236 348
236 349
236 356
237 373
237 391
238 358
257 302
257 377
254 313
255 306
255 310
255 317
255 319
255 325
255 371
261 339
261 356
259 356
263 339
269 321
269 339
269 348
269 396
273 302
273 348
273 392
275 356
241 325
280 304
280 308
280 317
280 372
282 300
284 358
284 389
291 346
295 300
290 372
301 362
302 349
302 359
302 363
302 370
302 389
249 302
303 302
304 313
304 317
304 322
306 308
306 310
306 311
306 313
306 317
306 319
306 322
306 325
306 332
306 371
307 322
307 377
308 304
308 311
308 313
308 317
308 321
308 322
308 350
320 317
320 322
309 322
310 304
310 308
310 313
310 317
310 322
310 324
310 332
310 338
310 350
311 304
311 313
311 317
311 321
311 322
311 324
312 304
312 306
312 308
312 310
312 311
312 313
312 317
312 319
312 321
312 322
312 325
312 332
312 334
312 338
313 322
314 322
315 308
315 317
315 322
316 322
305 322
317 304
317 308
317 311
317 313
317 321
317 322
317 334
318 322
319 306
319 310
319 311
319 317
319 322
319 325
319 370
319 371
319 379
326 348
327 311
251 310
328 325
328 356
328 373
150 371
336 310
336 325
336 356
336 371
339 334
339 341
339 373
339 377
339 379
339 394
340 304
340 396
341 324
341 348
341 362
341 370
341 396
344 348
348 325
345 348
345 371
346 348
350 356
351 325
351 339
351 356
355 356
352 325
352 356
353 339
353 356
357 339
357 358
193 325
193 358
363 362
362 363
364 370
365 370
365 377
365 391
366 370
366 377
366 379
366 391
369 370
367 370
368 370
371 304
371 310
371 313
371 317
371 373
372 373
372 391
374 377
375 377
376 310
376 311
376 325
376 350
376 377
376 394
386 310
393 394
395 321
395 396
400 321
406 306
406 310
406 319
406 325
407 308
407 372
424 310
426 322
426 341
426 368
432 308
432 310
432 317
432 321
432 332
447 350
455 322
457 311
463 368
467 368
501 322
501 325
502 322
530 313
536 368
542 372
545 334
546 372
556 321
556 372
564 310
564 311
567 371
583 372
584 371
585 310
585 371
601 321
600 308
600 311
600 313
600 321
600 324
600 350
600 372
604 310
604 325
615 306
615 319
615 325
633 306
633 310
633 311
633 313
633 319
634 334
635 304
635 317
637 311
637 317
643 311
643 313
644 313
649 304
649 317
650 308
650 311
650 332
663 311
663 321
667 332
639 313
674 308
674 310
674 317
674 325
682 310
686 334
686 338
686 372
688 310
689 310
690 310
691 306
692 306
692 319
692 325
695 317
695 324
695 325
695 346
695 372
704 304
704 308
704 313
704 317
704 346
705 317
706 317
707 311
707 321
707 372
708 304
708 311
708 317
708 321
708 334
710 321
712 304
713 332
715 334
722 308
722 346
742 304
742 311
742 317
742 324
697 311
697 313
697 321
697 332
321 308
321 311
759 311
759 313
759 317
761 304
766 332
766 346
766 350
762 324
769 311
769 313
769 314
769 321
769 332
769 338
769 350
788 311
788 317
788 321
784 311
784 338
784 346
789 304
789 311
789 313
789 317
789 346
795 304
795 311
795 313
795 317
795 321
795 372
797 324
805 313
810 304
810 313
810 324
813 332
813 350
816 304
334 313
334 317
823 304
823 313
826 332
826 372
838 308
838 334
844 308
844 313
848 308
848 317
852 308
853 317
859 308
860 308
860 317
861 308
865 317
871 311
877 313
882 317
904 372
911 304
911 321
914 304
918 321
918 334
941 311
941 334
943 313
946 311
946 334
946 350
948 324
956 311
956 321
957 304
959 313
960 313
933 317
970 338
971 311
971 317
971 321
971 334
978 304
978 324
981 304
982 338
986 332
986 334
988 332
987 304
993 304
993 311
993 317
993 334
994 304
994 311
994 321
996 332
996 334
996 346
996 350
998 372
1000 317
1006 314
1006 338
1008 304
1009 311
1009 314
1009 332
1009 334
1023 311
1023 332
1027 311
1027 321
1029 311
1029 314
1029 321
1031 311
1032 311
1033 311
1034 311
1034 321
1034 372
1042 332
1043 350
1043 372
1050 372
1052 321
1055 321
1062 321
1075 324
1084 338
1098 350
1114 334
1124 350
1132 338
1133 346
1135 332
1135 334
1137 350
1143 372
1151 332
1151 346
1151 350
1151 372
922 334
1160 334
1166 332
1166 346
1166 350
1166 372
1169 350
1203 334
1210 334
1210 350
1210 372
1245 334
1253 314
1259 334
1279 332
1301 334
1302 334
1303 334
1304 334
1305 314
1305 334
1306 334
1319 314
1350 372
1352 314
1352 372
1395 332
1419 350
1442 314
1468 346
1473 372
1480 372
1487 372
1497 346
1522 332
1538 372
1542 332
1549 332
1549 350
1555 350
1010 314
1582 314
1583 314
1594 372
1608 332
1608 350
1614 372
1615 372
1692 372
1691 372
1716 372
1717 372
1748 350
1756 332
1756 372
1766 332
1772 332
1820 350
1919 332
1991 350
1997 332
2009 350
2062 332
2072 332
2072 350
2093 350
2116 350
2118 350
2120 332
2133 332
2133 350
2168 350
2172 332
2209 350
2230 332
2231 332
2229 350
2232 332
2233 332
2256 350
2274 332
2297 332
2322 332
2323 346
2328 332
2328 350
2369 332
2407 332
2416 332
2417 332
2418 332
2472 350
2473 350
2506 350
2469 350
2560 346
2565 346
2593 350
2623 350
2658 346
2672 350
2676 350
2708 346
2688 346
3449 346
3453 346
3498 346
3601 346
3666 346
3787 346
3835 346
3976 346
4013 346
4044 346
4072 346
4099 346
4076 346
4150 346
4211 346
4574 346
4662 346
4688 346
4774 346
4821 346
