11 3529
11 3537
11 3557
11 3562
11 3568
14 3562
20 3516
24 3537
24 3568
24 3586
36 3537
36 3562
36 3586
46 3506
53 3568
27 3537
86 3529
86 3537
86 3576
71 3529
71 3562
71 3576
87 3516
103 3537
68 3506
68 3537
68 3557
68 3586
122 3516
122 3520
122 3537
122 3541
122 3568
122 3580
122 3587
113 3537
113 3586
127 3516
127 3520
127 3537
127 3549
127 3562
127 3567
127 3580
127 3587
157 3506
172 3506
172 3516
172 3529
172 3580
172 3587
173 3537
180 3567
180 3587
182 3537
166 3562
204 3516
265 3587
290 3516
306 3529
306 3537
306 3562
306 3567
308 3562
311 3506
319 3537
319 3547
150 3568
346 3520
346 3537
346 3541
346 3557
346 3562
346 3580
383 3529
383 3537
407 3580
425 3580
449 3548
457 3529
457 3537
457 3557
457 3562
457 3568
457 3586
465 3562
546 3516
546 3562
556 3537
583 3576
582 3557
600 3568
634 3516
634 3554
634 3580
635 3516
695 3516
695 3537
695 3580
710 3516
710 3537
722 3580
737 3568
742 3568
749 3537
759 3520
759 3537
759 3587
763 3529
766 3506
766 3516
766 3537
766 3541
766 3547
766 3549
766 3554
766 3555
766 3557
766 3562
766 3580
766 3586
766 3587
769 3554
788 3516
784 3568
784 3587
789 3537
789 3554
789 3586
798 3568
808 3557
813 3520
813 3537
813 3557
813 3580
813 3587
822 3537
826 3506
826 3516
825 3537
825 3548
825 3562
825 3568
825 3587
838 3516
838 3548
856 3506
856 3516
856 3541
865 3554
879 3516
879 3537
879 3557
879 3562
879 3568
947 3549
974 3580
974 3587
988 3506
988 3529
988 3537
988 3538
988 3541
988 3547
988 3548
988 3557
988 3567
988 3580
988 3587
993 3537
994 3529
994 3537
996 3537
996 3554
996 3557
996 3562
1000 3586
1006 3568
1009 3529
1032 3587
1037 3516
1041 3586
1055 3516
1055 3520
1055 3541
1055 3554
1055 3580
1062 3529
1063 3568
872 3587
1097 3554
1097 3562
1097 3580
1098 3529
1098 3537
1098 3580
1125 3516
1133 3537
1133 3554
1133 3557
1133 3568
1133 3586
1137 3537
1142 3516
1151 3537
1166 3506
1166 3516
1166 3537
1166 3538
1166 3541
1166 3554
1166 3557
1166 3562
1166 3580
1166 3586
1166 3587
1167 3541
1196 3557
1204 3537
1210 3537
1210 3557
1210 3580
1210 3586
1210 3587
1247 3537
1248 3562
1259 3506
1259 3529
1282 3557
1286 3537
1296 3537
1297 3516
1297 3580
1305 3506
1305 3516
1305 3529
1305 3538
1305 3541
1305 3548
1305 3557
1305 3567
1305 3580
1305 3587
1367 3506
1367 3520
1367 3537
1367 3548
1367 3587
1368 3557
1374 3506
1374 3529
1374 3554
1374 3562
1381 3537
1384 3506
1384 3537
1384 3587
1390 3516
1419 3516
1419 3548
1470 3516
1470 3537
1470 3580
1470 3587
1492 3537
1492 3568
1496 3562
1496 3586
1522 3520
1538 3580
1537 3568
1542 3537
1542 3554
1542 3586
1553 3568
1549 3529
1549 3537
1549 3541
1549 3562
1549 3568
1549 3580
1549 3587
1550 3568
1566 3537
1585 3520
1585 3580
1592 3516
1596 3562
1608 3520
1608 3547
1608 3562
1621 3568
1622 3580
1623 3580
1661 3548
1667 3537
1647 3587
1691 3562
1701 3516
1701 3537
1701 3586
1717 3516
1717 3587
1688 3537
1734 3537
1748 3548
1748 3562
1749 3516
1749 3538
1749 3562
1767 3541
1769 3537
1783 3537
1783 3562
1783 3580
1803 3537
1808 3516
1813 3557
1814 3516
1820 3557
1821 3516
1821 3548
1838 3562
1872 3529
1891 3568
1899 3516
1922 3516
1922 3537
1925 3587
1947 3541
1947 3562
1951 3549
1967 3520
1967 3537
1967 3580
1967 3587
1972 3516
1972 3529
1972 3562
1972 3580
1972 3587
1980 3557
1990 3562
2001 3554
2065 3587
2083 3548
2109 3562
2114 3576
2116 3529
2118 3580
2120 3538
2120 3548
2129 3529
2129 3557
2129 3568
2135 3537
2135 3568
2145 3537
2145 3587
2160 3562
2174 3516
2209 3580
2209 3587
2210 3562
2217 3562
2217 3568
2230 3541
2229 3520
2229 3537
2229 3568
2229 3580
2229 3587
2237 3529
2237 3537
2237 3541
2237 3557
2237 3568
2237 3580
2240 3580
2252 3520
2252 3576
2256 3520
2256 3547
2256 3555
2256 3562
2256 3576
2256 3587
2258 3568
2258 3586
2290 3516
2290 3520
2290 3529
2290 3537
2290 3541
2290 3547
2290 3548
2290 3556
2290 3557
2290 3567
2290 3568
2290 3580
2290 3587
2289 3568
2297 3516
2297 3529
2297 3537
2297 3562
2297 3568
2297 3576
2297 3587
2299 3541
2299 3580
2323 3516
2323 3541
2323 3562
2323 3580
2326 3506
2326 3516
2326 3520
2326 3529
2326 3537
2326 3538
2326 3541
2326 3548
2326 3557
2326 3562
2326 3567
2326 3568
2326 3580
2326 3587
2328 3529
2328 3537
2328 3562
2328 3568
2328 3587
2332 3548
2332 3556
2332 3562
2364 3538
2365 3516
2365 3580
2369 3541
2369 3554
2371 3516
2371 3537
2379 3541
2384 3516
2387 3554
2398 3516
2398 3555
2398 3580
2410 3586
2411 3506
2411 3529
2411 3537
2411 3538
2411 3548
2411 3580
2411 3587
2416 3587
2485 3516
2485 3529
2485 3537
2485 3557
2485 3562
2485 3568
2485 3580
2485 3587
2497 3529
2497 3547
2497 3548
2504 3568
2506 3541
2508 3562
2510 3516
2510 3529
2510 3557
2542 3580
2542 3587
2546 3567
2547 3516
2547 3557
2547 3580
2547 3587
2548 3568
2566 3529
2566 3562
2559 3516
2559 3562
2559 3568
2559 3580
2560 3506
2560 3516
2560 3520
2560 3537
2560 3557
2560 3567
2560 3580
2564 3537
2565 3506
2565 3516
2565 3520
2565 3529
2565 3537
2565 3538
2565 3541
2565 3547
2565 3548
2565 3557
2565 3562
2565 3567
2565 3568
2565 3576
2565 3580
2565 3587
2576 3516
2587 3568
2585 3537
2585 3562
2585 3580
2594 3562
2594 3580
2595 3537
2595 3586
2474 3562
2605 3568
2612 3555
2612 3587
2613 3541
2617 3580
2618 3562
2623 3516
2623 3547
2623 3549
2623 3586
2651 3506
2651 3516
2651 3541
2651 3547
2651 3548
2651 3562
2651 3567
2651 3576
2651 3580
2653 3516
2653 3529
2653 3537
2653 3548
2653 3568
2653 3580
2653 3587
2657 3516
2657 3562
2657 3567
2657 3568
2657 3580
2658 3537
2658 3541
2658 3557
2658 3580
2658 3587
2674 3562
2699 3580
2699 3587
2700 3506
2700 3516
2700 3520
2700 3529
2700 3538
2700 3548
2700 3556
2700 3557
2700 3580
2700 3587
2686 3506
2686 3516
2686 3520
2686 3538
2686 3547
2687 3548
2702 3516
2702 3537
2702 3538
2703 3516
2703 3538
2688 3506
2688 3516
2688 3520
2688 3529
2688 3537
2688 3538
2688 3541
2688 3547
2688 3548
2688 3549
2688 3554
2688 3555
2688 3557
2688 3562
2688 3568
2688 3576
2688 3580
2688 3586
2688 3587
2704 3538
2660 3506
2660 3516
2660 3529
2660 3537
2660 3541
2660 3580
2660 3587
2689 3529
2667 3554
2667 3586
2691 3568
2693 3516
2693 3529
2693 3537
2693 3549
2693 3562
2693 3568
2693 3580
2693 3587
2706 3537
2706 3587
2696 3537
2696 3568
2697 3537
2697 3562
2698 3516
2698 3548
2711 3537
2711 3548
2711 3549
2719 3562
2727 3516
2727 3529
2737 3516
2740 3520
2747 3516
2747 3529
2747 3568
2747 3576
2747 3580
2746 3562
2775 3568
2790 3516
2790 3520
2790 3537
2790 3548
2790 3549
2790 3555
2790 3576
2790 3580
2804 3537
2804 3580
2804 3587
2811 3562
2544 3568
2819 3516
2819 3548
2654 3529
2654 3537
2654 3541
2654 3556
2654 3562
2654 3567
2831 3529
2832 3568
2838 3516
2838 3587
2859 3557
2859 3562
2859 3568
2871 3537
2871 3557
2871 3562
2871 3568
2872 3557
2872 3562
2923 3516
2923 3537
2923 3568
2932 3537
2932 3557
2932 3568
2935 3537
2939 3529
2940 3557
2941 3549
2958 3516
2967 3520
2967 3529
2967 3538
2967 3562
2967 3568
2967 3580
2967 3587
2968 3516
2968 3557
2968 3562
2972 3537
2972 3557
2972 3562
2972 3568
2974 3562
2986 3537
2988 3537
2991 3562
2995 3537
2995 3567
3000 3568
3009 3547
3005 3529
3005 3562
3005 3580
3010 3520
3010 3529
3010 3537
3010 3549
3010 3557
3010 3580
3010 3587
2707 3516
2707 3537
2707 3568
3018 3537
3018 3557
3020 3516
3024 3562
3024 3580
3026 3529
3026 3537
3026 3548
3026 3562
3026 3568
3026 3587
3028 3529
3028 3557
3028 3567
3028 3568
3028 3576
3028 3580
3031 3516
3031 3537
3031 3567
3031 3580
3032 3516
3032 3520
3032 3541
3032 3557
3032 3567
3032 3568
3032 3587
3033 3568
3033 3580
3034 3568
2713 3506
2713 3516
2713 3520
2713 3529
2713 3548
2713 3557
2713 3562
2713 3568
2713 3576
2713 3580
2713 3587
3037 3580
3040 3576
3044 3516
3056 3516
3056 3520
3056 3548
3056 3567
3056 3587
3053 3516
3055 3587
3057 3587
3059 3537
2976 3541
3081 3516
3084 3537
3084 3555
3084 3557
3084 3562
3084 3568
3094 3537
2842 3506
2842 3520
2842 3538
2842 3580
2842 3587
3120 3520
3127 3541
3127 3557
3144 3529
3144 3557
3144 3567
3144 3568
3148 3516
3148 3562
3168 3516
3168 3557
3168 3562
3168 3568
3173 3529
3173 3537
3175 3529
3175 3537
3175 3541
3180 3506
3180 3516
3180 3529
3180 3537
3188 3555
3188 3567
3189 3587
3192 3537
3196 3529
3202 3516
3209 3520
3225 3516
3239 3555
3252 3516
3252 3562
3252 3587
3258 3520
3258 3541
3258 3547
3258 3557
3258 3568
3258 3587
3274 3537
3275 3516
3276 3529
3276 3562
3284 3506
3284 3516
3284 3556
3284 3557
3291 3506
3291 3516
3291 3562
3291 3587
3301 3576
3304 3516
3304 3529
3304 3557
3304 3580
3290 3587
3317 3568
3333 3587
3343 3541
3345 3586
3349 3580
3349 3587
3350 3516
3352 3516
3352 3529
3352 3537
3352 3557
3352 3562
3352 3567
3352 3568
3374 3516
3375 3516
3375 3520
3375 3557
3375 3562
3377 3587
3378 3562
3379 3516
3380 3506
3380 3516
3380 3520
3384 3580
3392 3529
3392 3555
3394 3516
3394 3529
3394 3537
3394 3541
3394 3548
3394 3562
3394 3568
3402 3516
3402 3537
3036 3516
3036 3592
3404 3529
3404 3548
3404 3586
3404 3587
3390 3537
3406 3541
3439 3516
3439 3538
3439 3548
3439 3556
3439 3567
3439 3587
3447 3537
3449 3537
3449 3557
3450 3557
3452 3537
3452 3586
3453 3537
3453 3557
3453 3568
3454 3537
3454 3557
3454 3568
3455 3537
3456 3537
3456 3568
3457 3537
3457 3541
3457 3547
3457 3555
3457 3568
3458 3520
3458 3529
3458 3537
3458 3586
3461 3557
3462 3557
3469 3529
3469 3567
3469 3587
3470 3580
3470 3587
3479 3537
3479 3538
3479 3568
3479 3580
3479 3587
3480 3541
3481 3538
3477 3506
3477 3529
3477 3557
3477 3587
3478 3586
3496 3562
3498 3586
3510 3516
3515 3516
3515 3538
3515 3587
3511 3516
3512 3516
3513 3516
3514 3516
3519 3529
3519 3568
3520 3529
3521 3529
3521 3568
3522 3529
3522 3554
3522 3557
3523 3520
3523 3529
3524 3529
3525 3529
3525 3541
3526 3529
3527 3529
3527 3576
3532 3548
3536 3520
3541 3562
3541 3576
3543 3548
3553 3587
3555 3537
3556 3541
3561 3562
3562 3537
3562 3541
3562 3580
3568 3537
3568 3557
3568 3562
3569 3537
3569 3541
3569 3557
3569 3580
3579 3580
3578 3580
3581 3587
3582 3587
3583 3587
3584 3587
3585 3587
3586 3587
3591 3568
3590 3591
3595 3537
3614 3537
3614 3554
3614 3557
3614 3562
3614 3568
3614 3586
3615 3541
3615 3557
3615 3562
3615 3568
3624 3568
3625 3520
3629 3537
3630 3562
3631 3562
3631 3568
3633 3557
3633 3576
3635 3562
3635 3568
3639 3537
3641 3537
3641 3562
3641 3568
3642 3586
3645 3562
3645 3568
3651 3537
3652 3537
3658 3537
3658 3568
3659 3568
3660 3557
3660 3562
3660 3568
3661 3555
3661 3562
3661 3568
3666 3554
3666 3557
3666 3562
3666 3568
3666 3586
3674 3557
3682 3541
3682 3562
3691 3537
3691 3557
3691 3568
3714 3562
3719 3541
3719 3562
3724 3555
3724 3562
3724 3568
3571 3586
3729 3562
3731 3557
3748 3537
3720 3562
3720 3568
3777 3568
3785 3562
3786 3541
3786 3562
2975 3541
3787 3537
3787 3554
3787 3557
3787 3568
3796 3537
3796 3568
3794 3537
3794 3568
3798 3586
3800 3568
3806 3554
3813 3537
3813 3562
3813 3568
3814 3568
3823 3541
3824 3541
3839 3562
3845 3554
3854 3537
3854 3562
3862 3562
3863 3537
3648 3576
3894 3576
3897 3568
3916 3586
3917 3568
3949 3562
3956 3537
3956 3568
3965 3568
3969 3537
3973 3562
3976 3537
3977 3562
3991 3562
4001 3568
4007 3562
4036 3562
4036 3586
4040 3562
4040 3586
4039 3562
4041 3554
2981 3537
2981 3568
4044 3537
4045 3537
4045 3586
4059 3562
4061 3562
4062 3562
4063 3562
4063 3568
4077 3537
4077 3562
4077 3568
4078 3562
4064 3562
4065 3562
4065 3568
4066 3562
4066 3568
4067 3562
4068 3562
4069 3562
4079 3562
4070 3562
4070 3586
4071 3562
4072 3557
4072 3562
4073 3537
4073 3562
4074 3562
4075 3562
4098 3568
4124 3537
4124 3568
4137 3568
4138 3568
4141 3568
4144 3586
4151 3537
4151 3568
4151 3586
4152 3568
3995 3586
4211 3537
4211 3568
4212 3537
4214 3568
4261 3537
4261 3568
4275 3537
4273 3568
4276 3586
4292 3568
4312 3568
4313 3568
4314 3568
4315 3568
4316 3568
4317 3568
4318 3568
4319 3568
4320 3568
4321 3568
4338 3537
4338 3554
4347 3554
4355 3537
4364 3554
4428 3537
4433 3557
4437 3557
4441 3537
4483 3537
4509 3537
4527 3537
4531 3557
4535 3537
4547 3537
4557 3586
4563 3554
4574 3586
4587 3537
4632 3554
4632 3586
4653 3537
4665 3537
4671 3554
4686 3554
4709 3586
4746 3537
4824 3537
4824 3586
4859 3537
4879 3537
4899 3537
4899 3586
4937 3537
4943 3537
4947 3537
4948 3537
4948 3554
4963 3537
4964 3537
4964 3586
4967 3537
4967 3586
4973 3537
4974 3537
4974 3586
4981 3586
4982 3537
5020 3554
5024 3537
5036 3537
5039 3537
5040 3537
5059 3537
5060 3537
5061 3537
5062 3537
5063 3537
5079 3586
4828 3586
5123 3586
5176 3586
5177 3586
4310 3586
5180 3586
5189 3586
5191 3554
5246 3586
5296 3554
5316 3586
5342 3586
5343 3586
5264 3554
5427 3586
5437 3586
5452 3554
5474 3554
5484 3586
5524 3586
5543 3586
5624 3586
5655 3586
5697 3586
5714 3586
5770 3586
5796 3586
5819 3586
5836 3586
5857 3586
5883 3586
5981 3586
5982 3586
5983 3586
5984 3586
5985 3586
5986 3586
5987 3586
5988 3586
5989 3586
5990 3586
