11 5802
20 5814
20 5818
24 5818
24 5863
36 5804
36 5822
36 5897
53 5804
27 5844
87 5804
99 5812
103 5800
103 5822
103 5872
68 5806
68 5814
68 5839
68 5848
68 5860
68 5863
68 5886
109 5800
109 5802
109 5804
109 5818
109 5819
109 5822
109 5824
109 5827
109 5829
109 5839
109 5871
113 5886
136 5824
136 5844
136 5871
136 5872
143 5800
143 5822
154 5886
178 5804
166 5800
259 5828
310 5844
311 5897
317 5802
319 5806
319 5897
335 5886
335 5887
395 5818
395 5872
406 5822
407 5817
425 5800
425 5811
425 5835
434 5897
457 5800
457 5801
457 5802
457 5804
457 5806
457 5809
457 5811
457 5812
457 5814
457 5817
457 5818
457 5822
457 5827
457 5829
457 5830
457 5832
457 5844
457 5850
457 5860
457 5871
457 5872
457 5886
457 5891
457 5897
546 5800
546 5807
546 5871
600 5829
634 5814
634 5818
634 5827
663 5806
663 5887
695 5897
737 5800
737 5802
737 5807
737 5814
737 5822
737 5824
737 5827
737 5887
766 5800
766 5802
766 5806
766 5814
766 5817
766 5818
766 5822
766 5827
766 5828
766 5829
766 5835
766 5837
766 5839
766 5844
766 5848
766 5871
766 5872
766 5897
769 5804
769 5828
788 5814
789 5804
789 5817
789 5897
791 5804
791 5811
813 5848
825 5817
825 5828
879 5800
879 5829
967 5819
974 5822
988 5819
988 5887
996 5828
996 5863
1035 5817
1055 5863
1063 5844
1074 5818
1074 5824
1074 5827
1074 5829
1074 5871
1098 5800
1098 5806
1098 5807
1098 5811
1098 5812
1098 5814
1098 5819
1098 5822
1098 5829
1098 5897
1133 5812
1133 5817
1133 5848
1133 5863
1133 5886
1142 5886
1151 5818
1151 5822
1151 5828
1151 5839
1151 5848
1151 5872
1151 5897
1166 5800
1166 5806
1166 5811
1166 5814
1166 5824
1166 5828
1166 5860
1166 5863
1166 5872
1207 5832
1210 5804
1210 5818
1210 5822
1215 5886
1247 5817
1253 5828
1286 5818
1286 5844
1285 5818
1335 5828
1335 5850
1375 5886
1374 5807
1374 5814
1374 5817
1374 5828
1374 5837
1374 5839
1374 5844
1374 5871
1374 5886
1374 5891
1374 5897
1462 5828
1462 5872
1463 5822
1471 5897
1492 5844
1496 5863
1542 5800
1542 5850
1542 5886
1542 5891
1549 5817
1549 5822
1549 5844
1549 5872
1549 5897
1608 5822
1608 5897
1612 5811
1612 5814
1614 5848
1530 5828
1621 5839
1645 5886
1661 5811
1661 5817
1667 5844
1667 5872
1701 5828
1697 5817
1700 5886
1722 5818
1748 5817
1748 5887
1762 5811
1762 5829
1762 5871
1789 5824
1795 5814
1796 5814
1796 5871
1799 5804
1799 5814
1811 5891
1814 5819
1823 5804
1823 5819
1835 5828
1847 5827
1865 5814
1915 5891
1972 5827
1982 5839
1984 5817
1985 5817
2001 5828
2001 5863
2001 5886
2010 5839
2115 5828
2118 5886
2129 5891
2145 5800
2145 5811
2145 5827
2145 5828
2145 5837
2160 5829
2186 5848
2226 5800
2237 5844
2237 5848
2237 5886
2240 5814
2240 5827
2240 5871
2257 5806
2258 5804
2258 5828
2258 5863
2258 5891
2297 5828
2299 5814
2299 5827
2299 5829
2323 5817
2328 5800
2328 5806
2328 5814
2328 5822
2328 5829
2369 5811
2369 5886
2376 5822
2387 5848
2387 5886
2440 5819
2452 5800
2452 5811
2452 5814
2452 5839
2485 5804
2485 5806
2485 5818
2485 5872
2502 5828
2504 5828
2504 5886
2516 5814
2516 5827
2516 5844
2516 5863
2535 5817
2542 5828
2549 5828
2564 5848
2565 5800
2565 5802
2565 5806
2565 5807
2565 5811
2565 5812
2565 5814
2565 5817
2565 5818
2565 5822
2565 5829
2565 5835
2565 5839
2565 5871
2565 5872
2565 5887
2565 5897
2576 5802
2576 5814
2576 5819
2585 5891
2623 5817
2620 5800
2620 5829
2620 5871
2651 5819
2651 5844
2651 5848
2653 5817
2658 5800
2658 5806
2658 5811
2658 5812
2658 5817
2658 5835
2658 5872
2658 5887
2658 5897
2674 5804
2674 5828
2677 5800
2677 5807
2677 5822
2702 5828
2702 5863
2688 5800
2688 5814
2688 5817
2688 5824
2688 5827
2688 5828
2688 5829
2688 5837
2688 5844
2688 5848
2688 5860
2688 5863
2688 5871
2688 5872
2688 5886
2688 5891
2704 5850
2660 5828
2660 5837
2660 5863
2689 5886
2689 5891
2667 5804
2667 5886
2667 5891
2691 5817
2691 5828
2693 5804
2693 5818
2693 5891
2744 5860
2744 5872
2760 5828
2760 5850
2774 5828
2775 5886
2778 5812
2831 5827
2871 5817
2909 5886
2932 5828
2940 5806
2940 5872
2972 5814
2972 5817
2972 5818
2972 5822
2972 5844
2972 5848
3000 5800
3000 5802
3000 5806
3000 5811
3010 5829
3010 5871
3015 5814
3015 5830
3015 5844
3024 5817
3027 5863
3027 5871
3032 5822
3032 5828
3032 5863
3073 5897
3084 5818
3092 5817
2003 5801
2003 5819
3142 5812
3150 5828
3227 5822
3238 5814
3238 5839
3258 5824
3320 5806
3326 5817
3348 5806
3352 5817
3366 5817
3381 5800
3381 5804
3381 5806
3381 5814
3381 5818
3381 5819
3381 5822
3381 5827
3381 5835
3381 5871
3381 5872
3381 5897
3393 5897
3394 5882
3394 5891
3402 5817
3404 5839
3404 5844
3404 5886
3404 5891
3439 5827
3447 5800
3447 5804
3447 5811
3447 5814
3447 5818
3447 5819
3447 5827
3447 5829
3447 5844
3447 5871
3447 5886
3449 5804
3449 5814
3449 5828
3449 5837
3449 5844
3449 5848
3449 5850
3449 5863
3449 5886
3449 5891
3450 5817
3452 5844
3453 5800
3453 5802
3453 5804
3453 5811
3453 5817
3453 5822
3453 5827
3453 5829
3453 5844
3453 5871
3453 5886
3453 5891
3455 5817
3456 5800
3456 5822
3456 5827
3456 5828
3456 5829
3456 5839
3456 5844
3456 5848
3456 5897
3457 5800
3457 5827
3458 5804
3458 5897
3459 5809
3459 5811
3459 5830
3459 5839
3459 5844
3459 5871
3459 5886
3460 5819
3460 5829
3462 5817
3463 5817
3469 5844
3479 5844
3479 5872
3478 5814
3478 5829
3478 5850
3492 5814
3498 5828
3498 5837
3498 5844
3498 5863
3521 5844
3521 5886
3522 5818
3568 5844
3568 5848
3568 5863
3569 5814
3586 5800
3586 5804
3586 5806
3586 5811
3586 5814
3586 5819
3586 5827
3586 5839
3586 5872
3586 5886
3593 5848
3600 5811
3614 5802
3614 5804
3614 5818
3614 5828
3614 5837
3614 5844
3614 5848
3615 5804
3615 5817
3631 5817
3634 5800
3634 5806
3634 5812
3634 5817
3634 5863
3634 5886
3641 5800
3641 5802
3641 5811
3641 5818
3641 5829
3641 5848
3641 5871
3642 5800
3642 5802
3642 5804
3642 5814
3642 5818
3642 5824
3642 5827
3642 5828
3642 5829
3642 5837
3642 5844
3642 5848
3642 5860
3642 5871
3642 5872
3642 5886
3642 5891
3666 5817
3666 5828
3666 5863
3691 5800
3691 5835
3571 5801
3571 5814
3571 5818
3571 5872
3728 5828
3748 5848
3679 5886
3764 5807
3786 5828
3786 5863
3787 5800
3787 5804
3787 5811
3787 5814
3787 5817
3787 5828
3787 5863
3796 5828
3796 5844
3796 5848
3796 5886
3796 5891
3794 5818
3794 5848
3806 5814
3813 5863
3813 5882
3900 5818
3956 5804
3956 5871
3956 5886
3965 5802
3965 5819
3965 5822
3976 5800
3976 5817
3976 5860
3976 5872
3976 5886
3978 5818
4013 5829
4013 5863
4036 5814
4036 5819
4036 5827
4036 5828
4036 5835
4036 5897
4040 5839
4041 5829
4041 5844
4041 5886
2981 5886
4045 5814
4045 5818
4045 5822
4045 5827
4045 5844
4045 5848
4045 5886
4045 5891
4046 5801
4046 5811
4046 5814
4065 5800
4065 5871
4070 5828
4070 5863
4070 5872
4073 5891
4082 5837
4082 5848
4082 5863
4099 5800
4099 5818
4099 5827
4099 5828
4099 5871
4099 5886
4099 5897
4076 5804
4144 5850
4144 5863
4144 5886
4151 5817
4151 5818
4151 5844
4191 5848
3995 5827
3995 5848
3995 5886
3995 5891
4211 5800
4219 5800
4219 5817
4222 5817
4223 5850
4221 5818
4221 5871
4297 5811
4297 5818
4297 5819
4297 5839
4297 5871
4307 5817
4347 5819
4353 5844
4353 5886
4364 5817
4383 5807
4422 5829
4428 5848
4432 5814
4432 5818
4437 5806
4437 5897
4441 5804
4441 5812
4441 5837
4441 5844
4441 5848
4441 5863
4447 5818
4447 5860
4447 5872
4483 5800
4483 5802
4483 5804
4483 5806
4483 5811
4483 5829
4483 5839
4483 5863
4483 5871
4488 5800
4488 5817
4488 5819
4536 5802
4550 5817
4550 5891
4574 5828
4587 5844
4598 5800
4598 5824
4598 5829
4598 5839
4598 5863
4598 5871
4487 5817
4632 5800
4632 5804
4632 5807
4632 5819
4632 5827
4632 5872
4632 5886
4632 5891
4640 5817
4653 5844
4661 5804
4661 5822
4662 5897
4666 5850
4673 5804
4673 5827
4669 5800
4669 5801
4687 5824
4715 5844
4717 5829
4718 5844
4718 5886
4721 5817
4712 5800
4712 5811
4737 5838
4739 5863
4764 5800
4764 5801
4764 5818
4764 5844
4781 5828
4788 5829
4792 5829
4792 5871
4798 5807
4818 5814
4824 5828
4824 5837
4824 5844
4824 5848
4824 5886
4824 5891
4829 5800
4829 5802
4829 5818
4829 5839
4843 5828
4843 5850
4879 5806
4879 5835
4879 5872
4882 5817
4894 5844
4894 5872
4899 5812
4899 5819
4899 5827
4899 5844
4899 5863
4899 5886
4899 5897
4948 5800
4948 5806
4948 5812
4948 5817
4948 5819
4948 5839
4948 5844
4948 5872
4964 5819
4964 5844
4964 5886
4967 5802
4967 5804
4967 5807
4967 5814
4967 5818
4967 5822
4967 5827
4967 5828
4967 5829
4967 5837
4967 5844
4967 5848
4967 5863
4967 5871
4967 5880
4967 5886
4967 5891
4974 5844
4974 5872
4974 5886
4976 5886
4981 5807
4982 5817
4994 5800
4994 5897
5002 5800
5002 5802
5002 5806
5002 5814
5002 5822
5002 5827
5002 5844
5002 5872
5009 5848
5022 5807
5022 5809
5022 5814
5022 5818
5022 5824
5022 5829
5022 5863
5022 5886
5022 5891
5020 5817
5020 5850
5020 5860
5020 5872
5028 5814
5028 5839
5053 5835
5053 5897
5061 5850
5079 5801
5079 5802
5079 5811
5079 5812
5079 5814
5079 5817
5079 5824
5079 5827
5079 5828
5079 5829
5079 5837
5079 5844
5079 5871
5079 5872
5079 5886
5079 5891
5085 5880
5102 5812
5102 5814
5102 5818
5103 5804
5103 5814
5103 5839
5110 5802
5110 5804
5110 5886
5110 5891
4828 5806
4828 5811
4828 5818
4828 5829
4828 5871
4828 5872
5123 5814
5123 5824
5123 5891
5125 5828
5125 5837
5125 5850
5125 5863
5139 5886
5140 5827
5140 5844
5140 5886
5164 5872
5166 5806
5166 5814
5171 5844
5171 5886
5172 5828
5172 5832
5173 5800
5173 5806
5173 5812
5173 5839
4795 5814
4795 5839
4795 5872
4795 5891
5176 5872
5176 5886
5176 5891
5177 5800
5177 5804
5177 5809
5177 5827
5177 5839
5177 5871
5178 5811
4310 5800
4310 5804
4310 5806
4310 5807
4310 5811
4310 5814
4310 5818
4310 5822
4310 5824
4310 5839
4310 5844
4310 5848
4310 5871
4310 5872
4310 5886
5179 5800
5179 5802
5179 5804
5179 5807
5179 5814
5179 5871
5180 5837
5180 5844
5180 5848
5180 5863
5180 5886
5180 5891
5181 5827
5181 5837
5181 5844
5181 5848
5181 5863
5182 5828
5182 5848
5182 5863
5184 5891
5185 5800
5185 5802
5185 5804
5185 5818
5185 5827
5185 5829
5185 5871
5185 5897
5187 5828
5187 5844
5187 5848
5187 5860
5187 5863
5187 5886
5187 5891
5188 5802
5188 5804
5188 5814
5188 5818
5188 5822
5188 5827
5188 5828
5188 5829
5188 5837
5188 5844
5188 5848
5188 5863
5188 5871
5188 5886
5188 5891
5188 5897
5189 5800
5189 5804
5189 5806
5189 5809
5189 5812
5189 5817
5189 5819
5189 5824
5189 5829
5189 5830
5189 5837
5189 5839
5189 5844
5189 5863
5189 5872
5189 5886
5189 5891
5190 5817
5190 5828
5196 5802
5196 5804
5196 5871
5199 5819
5199 5829
5200 5897
5207 5814
5226 5886
5233 5818
5243 5809
5246 5827
5246 5839
5254 5807
5254 5822
5254 5839
5262 5809
5262 5814
5262 5828
5262 5837
5262 5848
5262 5850
5262 5863
5262 5872
5263 5828
5263 5837
5263 5844
5263 5848
5263 5850
5263 5860
5263 5863
5263 5872
5263 5886
5295 5839
5301 5804
5301 5806
5301 5827
5301 5897
5316 5844
5321 5860
5321 5872
5332 5891
5342 5886
5264 5817
5264 5828
5378 5812
5423 5804
5427 5844
5427 5848
5427 5891
5437 5828
5437 5844
5437 5848
5437 5863
5437 5886
5437 5891
5439 5800
5439 5818
5439 5829
5445 5828
5445 5839
5445 5850
5445 5891
5446 5806
5452 5822
5457 5828
5457 5891
5472 5863
5478 5886
5479 5863
5479 5886
5482 5828
5482 5850
5485 5886
5489 5812
5524 5800
5524 5802
5524 5804
5524 5811
5524 5812
5524 5814
5524 5818
5524 5819
5524 5822
5524 5827
5524 5829
5524 5835
5524 5839
5524 5871
5524 5872
5524 5886
5524 5897
5531 5800
5531 5802
5531 5804
5531 5806
5531 5814
5531 5818
5531 5827
5531 5829
5531 5871
5531 5886
5531 5897
5534 5882
5193 5863
5193 5872
5543 5800
5543 5804
5543 5806
5543 5807
5543 5818
5543 5822
5543 5872
5543 5897
5553 5863
5553 5887
5582 5802
5582 5822
5582 5824
5582 5829
5591 5814
5596 5800
5596 5822
5596 5850
5596 5871
5596 5886
5604 5871
5606 5828
5606 5830
5606 5832
5606 5837
5606 5844
5606 5848
5606 5872
5612 5828
5612 5848
5612 5863
5617 5800
5396 5838
5624 5809
5624 5848
5630 5824
5644 5863
5655 5806
5655 5822
5655 5829
5655 5844
5655 5863
5655 5887
5656 5838
5658 5812
5662 5886
5691 5828
5691 5830
5691 5837
5691 5844
5691 5848
5691 5860
5691 5863
5691 5872
5691 5886
5691 5891
5696 5804
5696 5824
5697 5800
5697 5802
5697 5804
5697 5807
5697 5814
5697 5818
5697 5819
5697 5822
5697 5827
5697 5828
5697 5829
5697 5837
5697 5844
5697 5848
5697 5860
5697 5863
5697 5871
5697 5872
5697 5886
5697 5891
5702 5897
5707 5891
5709 5811
5714 5804
5714 5818
5714 5828
5738 5822
5739 5800
5739 5802
5739 5829
5739 5848
5739 5871
5739 5872
5761 5800
5770 5891
5775 5800
5772 5800
5772 5811
5772 5829
5773 5800
5773 5811
5773 5814
5773 5828
5776 5872
5783 5844
5783 5848
5783 5863
5788 5802
5796 5800
5796 5802
5796 5804
5796 5807
5796 5814
5796 5818
5796 5822
5796 5827
5796 5829
5796 5871
5796 5897
5798 5804
5800 5802
5800 5806
5800 5807
5800 5812
5800 5814
5800 5818
5800 5819
5800 5822
5800 5824
5800 5827
5800 5835
5800 5839
5800 5871
5800 5897
5801 5817
5802 5800
5802 5804
5802 5806
5802 5807
5802 5811
5802 5814
5802 5819
5802 5822
5802 5824
5802 5827
5802 5829
5802 5835
5802 5839
5802 5871
5802 5872
5802 5887
5802 5897
5806 5800
5806 5811
5806 5872
5804 5801
5804 5871
5808 5804
5809 5814
5811 5800
5811 5801
5811 5818
5812 5800
5812 5814
5812 5818
5814 5800
5814 5802
5814 5806
5814 5811
5814 5812
5814 5818
5814 5827
5814 5835
5814 5863
5814 5871
5814 5887
5814 5891
5814 5897
5817 5800
5817 5811
5817 5814
5817 5886
5818 5804
5818 5814
5818 5829
5818 5871
5819 5828
5819 5832
5819 5880
5819 5886
5820 5839
5821 5872
5822 5800
5822 5819
5822 5829
5822 5839
5822 5872
5824 5800
5824 5814
5824 5818
5824 5828
5824 5830
5824 5848
5827 5828
5829 5830
5829 5891
5833 5837
5834 5837
5839 5827
5839 5829
5839 5838
5839 5871
5836 5844
5836 5886
5846 5848
5846 5850
5855 5891
5857 5806
5857 5818
5857 5827
5857 5886
5857 5891
5859 5860
5859 5891
5861 5863
5862 5863
5862 5886
5862 5891
5872 5806
5872 5812
5873 5886
5873 5891
5877 5886
5877 5891
5883 5886
5884 5886
5885 5886
5885 5891
5887 5891
5888 5891
5889 5891
5890 5891
5590 5817
5892 5817
5908 5812
5915 5839
5871 5800
5871 5811
5871 5827
5871 5829
5871 5839
5932 5824
5932 5871
5932 5872
5934 5800
5934 5802
5934 5871
5961 5804
5980 5897
5998 5800
5998 5806
5998 5814
5998 5822
5998 5835
6006 5804
6006 5812
6023 5814
6032 5800
6032 5806
6038 5829
6047 5800
6049 5811
6072 5806
6072 5818
6072 5819
6097 5806
6097 5814
6097 5872
6094 5814
6121 5814
6126 5829
6001 5871
6134 5814
6146 5804
6170 5824
6170 5871
6174 5818
6184 5822
6198 5822
6198 5829
6204 5800
6204 5818
6213 5824
6218 5806
6218 5807
6218 5811
6218 5814
6218 5897
6221 5814
6221 5835
6232 5804
6241 5806
6241 5814
6241 5822
6241 5872
6243 5800
6243 5829
6243 5839
6243 5871
6243 5872
6270 5800
6270 5811
6270 5814
6270 5829
6272 5800
6272 5806
6272 5811
6272 5819
6272 5822
6272 5827
6272 5839
6272 5871
6280 5800
6280 5806
6280 5897
6295 5814
6299 5802
6299 5804
6299 5806
6299 5814
6299 5829
6299 5897
6305 5801
6305 5814
6305 5824
6305 5827
6305 5829
6305 5887
6320 5804
6323 5800
6323 5811
6323 5829
6344 5827
6359 5802
6359 5814
6359 5822
6359 5827
6359 5829
6359 5871
6360 5804
6374 5804
6375 5804
6377 5829
6377 5871
6327 5800
6327 5807
6327 5814
6327 5818
6327 5822
6327 5824
6327 5827
6327 5829
6398 5814
6398 5871
6422 5822
6421 5807
6421 5829
6421 5839
6443 5800
6447 5824
6458 5818
6483 5827
6484 5822
6486 5800
6486 5806
6486 5811
6486 5814
6486 5872
6487 5802
6488 5800
6488 5871
6491 5802
6491 5824
6492 5802
6494 5800
6494 5806
6494 5811
6494 5814
6494 5897
6501 5827
6504 5827
6510 5800
6518 5814
6518 5872
6522 5829
6522 5871
6523 5800
6523 5839
6524 5807
6525 5811
6525 5829
6526 5829
6526 5871
6460 5800
6460 5819
6460 5839
6550 5812
6555 5811
6555 5814
6560 5800
6560 5811
6560 5818
6560 5839
6123 5822
6123 5871
6570 5872
6563 5814
6563 5897
6552 5839
6596 5812
6596 5839
6596 5871
6607 5827
6608 5818
6608 5824
6608 5827
6608 5829
6608 5871
6618 5800
6618 5806
6618 5807
6618 5812
6618 5814
6618 5822
6619 5800
6619 5806
6619 5811
6619 5814
6619 5822
6619 5872
6619 5897
6615 5800
6615 5807
6615 5811
6615 5814
6615 5818
6615 5822
6615 5829
6615 5871
6615 5897
6624 5800
6624 5806
6624 5835
6624 5839
6624 5872
6624 5897
6627 5835
6649 5818
6657 5839
6665 5824
6702 5839
6702 5872
6705 5824
6706 5824
6714 5800
6714 5806
6714 5822
6714 5835
6714 5872
6714 5897
6734 5802
6736 5800
6736 5818
6736 5839
6736 5871
6726 5800
6726 5829
6758 5871
6766 5835
6770 5806
6770 5871
6771 5871
6772 5800
6772 5806
6772 5818
6772 5819
6772 5829
6772 5871
6772 5872
6775 5871
6773 5871
6774 5814
6774 5839
6774 5871
6780 5819
6783 5829
6784 5800
6784 5806
6784 5818
6784 5839
6789 5800
6790 5822
6821 5829
6822 5818
6822 5829
6824 5829
6776 5800
6776 5829
6848 5800
6855 5814
6620 5800
6620 5807
6620 5811
6620 5814
6620 5818
6620 5822
6867 5800
6865 5800
6865 5811
6865 5818
6870 5800
6875 5818
6876 5818
6877 5818
6878 5818
6899 5800
6900 5800
6900 5811
6902 5872
6902 5887
6913 5814
6913 5822
6914 5800
6914 5806
6914 5835
6914 5839
6914 5872
6906 5814
6906 5897
6907 5800
6907 5806
6907 5812
6907 5814
6907 5835
6907 5839
6907 5872
6907 5897
2415 5814
6916 5806
6916 5872
6934 5800
6934 5806
6934 5872
6941 5819
6941 5835
5529 5819
5529 5839
6945 5811
6945 5872
6959 5839
6975 5801
6976 5800
6976 5822
6993 5806
6993 5839
6993 5872
7021 5800
7021 5806
7021 5872
7024 5814
7052 5800
7052 5806
7052 5835
7052 5839
7052 5872
7052 5897
7053 5887
7046 5800
7047 5812
7047 5819
7047 5839
7047 5887
7055 5800
7055 5806
7055 5835
7055 5839
7055 5872
7056 5839
7057 5800
7057 5806
7057 5812
7057 5819
7057 5835
7057 5839
7057 5872
7030 5822
7061 5822
7063 5800
7080 5800
7080 5806
7080 5819
7080 5872
6946 5800
7086 5800
7086 5806
7086 5812
7086 5819
7086 5839
7086 5872
7092 5800
7092 5835
7092 5872
7099 5814
7099 5897
7121 5800
7129 5897
7132 5839
7132 5872
7153 5887
7153 5897
7173 5819
7183 5814
7188 5811
7225 5800
7225 5806
7225 5819
7225 5839
7225 5872
7226 5835
7227 5872
7229 5835
5143 5806
7230 5806
7231 5800
7231 5806
7231 5839
7231 5872
7233 5811
7233 5872
7237 5800
7239 5806
7239 5872
7241 5800
7241 5806
7241 5872
7255 5801
7262 5835
7270 5897
7279 5812
7280 5806
7280 5812
7280 5819
7280 5839
7295 5887
7301 5819
7317 5897
7294 5800
7294 5806
7294 5811
7294 5839
7330 5872
7341 5806
7343 5806
7350 5800
7350 5806
7350 5872
7351 5897
7352 5835
7354 5800
7378 5800
7378 5806
7378 5872
7390 5872
7400 5806
7400 5839
7401 5872
7409 5811
7409 5839
7393 5839
7443 5800
7449 5812
7449 5872
7449 5887
7484 5806
7484 5872
7554 5835
7150 5839
7578 5812
7594 5819
7598 5839
7614 5839
7050 5839
7649 5839
7716 5839
7717 5839
7727 5839
7733 5812
7744 5812
7744 5819
7744 5839
7747 5839
7774 5819
7775 5819
7775 5839
7806 5839
7841 5839
7900 5819
7901 5812
7906 5887
7964 5819
7980 5887
8045 5812
8046 5812
8047 5812
8048 5812
8049 5812
8051 5812
8052 5812
8053 5812
8054 5812
8069 5819
8070 5819
8071 5819
8072 5819
