11 2504
11 2506
11 2508
11 2517
11 2535
11 2544
11 2565
11 2570
11 2575
11 2579
11 2580
11 2585
11 2587
11 2593
11 2595
14 2565
14 2587
14 2595
18 2570
20 2517
20 2565
24 2504
24 2508
24 2516
24 2542
24 2560
24 2579
24 2585
24 2587
24 2595
36 2506
36 2570
36 2579
36 2594
36 2599
42 2504
44 2508
44 2516
47 2506
47 2565
53 2535
29 2565
59 2547
59 2550
59 2560
72 2535
72 2565
67 2508
86 2570
86 2576
71 2535
87 2535
87 2565
87 2576
99 2565
103 2589
68 2535
68 2565
68 2576
68 2579
68 2587
68 2593
68 2597
109 2511
109 2535
122 2506
122 2508
122 2516
122 2517
122 2542
122 2565
122 2585
122 2597
113 2508
113 2576
126 2576
127 2565
127 2576
136 2535
147 2516
147 2570
147 2579
151 2508
161 2579
172 2508
172 2510
172 2542
172 2550
172 2576
173 2504
173 2516
180 2517
180 2542
180 2597
166 2565
194 2585
197 2595
203 2516
203 2542
203 2576
203 2595
215 2504
215 2570
238 2517
255 2595
260 2576
259 2506
259 2508
259 2542
265 2593
275 2504
275 2508
275 2576
280 2535
280 2570
280 2579
285 2517
291 2517
290 2508
290 2579
306 2510
306 2544
306 2565
306 2576
308 2535
310 2535
310 2593
311 2504
311 2535
311 2542
311 2560
311 2565
311 2570
313 2565
319 2535
319 2592
335 2506
335 2592
348 2501
351 2535
364 2542
371 2501
383 2508
383 2535
403 2599
406 2511
407 2517
407 2535
407 2587
407 2594
425 2560
425 2565
425 2576
432 2592
457 2504
457 2511
457 2516
457 2517
457 2535
457 2565
457 2576
457 2579
457 2580
465 2508
534 2535
546 2542
546 2544
556 2542
556 2595
583 2535
600 2535
600 2542
600 2576
600 2587
600 2593
600 2595
634 2542
634 2565
634 2579
635 2506
637 2517
637 2565
650 2576
650 2587
650 2593
663 2535
663 2560
663 2592
689 2517
689 2580
689 2593
695 2506
695 2535
695 2576
695 2585
704 2579
704 2593
708 2576
710 2542
722 2501
722 2565
722 2570
722 2571
722 2575
722 2576
722 2579
722 2587
722 2591
737 2565
697 2517
697 2535
697 2576
759 2542
763 2542
763 2560
764 2501
764 2504
764 2580
764 2585
766 2506
766 2507
766 2510
766 2511
766 2516
766 2517
766 2535
766 2542
766 2544
766 2547
766 2550
766 2560
766 2565
766 2576
766 2579
766 2592
766 2593
766 2594
766 2597
766 2599
762 2508
769 2506
769 2535
769 2542
769 2576
788 2535
788 2576
784 2508
784 2535
784 2565
784 2576
784 2579
784 2580
784 2594
784 2597
789 2507
789 2516
789 2592
789 2593
791 2535
813 2506
813 2510
813 2542
813 2544
813 2560
813 2565
813 2579
813 2593
813 2595
813 2597
826 2501
826 2504
826 2542
826 2550
826 2570
826 2571
826 2575
826 2576
826 2580
826 2593
826 2594
825 2508
825 2516
825 2576
825 2585
841 2516
841 2599
854 2565
854 2570
854 2571
854 2589
856 2508
856 2535
856 2542
856 2565
856 2594
852 2535
865 2535
865 2542
865 2595
879 2508
879 2517
879 2565
879 2585
898 2511
904 2571
914 2576
928 2501
928 2508
946 2504
946 2508
946 2510
946 2571
946 2575
946 2593
947 2594
948 2516
954 2593
956 2504
956 2508
956 2535
960 2504
960 2542
960 2576
960 2580
986 2594
988 2510
988 2517
988 2535
988 2542
988 2544
988 2550
988 2565
988 2576
988 2585
988 2587
988 2593
988 2594
988 2595
988 2597
993 2504
993 2570
993 2580
996 2510
996 2516
996 2517
996 2542
996 2550
996 2570
996 2576
996 2579
996 2580
996 2587
996 2591
996 2593
1000 2517
1000 2550
1000 2570
1000 2571
1000 2575
1000 2579
1000 2593
1006 2579
1006 2580
1003 2504
1012 2571
1009 2597
1024 2506
1031 2550
1031 2585
1034 2508
1035 2547
1037 2506
1037 2535
1041 2510
1041 2516
1041 2535
1042 2504
1050 2565
1051 2579
1055 2504
1055 2535
1055 2565
1055 2576
1055 2580
1062 2510
1062 2579
1062 2587
1062 2593
1062 2594
1075 2593
1075 2595
1095 2504
1097 2516
1097 2570
1097 2576
1097 2594
1098 2504
1098 2542
1098 2560
1098 2565
1098 2570
1098 2576
1098 2579
1098 2585
1098 2589
1098 2593
1098 2594
1103 2504
1103 2517
1103 2570
1102 2570
1124 2579
1125 2504
1127 2516
1129 2576
1133 2506
1133 2507
1133 2517
1133 2576
1133 2599
1135 2504
1135 2547
1135 2587
1135 2593
1137 2510
1137 2593
1137 2594
1142 2510
1142 2576
1142 2580
1143 2599
1150 2594
1151 2504
1151 2506
1151 2507
1151 2510
1151 2516
1151 2535
1151 2542
1151 2547
1151 2570
1151 2576
1151 2579
1151 2587
1151 2592
1151 2593
1151 2594
1164 2535
1166 2501
1166 2508
1166 2510
1166 2516
1166 2517
1166 2535
1166 2542
1166 2550
1166 2565
1166 2570
1166 2575
1166 2576
1166 2593
1166 2594
1166 2597
1167 2565
1167 2575
1167 2585
1179 2508
1169 2508
1169 2576
1169 2594
1198 2565
1198 2593
1200 2550
1200 2593
1200 2599
1202 2504
1210 2504
1210 2508
1210 2510
1210 2516
1210 2535
1210 2565
1210 2570
1210 2579
1210 2587
1210 2593
1211 2508
1211 2535
1215 2504
1215 2535
1215 2593
1215 2594
1221 2579
1221 2585
1236 2504
1236 2560
1236 2585
1236 2593
1236 2594
1241 2510
1241 2594
1247 2570
1259 2542
1259 2565
1259 2587
1267 2504
1267 2560
1267 2570
1267 2579
1279 2504
1279 2535
1279 2587
1286 2547
1291 2594
1297 2508
1297 2517
1297 2535
1297 2576
1297 2585
1305 2501
1305 2510
1305 2542
1305 2544
1305 2547
1305 2550
1305 2560
1305 2565
1305 2576
1305 2593
1305 2594
1305 2597
1305 2599
1319 2506
1319 2542
1319 2565
1319 2593
1320 2508
1335 2504
1335 2517
1353 2542
1353 2595
1360 2550
1357 2560
1357 2593
1367 2542
1367 2565
1367 2576
1368 2565
1374 2508
1374 2516
1374 2535
1374 2547
1374 2560
1374 2565
1374 2576
1374 2585
1374 2593
1377 2580
1380 2517
1381 2560
1384 2542
1384 2565
1390 2599
1393 2575
1395 2516
1395 2547
1395 2560
1395 2576
1395 2579
1416 2576
1419 2576
1424 2501
1428 2506
1428 2510
1428 2550
1428 2593
1184 2504
1184 2517
1184 2599
1462 2508
1462 2535
1462 2544
1463 2542
1463 2565
1463 2585
1465 2508
1465 2542
1467 2516
1470 2535
1470 2576
1470 2579
1470 2592
1471 2535
1473 2504
1473 2560
1487 2565
1487 2576
1487 2593
1487 2594
1489 2516
1489 2570
1492 2504
1492 2585
1492 2593
1492 2595
1496 2504
1496 2506
1496 2510
1496 2579
1496 2585
1496 2593
1496 2594
1496 2595
1496 2597
1500 2508
1501 2550
1506 2504
1521 2506
1521 2510
1521 2547
1521 2594
1522 2508
1522 2510
1522 2517
1522 2550
1522 2565
1522 2570
1522 2580
1522 2585
1522 2593
1522 2595
1522 2599
1538 2510
1538 2535
1538 2594
1537 2508
1537 2560
1537 2593
1542 2507
1542 2516
1542 2595
1552 2504
1552 2508
1552 2535
1552 2576
1552 2579
1552 2593
1552 2594
1553 2504
1547 2593
1549 2504
1549 2506
1549 2507
1549 2508
1549 2510
1549 2516
1549 2542
1549 2544
1549 2547
1549 2550
1549 2560
1549 2565
1549 2571
1549 2575
1549 2576
1549 2579
1549 2580
1549 2585
1549 2587
1549 2589
1549 2593
1549 2594
1549 2597
1549 2599
1550 2516
1566 2560
1566 2580
1566 2593
1583 2550
1583 2560
1583 2565
1583 2594
1583 2599
1585 2508
1585 2542
1585 2560
1592 2501
1594 2504
1596 2565
1603 2571
1603 2579
1608 2504
1608 2508
1608 2517
1608 2550
1608 2560
1608 2565
1608 2576
1608 2579
1608 2580
1608 2585
1608 2587
1608 2593
1608 2594
1612 2565
1614 2547
1621 2565
1621 2593
1622 2506
1622 2508
1622 2565
1622 2594
1623 2593
1644 2535
1644 2565
1661 2535
1661 2565
1564 2594
1664 2535
1667 2516
1667 2580
1667 2587
1647 2535
1674 2587
1681 2506
1691 2593
1701 2535
1701 2585
1701 2594
1701 2595
1697 2501
1697 2508
1697 2516
1697 2535
1697 2552
1697 2576
1697 2580
1700 2565
1700 2571
1700 2575
1700 2579
1700 2580
1700 2585
1700 2589
1705 2547
1705 2560
1705 2599
1707 2570
1707 2594
1714 2504
1717 2508
1717 2535
1717 2570
1717 2575
1717 2593
1729 2535
1729 2580
1732 2594
1730 2576
1730 2579
1733 2516
1734 2508
1734 2535
1734 2593
1734 2595
1741 2501
1744 2508
1748 2506
1748 2517
1748 2565
1749 2508
1749 2576
1749 2594
1756 2517
1756 2547
1756 2560
1756 2579
1766 2517
1767 2547
1767 2576
1767 2585
1769 2504
1769 2516
1769 2517
1769 2535
1769 2547
1769 2560
1769 2571
1769 2580
1769 2587
1769 2593
1772 2501
1772 2504
1772 2535
1772 2580
1781 2507
1751 2508
1751 2535
1783 2510
1783 2585
1783 2594
1795 2510
1795 2542
1799 2516
1799 2535
1799 2565
1799 2576
1808 2510
1808 2517
1808 2535
1808 2542
1808 2547
1808 2560
1808 2576
1808 2579
1808 2587
1808 2589
1808 2591
1808 2595
1808 2599
1813 2535
1814 2547
1814 2550
1814 2560
1814 2593
1814 2594
1820 2508
1820 2510
1820 2585
1820 2593
1820 2594
1820 2599
1823 2511
1823 2565
1835 2504
1835 2506
1835 2508
1835 2535
1835 2542
1835 2547
1835 2560
1835 2576
1835 2587
1837 2593
1847 2510
1875 2565
1885 2535
1885 2587
1885 2593
1891 2504
1891 2580
1896 2516
1896 2576
1915 2516
1915 2535
1919 2593
1922 2501
1922 2508
1922 2516
1922 2542
1922 2544
1922 2547
1922 2550
1922 2576
1922 2585
1922 2587
1922 2593
1922 2594
1922 2599
1935 2565
1947 2565
1951 2565
1966 2508
1964 2511
1967 2595
1967 2597
1972 2506
1972 2508
1972 2510
1972 2535
1972 2542
1972 2544
1972 2550
1972 2560
1972 2576
1972 2585
1972 2594
1972 2595
1972 2597
1977 2593
1980 2504
1980 2547
1980 2560
1980 2565
1980 2587
1985 2516
1986 2504
1990 2565
1991 2547
1991 2593
1991 2599
1992 2504
1992 2594
1997 2504
1997 2579
1997 2587
1997 2593
1794 2565
1794 2580
2009 2504
2009 2516
2009 2599
2033 2542
698 2508
698 2595
2052 2570
2059 2576
2062 2593
2062 2594
2063 2593
2065 2508
2065 2542
2069 2570
2069 2571
2069 2580
2069 2587
2069 2593
2072 2517
2072 2560
2072 2571
2072 2593
2072 2599
2095 2504
2085 2504
2085 2579
2085 2593
2093 2547
2093 2560
2093 2579
2093 2587
2093 2593
2099 2504
2102 2535
2102 2542
2102 2565
2102 2576
2102 2594
2109 2508
2109 2516
2109 2535
2109 2565
2114 2585
2114 2593
2115 2576
2116 2504
2116 2579
2117 2504
2117 2517
2117 2535
2118 2511
2118 2550
2118 2579
2118 2580
2118 2585
2118 2587
2118 2594
2120 2501
2120 2504
2120 2517
2120 2575
2120 2579
2120 2589
2120 2591
2120 2594
2129 2565
2133 2504
2133 2547
2133 2560
2133 2570
2133 2579
2133 2580
2133 2587
2133 2593
2133 2599
2135 2508
2135 2516
2135 2517
2135 2535
2135 2560
2135 2565
2135 2594
2145 2504
2145 2516
2145 2535
2145 2565
2145 2594
2156 2517
2156 2580
2156 2589
2160 2508
2160 2535
2169 2580
2170 2544
2172 2535
2172 2570
2174 2504
2174 2570
2174 2576
2174 2585
2174 2594
2186 2547
2186 2599
2200 2504
2206 2504
2209 2504
2209 2542
2209 2594
2210 2544
2223 2547
2226 2504
2226 2517
2230 2504
2230 2585
2230 2591
2230 2594
2231 2504
2231 2517
2231 2570
2231 2571
2231 2575
2231 2579
2231 2587
2231 2589
2231 2591
2231 2594
2229 2504
2229 2517
2229 2550
2229 2565
2229 2570
2229 2571
2229 2575
2229 2579
2229 2580
2229 2587
2229 2589
2229 2591
2229 2593
2229 2594
2229 2597
2232 2589
2232 2591
2233 2504
2233 2575
2233 2587
2233 2593
2236 2550
2236 2593
2237 2510
2237 2517
2237 2535
2237 2544
2237 2550
2237 2565
2237 2576
2237 2585
2237 2592
2237 2593
2237 2594
2237 2595
2241 2504
2241 2587
2240 2504
2240 2535
2240 2575
2240 2591
2240 2594
2041 2595
2246 2535
2252 2585
2254 2504
2255 2560
2256 2501
2256 2504
2256 2516
2256 2517
2256 2535
2256 2544
2256 2547
2256 2560
2256 2579
2256 2587
2256 2591
2256 2593
2256 2594
2256 2599
2257 2544
2257 2576
2257 2593
2258 2508
2258 2511
2258 2565
2258 2576
2153 2594
2274 2571
2274 2575
2274 2579
2274 2580
2285 2592
2287 2504
2290 2510
2290 2535
2290 2565
2290 2595
2290 2597
2289 2504
2297 2504
2297 2506
2297 2508
2297 2510
2297 2535
2297 2542
2297 2547
2297 2570
2297 2594
2298 2501
2298 2504
2298 2535
2298 2547
2298 2560
2298 2575
2299 2547
2299 2560
2299 2565
2299 2585
2307 2585
2322 2504
2323 2516
2323 2535
2323 2565
2323 2576
2323 2580
2323 2585
2323 2594
2324 2535
2326 2506
2326 2508
2326 2510
2326 2516
2326 2535
2326 2542
2326 2544
2326 2565
2326 2576
2326 2585
2326 2592
2326 2594
2326 2595
2326 2597
2328 2504
2328 2506
2328 2508
2328 2510
2328 2517
2328 2535
2328 2544
2328 2547
2328 2565
2328 2570
2328 2579
2328 2585
2328 2587
2328 2593
2328 2595
2328 2597
2328 2599
2332 2589
2332 2591
2332 2594
2340 2593
2343 2589
2343 2591
2272 2576
2272 2593
2365 2510
2365 2593
2365 2594
2365 2599
2367 2579
2367 2587
2367 2593
2368 2508
2368 2560
2368 2565
2368 2594
2368 2599
2338 2504
2338 2508
2369 2552
2371 2504
2371 2517
2371 2547
2371 2550
2371 2560
2371 2565
2371 2579
2371 2587
2371 2593
2372 2517
2375 2504
2375 2565
2375 2579
2375 2599
2376 2535
2376 2594
2378 2504
2378 2571
2381 2508
2381 2516
2381 2535
2381 2570
2379 2516
2379 2565
2384 2511
2384 2516
2384 2565
2390 2506
2398 2504
2398 2506
2398 2516
2398 2585
2398 2597
2403 2542
2410 2507
2410 2576
2306 2504
2411 2510
2411 2535
2411 2544
2411 2560
2411 2576
2411 2585
2411 2595
2412 2504
2416 2580
2435 2587
2435 2594
2456 2504
2472 2547
2472 2550
2472 2560
2472 2593
2472 2599
2473 2547
2473 2560
2473 2593
2473 2599
2476 2550
2476 2593
2482 2570
2485 2506
2485 2508
2485 2510
2485 2511
2485 2542
2485 2547
2485 2550
2485 2560
2485 2565
2485 2576
2485 2585
2485 2593
2485 2594
2485 2595
2485 2597
2497 2501
2497 2510
2497 2593
2497 2594
2500 2501
2500 2591
2502 2506
2502 2542
2502 2576
2504 2508
2504 2542
2504 2544
2504 2547
2504 2576
2504 2585
2506 2535
2507 2504
2507 2510
2507 2576
2507 2593
2507 2594
2508 2542
2510 2504
2510 2542
2510 2565
2510 2587
2510 2593
2510 2594
2512 2517
2514 2517
2513 2517
2515 2517
2516 2517
2516 2576
2516 2579
2516 2587
2518 2510
2541 2504
2542 2504
2542 2508
2542 2576
2542 2597
2542 2599
2543 2504
2498 2504
2545 2504
2545 2508
2546 2504
2546 2542
2546 2570
2546 2576
2546 2579
2547 2504
2547 2542
2547 2560
2547 2576
2548 2504
2548 2585
2549 2504
2549 2510
2549 2565
2549 2576
2549 2585
2549 2593
2550 2501
2550 2504
2550 2579
2550 2589
2550 2591
2552 2504
2551 2504
2566 2535
2566 2595
2557 2547
2557 2560
2557 2599
2559 2508
2559 2510
2559 2542
2559 2565
2560 2508
2560 2565
2560 2593
2560 2595
2560 2597
2564 2508
2564 2576
2565 2501
2565 2506
2565 2508
2565 2510
2565 2511
2565 2516
2565 2517
2565 2535
2565 2542
2565 2544
2565 2547
2565 2550
2565 2560
2565 2576
2565 2585
2565 2592
2565 2593
2565 2594
2565 2595
2565 2597
2565 2599
2569 2570
2572 2575
2572 2579
2572 2587
2573 2575
2574 2575
2576 2507
2576 2542
2576 2579
2576 2592
2576 2594
2577 2579
2577 2580
2578 2579
2578 2587
2587 2576
2581 2587
2582 2587
2583 2587
2584 2587
2585 2535
2585 2544
2585 2587
2585 2594
2586 2587
2594 2501
2594 2544
2594 2576
2594 2585
2595 2516
2595 2560
2595 2585
2596 2593
2598 2593
2474 2501
2474 2506
2474 2547
2474 2550
2474 2576
2474 2593
2474 2594
2474 2599
2605 2516
2605 2542
2605 2547
2605 2576
2605 2594
2608 2560
2611 2535
2612 2516
2612 2565
2612 2593
2612 2594
2613 2535
2617 2535
2618 2510
2618 2585
2618 2594
2623 2501
2623 2535
2623 2565
2623 2585
2623 2597
2619 2535
2619 2547
2619 2560
2619 2585
2620 2550
2620 2576
2620 2594
2630 2593
2631 2593
2632 2593
2646 2547
2646 2560
2646 2593
2647 2501
2651 2506
2651 2510
2651 2517
2651 2535
2651 2542
2651 2544
2651 2565
2651 2576
2651 2585
2651 2594
2651 2597
2653 2535
2653 2544
2653 2565
2653 2576
2653 2585
2653 2594
2655 2560
2657 2576
2658 2516
2658 2517
2658 2565
2658 2592
2674 2535
2674 2542
2674 2550
2674 2560
2674 2565
2674 2576
2674 2597
2677 2565
2699 2565
2700 2506
2700 2510
2700 2535
2700 2542
2700 2544
2700 2585
2700 2594
2700 2595
2700 2597
2701 2542
2701 2576
2701 2594
2686 2510
2686 2542
2686 2550
2686 2565
2686 2576
2686 2585
2686 2594
2702 2516
2702 2565
2702 2576
2702 2592
2703 2542
2703 2565
2703 2576
2703 2594
2688 2507
2688 2508
2688 2510
2688 2516
2688 2535
2688 2542
2688 2544
2688 2550
2688 2565
2688 2576
2688 2585
2688 2592
2688 2593
2688 2594
2688 2595
2688 2597
2704 2516
2704 2550
2704 2576
2704 2585
2660 2506
2660 2510
2660 2516
2660 2542
2660 2550
2660 2576
2660 2592
2660 2593
2660 2594
2660 2597
2667 2507
2690 2550
2690 2593
2691 2508
2691 2535
2691 2565
2691 2576
2692 2576
2693 2510
2693 2516
2693 2542
2693 2550
2693 2576
2693 2585
2693 2594
2693 2597
2706 2565
2706 2597
2694 2592
2696 2576
2697 2535
2697 2544
2697 2565
2697 2585
2711 2506
2719 2544
2719 2594
2727 2510
2727 2585
2727 2593
2740 2560
2744 2535
2747 2510
2747 2565
2747 2585
2746 2585
2746 2594
2746 2595
2760 2516
2765 2511
2765 2544
2768 2542
2768 2547
2768 2560
2768 2599
2774 2506
2774 2535
2775 2576
2780 2560
2787 2517
2790 2510
2790 2516
2790 2535
2790 2542
2790 2544
2790 2576
2790 2585
2790 2593
2790 2594
2791 2547
2792 2599
2793 2576
2802 2535
2804 2597
2807 2535
2822 2535
2654 2508
2654 2510
2654 2535
2654 2550
2654 2576
2654 2585
2799 2565
2830 2547
2830 2560
2831 2594
2838 2535
2838 2585
2838 2593
2840 2501
2840 2599
2851 2506
2851 2508
2851 2535
2858 2516
2859 2506
2859 2508
2859 2516
2859 2517
2859 2542
2859 2565
2859 2585
2860 2542
2871 2506
2871 2516
2871 2544
2871 2550
2871 2552
2871 2560
2871 2585
2871 2592
2871 2595
2865 2599
2872 2506
2872 2508
2872 2535
2872 2544
2900 2593
2900 2594
2904 2565
2904 2593
2908 2535
2908 2542
2909 2516
2909 2535
2912 2576
2912 2593
2923 2535
2923 2585
2925 2547
2932 2547
2932 2565
2932 2594
2935 2517
2940 2510
2940 2565
2940 2576
2940 2593
2940 2594
2941 2535
2947 2547
2948 2547
2948 2550
2948 2593
2949 2547
2950 2547
2950 2560
2951 2547
2951 2576
2958 2510
2958 2585
2958 2594
2964 2595
2967 2506
2967 2516
2967 2517
2967 2565
2967 2576
2967 2595
2967 2597
2968 2542
2968 2576
2972 2507
2972 2511
2972 2517
2972 2552
2972 2565
2972 2576
2972 2592
2974 2565
2980 2560
2988 2565
2988 2592
2989 2565
3001 2542
3009 2508
3009 2565
3009 2576
3009 2585
3005 2576
3005 2585
3005 2594
3006 2594
3010 2510
3010 2544
3010 2565
3010 2597
2707 2516
2707 2535
2707 2565
2707 2593
2707 2594
3018 2565
3020 2576
3020 2593
3020 2594
3024 2510
3024 2542
3024 2585
3024 2594
3026 2508
3026 2510
3026 2516
3026 2535
3026 2544
3026 2550
3026 2565
3026 2592
3026 2595
3027 2576
3028 2510
3028 2535
3028 2550
3028 2576
3028 2585
3031 2542
3031 2565
3031 2576
3031 2594
3032 2508
3032 2516
3032 2550
3032 2565
3032 2576
3032 2585
3032 2592
3032 2594
3033 2550
3033 2593
2713 2506
2713 2508
2713 2510
2713 2516
2713 2535
2713 2542
2713 2544
2713 2565
2713 2576
2713 2585
2713 2594
2713 2595
2713 2597
3039 2585
3039 2594
3041 2542
3041 2576
3041 2594
3049 2593
3056 2593
3056 2594
3055 2585
3057 2516
3059 2506
3059 2593
2356 2510
2356 2544
2356 2565
2356 2585
2356 2594
2356 2595
3062 2593
3072 2550
3072 2597
3073 2506
3073 2510
3073 2594
3081 2565
3081 2593
3081 2594
3083 2593
3084 2585
3084 2593
3088 2506
3088 2508
3092 2576
3095 2565
3096 2542
3107 2535
2842 2508
2842 2510
2842 2542
2842 2565
2842 2576
2842 2594
2842 2597
3110 2594
2003 2508
2003 2516
2003 2565
3115 2565
3115 2576
3120 2594
3125 2576
3125 2594
3127 2576
3127 2585
3142 2592
3144 2508
3144 2510
3144 2535
3144 2594
3147 2585
3165 2550
3166 2550
3167 2550
3168 2508
3168 2576
3175 2508
3175 2565
3175 2595
3180 2510
3180 2542
3188 2565
3189 2576
3192 2510
3192 2585
3192 2594
3196 2585
3200 2565
3202 2576
3202 2597
3209 2576
3238 2511
3238 2516
3242 2576
3252 2510
3252 2542
3252 2585
3252 2594
3252 2595
3256 2594
3258 2516
3258 2535
3258 2565
3260 2576
3260 2594
3262 2565
3280 2594
3274 2516
3274 2576
3275 2594
3276 2510
3276 2565
3276 2595
3291 2517
3291 2565
3291 2595
3296 2576
3297 2565
3300 2594
3304 2542
3304 2565
3305 2565
3315 2585
3290 2510
3290 2535
3290 2585
3290 2594
3290 2595
3290 2597
3317 2508
3317 2535
3339 2594
3340 2594
3341 2594
3342 2594
3343 2510
3343 2585
3343 2594
3344 2594
3345 2542
3349 2597
3350 2585
3352 2506
3352 2510
3352 2516
3352 2517
3352 2535
3352 2544
3352 2565
3352 2576
3352 2592
3352 2595
3353 2565
3354 2565
3306 2535
3366 2507
3366 2535
3366 2565
3366 2576
3375 2510
3375 2542
3375 2544
3375 2585
3379 2576
3379 2597
3380 2510
3380 2576
3380 2585
3381 2511
3381 2542
3388 2565
3391 2508
3392 2510
3392 2544
3392 2576
3392 2585
3394 2508
3394 2510
3394 2565
3394 2576
3394 2585
3402 2516
3402 2517
3402 2595
3404 2585
3390 2516
3390 2576
3417 2565
3417 2597
3436 2576
3437 2576
3440 2576
3441 2576
3443 2508
3443 2565
3443 2576
3438 2576
3444 2576
3445 2535
3445 2576
3439 2510
3439 2576
3439 2585
3439 2597
3447 2576
3447 2592
3449 2507
3449 2516
3449 2517
3449 2576
3449 2592
3451 2506
3451 2517
3451 2565
3452 2516
3452 2535
3452 2565
3453 2516
3453 2517
3453 2565
3453 2576
3453 2592
3454 2506
3454 2517
3454 2535
3454 2565
3454 2595
3455 2516
3455 2517
3456 2516
3456 2565
3456 2576
3456 2592
3457 2516
3457 2565
3458 2508
3458 2510
3459 2516
3461 2552
3463 2592
3466 2535
3469 2535
3470 2597
3479 2516
3480 2506
3482 2506
3482 2597
3477 2508
3477 2510
3477 2535
3477 2565
3477 2585
3477 2595
3477 2597
3478 2511
3488 2506
3496 2542
2524 2508
3498 2516
3498 2535
3509 2542
3512 2510
3519 2516
3519 2565
3519 2576
3519 2585
3519 2595
3521 2535
3522 2565
3523 2510
3525 2510
3527 2508
3527 2544
3527 2565
3527 2585
3539 2508
3540 2595
3541 2506
3541 2508
3541 2544
3541 2565
3541 2585
3541 2595
3508 2535
3553 2597
3560 2516
3560 2565
3560 2597
3562 2506
3562 2585
3567 2565
3567 2595
3568 2506
3568 2516
3568 2576
3568 2585
3569 2508
3569 2565
3589 2510
3528 2565
3591 2517
3597 2565
3607 2516
3607 2535
3611 2510
3614 2507
3614 2508
3614 2516
3614 2535
3614 2576
3614 2592
3615 2508
3615 2516
3615 2535
3615 2544
3615 2592
3615 2595
3622 2510
3622 2544
3622 2585
3624 2516
3624 2544
3624 2565
3624 2595
3630 2585
3631 2517
3631 2535
3631 2544
3633 2508
3633 2565
3633 2585
3635 2535
3635 2595
3636 2508
3636 2576
3637 2592
3641 2507
3641 2516
3641 2544
3641 2565
3641 2576
3642 2507
3642 2535
3642 2576
3647 2585
3658 2510
3658 2585
3659 2544
3659 2585
3660 2508
3660 2516
3660 2535
3660 2544
3660 2565
3665 2535
3666 2506
3666 2517
3666 2535
3666 2544
3673 2510
3678 2565
3682 2508
3682 2565
3709 2585
3723 2508
3724 2508
3724 2516
3724 2544
3724 2565
3724 2585
3724 2595
3728 2506
3728 2508
3728 2516
3748 2516
3754 2565
3761 2535
3767 2565
3770 2535
3785 2565
3786 2535
3786 2576
3787 2506
3787 2516
3787 2517
3787 2535
3787 2565
3792 2516
3796 2516
3796 2576
3796 2592
3794 2565
3794 2592
3798 2508
3798 2535
3799 2585
3804 2506
3806 2565
3812 2506
3812 2595
3813 2516
3813 2565
3814 2506
3815 2506
3815 2544
3815 2595
3830 2516
3830 2565
3839 2544
3842 2508
3843 2565
3850 2565
3851 2565
3854 2516
3897 2565
3902 2517
3904 2544
3905 2544
3906 2544
3907 2544
3910 2535
3912 2508
3912 2585
3916 2585
3917 2585
3918 2585
3919 2585
3920 2585
3924 2508
3927 2508
3928 2508
3929 2508
3930 2508
3931 2508
3932 2508
3948 2565
3949 2506
3949 2595
3956 2535
3956 2576
3959 2535
3960 2516
3960 2535
3961 2535
3961 2595
3965 2535
3965 2576
3969 2535
3969 2565
3971 2535
3976 2517
3976 2535
3976 2565
3976 2589
3979 2535
3981 2535
3987 2535
3982 2535
3989 2535
3983 2535
3984 2535
3990 2535
3985 2511
3985 2535
3986 2535
3999 2595
4005 2595
4013 2535
4013 2565
4036 2506
4036 2516
4036 2576
4040 2506
4040 2535
4040 2576
4045 2507
4045 2511
4045 2516
4045 2517
4045 2565
4045 2592
4046 2511
4046 2517
4046 2565
4053 2506
4055 2506
4056 2506
4057 2506
4077 2517
4077 2565
4077 2592
4065 2565
4070 2516
4070 2565
4070 2576
4071 2507
4073 2516
4073 2535
4073 2592
4074 2565
4099 2516
4099 2535
4099 2592
4076 2516
4076 2535
4124 2565
4138 2516
4138 2565
4142 2517
4142 2565
4151 2516
4151 2592
4152 2565
4152 2592
4187 2576
3995 2516
3995 2535
4211 2516
4211 2565
4212 2516
4219 2516
4219 2517
4219 2592
4222 2516
4224 2517
4221 2535
4245 2516
4276 2507
4276 2516
4276 2592
4295 2565
4297 2535
4324 2565
4325 2565
4326 2565
4327 2565
4328 2565
4329 2516
4329 2565
4338 2535
4335 2535
4342 2592
4353 2516
4363 2516
4379 2516
4416 2535
4429 2517
4437 2517
4437 2565
4441 2517
4441 2592
4442 2516
4443 2516
4483 2592
4486 2552
4488 2535
4489 2535
4534 2516
4550 2516
4557 2507
4564 2535
4574 2516
4587 2535
4587 2592
4487 2516
4632 2535
4633 2517
4652 2516
4653 2516
4653 2552
4653 2592
4661 2517
4662 2576
4647 2565
4673 2535
4686 2516
4717 2516
4717 2565
4712 2535
4712 2565
4725 2592
4733 2517
4756 2576
4781 2516
4792 2565
4818 2516
4824 2516
4824 2576
4843 2565
4859 2516
4846 2592
4879 2565
4899 2516
4899 2576
4899 2592
4929 2516
4948 2576
4948 2592
4964 2516
4966 2576
4967 2507
4967 2511
4967 2516
4967 2565
4967 2576
4967 2592
4974 2576
4980 2516
4982 2516
4988 2516
4988 2592
4994 2589
5002 2511
5002 2565
5006 2516
5008 2516
5009 2592
5022 2535
5020 2516
5020 2565
5053 2511
5079 2516
5079 2535
5079 2565
5079 2576
5102 2565
5109 2516
5111 2516
5110 2516
5110 2592
5112 2516
4828 2516
4828 2565
5119 2592
5123 2535
5140 2592
5142 2592
5150 2576
5173 2565
5175 2516
5175 2576
4795 2511
5176 2507
5176 2516
5176 2552
5176 2576
4310 2507
4310 2516
4310 2576
5179 2535
5179 2565
5179 2576
5180 2507
5180 2576
5181 2516
5181 2552
5184 2516
5184 2576
5185 2535
5188 2511
5188 2516
5188 2535
5189 2516
5189 2535
5189 2552
5189 2576
5190 2516
5190 2576
5199 2535
5207 2592
5263 2507
5263 2516
5263 2576
5285 2516
5312 2516
5391 2516
5404 2535
5423 2535
5437 2507
5445 2507
5479 2535
5487 2535
5462 2552
5524 2565
5531 2565
5532 2535
5543 2507
5543 2511
5543 2535
5543 2565
5543 2589
5600 2535
5606 2576
5608 2516
5608 2535
5612 2535
5617 2565
5624 2507
5630 2516
5644 2516
5655 2511
5647 2576
5696 2535
5697 2507
5697 2565
5714 2576
5717 2576
5739 2507
5773 2511
5773 2565
5773 2589
5796 2535
5796 2565
5800 2565
5800 2589
5802 2511
5802 2565
5802 2589
5806 2565
5810 2535
5812 2535
5814 2535
5816 2535
5816 2565
5817 2511
5817 2535
5819 2507
5821 2565
5824 2565
5857 2535
4767 2535
4767 2565
5908 2535
5934 2535
5998 2511
5998 2565
6006 2535
6032 2565
6082 2535
6146 2535
6196 2535
6201 2535
6207 2535
6241 2565
6245 2565
6280 2565
6286 2535
6295 2565
6299 2535
6299 2565
6305 2511
4406 2535
5995 2535
6355 2535
6356 2535
6414 2565
6443 2565
6461 2565
6486 2511
6518 2589
6525 2565
6555 2589
6563 2565
6596 2565
6618 2565
6619 2511
6619 2589
6615 2511
6615 2565
6616 2565
6624 2511
6624 2565
6714 2565
6790 2565
6848 2565
6855 2565
6620 2511
6620 2565
6902 2511
6913 2511
6913 2565
6906 2511
6907 2511
6934 2565
6976 2511
6991 2565
7011 2565
7052 2565
7056 2565
7057 2565
7063 2565
7064 2565
7065 2565
7080 2511
7090 2565
7126 2511
7142 2511
7172 2511
7173 2511
7228 2565
7231 2565
7362 2565
7378 2565
7564 2565
7569 2565
7580 2565
7605 2565
5910 2565
