11 3607
11 3615
11 3631
11 3635
11 3645
11 3650
11 3660
11 3661
11 3680
20 3614
24 3607
24 3643
24 3660
24 3661
36 3680
47 3631
53 3646
53 3650
29 3643
27 3643
66 3680
72 3607
86 3681
71 3635
71 3681
68 3607
68 3614
68 3634
68 3635
68 3643
68 3661
68 3691
109 3614
109 3634
122 3615
122 3635
122 3645
122 3646
122 3661
122 3681
127 3615
127 3680
128 3680
143 3631
147 3643
172 3614
172 3670
173 3643
178 3634
180 3681
166 3650
216 3634
266 3680
275 3650
291 3635
302 3635
306 3680
310 3634
310 3643
310 3664
319 3607
319 3643
319 3691
346 3646
371 3645
383 3615
383 3680
395 3634
405 3680
406 3631
407 3645
432 3635
432 3680
457 3614
457 3615
457 3634
457 3643
457 3646
457 3660
457 3661
457 3680
457 3691
546 3614
546 3650
556 3661
580 3664
600 3681
633 3607
663 3635
663 3661
695 3607
695 3631
695 3680
704 3680
710 3671
722 3609
722 3680
722 3681
737 3631
697 3631
697 3635
749 3607
749 3634
759 3680
763 3664
763 3691
766 3607
766 3614
766 3615
766 3616
766 3631
766 3634
766 3635
766 3643
766 3645
766 3646
766 3664
766 3681
766 3691
788 3614
788 3631
784 3615
784 3631
784 3650
784 3661
784 3680
789 3607
789 3631
789 3664
798 3660
798 3661
813 3615
813 3646
813 3650
813 3681
825 3614
825 3631
825 3635
825 3650
825 3660
841 3664
844 3645
856 3670
856 3680
861 3680
879 3607
879 3635
879 3643
879 3650
879 3661
879 3680
787 3635
946 3629
947 3615
964 3634
982 3615
982 3670
988 3645
988 3670
988 3680
988 3681
1031 3650
1034 3680
1062 3645
1074 3634
1075 3650
1133 3607
1133 3615
1133 3631
1133 3635
1133 3643
1133 3645
1133 3660
1133 3661
1133 3664
1133 3691
1137 3615
1137 3643
1142 3680
1151 3643
1151 3680
1166 3607
1166 3615
1166 3631
1166 3635
1166 3643
1166 3650
1167 3650
1168 3660
1196 3645
1210 3634
1210 3670
1236 3615
1259 3680
1286 3643
1286 3680
1305 3631
1305 3646
1305 3670
1305 3680
1305 3681
1306 3680
1319 3650
1367 3609
1368 3646
1374 3631
1382 3646
1381 3634
1184 3635
1468 3645
1467 3664
1470 3607
1470 3614
1473 3680
1492 3645
1500 3615
1522 3631
1522 3670
1542 3634
1542 3645
1552 3607
1552 3631
1549 3615
1549 3631
1549 3634
1549 3643
1549 3650
1549 3661
1549 3680
1549 3691
1550 3650
1550 3660
1550 3661
1583 3650
1585 3615
1608 3646
1614 3680
1621 3645
1622 3680
1623 3629
1623 3634
1626 3650
1639 3631
1639 3680
1661 3635
1661 3645
1697 3681
1700 3616
1717 3607
1717 3614
1717 3680
1733 3607
1748 3635
1748 3661
1749 3670
1767 3680
1769 3615
1772 3650
1796 3614
1811 3629
1811 3634
1814 3645
1820 3650
1821 3669
1838 3631
1848 3680
1869 3680
1885 3650
1922 3650
1951 3615
1972 3650
1972 3680
1980 3660
1985 3650
1990 3646
2009 3680
2014 3607
2105 3681
2114 3680
2118 3607
2129 3645
2135 3614
2135 3691
2144 3660
2145 3631
2145 3645
2145 3664
2172 3614
2186 3607
2226 3607
2230 3623
2230 3680
2231 3614
2229 3645
2229 3660
2229 3661
2237 3615
2237 3635
2237 3643
2237 3645
2237 3650
2237 3660
2237 3661
2237 3680
2240 3615
2252 3629
2256 3609
2256 3614
2256 3616
2256 3635
2256 3643
2256 3646
2256 3670
2257 3680
2258 3631
2264 3660
2264 3691
2276 3614
2277 3643
2290 3609
2290 3629
2290 3646
2290 3670
2290 3671
2290 3680
2290 3681
2297 3607
2297 3615
2297 3650
2297 3661
2298 3660
2299 3615
2307 3616
2307 3650
2322 3645
2326 3615
2326 3616
2326 3629
2326 3631
2326 3645
2326 3646
2326 3650
2326 3660
2326 3661
2326 3670
2326 3680
2326 3681
2328 3607
2328 3615
2328 3629
2328 3650
2328 3661
2328 3670
2365 3680
2369 3634
2369 3643
2371 3634
2381 3607
2381 3631
2379 3615
2379 3631
2384 3631
2387 3643
2398 3609
2398 3650
2411 3609
2411 3615
2411 3635
2411 3645
2411 3650
2411 3669
2411 3680
2411 3681
2440 3643
2440 3664
2456 3607
2485 3615
2485 3645
2485 3650
2485 3660
2485 3680
2488 3607
2493 3634
2497 3629
2504 3607
2504 3650
2506 3631
2516 3664
2516 3680
2535 3607
2535 3643
2547 3650
2548 3645
2549 3615
2549 3650
2557 3607
2557 3643
2559 3629
2559 3680
2560 3615
2560 3646
2560 3650
2560 3661
2560 3670
2560 3681
2564 3635
2564 3680
2565 3607
2565 3609
2565 3615
2565 3631
2565 3635
2565 3643
2565 3645
2565 3646
2565 3650
2565 3660
2565 3661
2565 3664
2565 3670
2565 3680
2565 3681
2565 3691
2576 3643
2576 3670
2585 3615
2585 3645
2593 3650
2595 3615
2595 3650
2474 3631
2605 3643
2605 3660
2614 3680
2623 3615
2619 3671
2646 3645
2651 3607
2651 3609
2651 3615
2651 3629
2651 3631
2651 3635
2651 3645
2651 3650
2651 3661
2651 3680
2651 3681
2651 3691
2653 3609
2653 3615
2653 3634
2653 3645
2653 3650
2653 3680
2657 3645
2658 3609
2658 3643
2658 3646
2658 3660
2658 3661
2658 3664
2658 3681
2658 3691
2659 3670
2674 3650
2699 3650
2699 3681
2700 3609
2700 3615
2700 3631
2700 3646
2700 3661
2700 3680
2700 3681
2686 3614
2686 3643
2686 3646
2686 3670
2686 3671
2686 3681
2688 3607
2688 3609
2688 3614
2688 3615
2688 3616
2688 3631
2688 3634
2688 3635
2688 3643
2688 3645
2688 3646
2688 3661
2688 3664
2688 3670
2688 3680
2688 3681
2688 3691
2704 3650
2660 3607
2660 3670
2667 3614
2667 3643
2667 3691
2693 3607
2693 3615
2693 3643
2693 3660
2693 3664
2696 3661
2697 3615
2697 3635
2697 3650
2724 3629
2747 3650
2747 3670
2747 3680
2747 3681
2765 3634
2790 3609
2790 3650
2790 3670
2790 3680
2790 3681
2811 3607
2544 3615
2819 3623
2654 3650
2654 3670
2654 3681
2799 3680
2831 3631
2832 3645
2832 3650
2851 3643
2859 3615
2859 3645
2859 3650
2871 3615
2871 3643
2871 3650
2871 3661
2872 3681
2900 3650
2909 3643
2923 3629
2923 3646
2923 3680
2932 3615
2932 3635
2932 3646
2932 3661
2935 3607
2939 3669
2940 3681
2941 3609
2951 3615
2958 3645
2958 3650
2964 3615
2967 3607
2967 3609
2967 3615
2967 3631
2967 3635
2967 3643
2967 3660
2967 3680
2967 3691
2968 3650
2972 3607
2972 3615
2972 3634
2972 3635
2972 3645
2972 3650
2972 3661
2972 3664
2972 3691
2988 3615
2991 3615
2999 3635
3009 3614
3009 3643
3009 3650
3010 3609
3010 3629
3010 3650
3010 3670
3010 3680
2707 3645
2707 3650
3018 3680
3024 3650
3026 3607
3026 3615
3026 3635
3026 3643
3026 3645
3026 3650
3026 3680
3028 3614
3028 3616
3028 3629
3028 3634
3028 3635
3028 3650
3028 3661
3028 3670
3032 3615
3032 3635
3032 3645
3032 3670
3032 3681
3033 3650
3034 3615
3034 3661
2713 3615
2713 3629
2713 3645
2713 3646
2713 3650
2713 3660
2713 3661
2713 3670
3046 3646
3055 3629
3055 3650
2356 3615
2356 3650
3081 3607
3084 3646
3084 3680
3086 3607
3107 3660
2842 3617
2842 3645
2842 3681
3110 3615
3110 3635
2003 3607
2003 3681
3127 3646
3142 3681
3144 3650
3144 3660
3144 3661
3144 3670
3144 3680
3144 3681
3148 3650
3168 3615
3168 3631
3168 3650
3172 3664
3180 3670
3188 3623
3188 3629
3192 3615
3192 3650
3191 3691
3196 3646
3196 3650
3200 3615
3209 3691
3225 3615
3252 3650
3256 3650
3258 3615
3258 3643
3258 3646
3258 3660
3274 3635
3276 3615
3276 3650
3276 3661
3276 3681
3292 3631
3301 3680
3304 3646
3282 3635
3290 3650
3317 3661
3321 3691
3333 3681
3334 3645
3350 3615
3350 3635
3350 3660
3352 3607
3352 3615
3352 3631
3352 3635
3352 3643
3352 3645
3352 3650
3352 3660
3352 3661
3352 3664
3352 3670
3352 3680
3352 3691
3306 3645
3373 3615
3375 3615
3375 3629
3375 3645
3375 3680
3378 3635
3380 3615
3380 3623
3381 3631
3381 3634
3388 3645
3392 3650
3394 3615
3394 3629
3394 3634
3394 3635
3394 3645
3394 3650
3394 3660
3394 3671
3394 3681
3402 3607
3402 3635
3402 3645
3402 3660
3402 3664
3404 3643
3404 3650
3404 3680
3439 3631
3439 3650
3439 3670
3447 3635
3447 3664
3449 3607
3449 3614
3449 3635
3449 3643
3449 3645
3449 3664
3450 3645
3451 3635
3451 3645
3451 3660
3452 3635
3452 3643
3453 3607
3453 3635
3453 3643
3453 3691
3454 3615
3454 3635
3454 3643
3454 3645
3454 3660
3454 3680
3455 3643
3456 3607
3456 3635
3456 3645
3456 3660
3456 3661
3456 3664
3456 3691
3457 3607
3457 3609
3457 3634
3457 3650
3457 3661
3457 3680
3458 3634
3459 3643
3461 3607
3461 3631
3461 3643
3463 3635
3463 3664
3466 3680
3469 3615
3470 3670
3472 3635
3479 3615
3479 3631
3479 3661
3479 3691
3480 3650
3480 3681
3483 3634
3477 3646
3477 3650
3477 3681
3498 3631
3519 3615
3519 3661
3522 3650
3522 3691
3523 3670
3523 3681
3525 3680
3527 3631
3527 3646
3527 3650
3541 3616
3541 3645
3541 3650
3541 3680
3508 3680
3544 3609
3544 3646
3553 3670
3556 3680
3557 3615
3557 3645
3562 3650
3567 3670
3567 3671
3567 3680
3568 3615
3568 3635
3568 3645
3568 3660
3568 3661
3569 3646
3569 3650
3569 3680
3586 3634
3589 3681
3591 3615
3591 3645
3600 3650
3601 3645
3601 3646
3597 3681
3611 3680
3613 3616
3614 3607
3614 3616
3614 3634
3614 3643
3614 3691
3615 3607
3615 3616
3615 3635
3615 3645
3615 3650
3615 3660
3615 3664
3615 3691
3622 3650
3624 3660
3604 3629
3628 3629
3630 3650
3630 3660
3630 3661
3631 3615
3631 3650
3631 3660
3632 3650
3633 3650
3633 3680
3634 3635
3634 3643
3634 3650
3635 3615
3635 3631
3635 3650
3635 3660
3636 3646
3636 3650
3637 3650
3638 3650
3639 3650
3640 3650
3641 3607
3641 3615
3641 3631
3641 3643
3641 3650
3642 3614
3642 3634
3642 3643
3642 3650
3643 3634
3643 3645
3643 3650
3645 3650
3649 3650
3646 3650
3647 3650
3658 3664
3659 3660
3660 3607
3660 3615
3660 3631
3660 3645
3660 3646
3661 3615
3661 3631
3665 3691
3666 3615
3666 3660
3666 3661
3668 3669
3678 3680
3682 3681
3691 3615
3691 3634
3700 3645
3719 3645
3724 3615
3724 3645
3724 3660
3724 3661
3571 3634
3571 3643
3731 3646
3752 3615
3720 3615
3771 3643
3777 3646
3786 3631
3787 3631
3796 3607
3796 3615
3796 3635
3796 3664
3796 3691
3806 3643
3813 3615
3813 3645
3813 3660
3813 3661
3814 3615
3854 3607
3854 3643
3855 3615
3877 3643
3902 3635
3911 3643
3912 3615
3917 3645
3919 3614
3925 3634
3948 3631
3948 3645
3956 3643
3956 3645
3965 3615
3965 3645
3969 3607
3969 3615
3969 3635
3969 3661
3971 3661
3973 3615
3976 3643
3977 3645
3985 3631
3985 3634
3985 3635
3998 3664
4001 3660
4036 3607
4036 3631
4040 3615
4040 3635
4040 3643
4041 3634
4041 3643
4041 3691
4042 3615
4042 3631
4044 3607
4045 3607
4045 3614
4045 3635
4045 3643
4045 3645
4045 3664
4063 3645
4077 3635
4077 3645
4065 3607
4065 3615
4065 3634
4065 3643
4065 3645
4065 3661
4070 3691
4072 3643
4073 3614
4073 3634
4073 3643
4073 3645
4074 3645
4074 3660
4074 3661
4074 3664
4099 3634
4099 3635
4099 3643
4111 3645
4076 3615
4076 3631
4123 3615
4123 3631
4124 3615
4124 3631
4124 3660
4127 3631
4136 3615
4136 3631
4138 3645
4142 3635
4142 3645
4142 3660
4142 3661
4151 3615
4151 3643
4151 3645
4151 3660
4151 3664
4152 3615
4152 3660
4155 3615
3819 3631
4189 3643
4197 3615
3995 3634
4211 3635
4211 3661
4214 3645
4219 3607
4219 3635
4219 3643
4219 3691
4222 3635
4224 3635
4228 3615
4231 3615
4009 3631
4238 3631
4266 3660
4276 3643
4276 3664
4295 3645
4297 3645
4297 3691
4298 3643
4312 3645
4315 3645
4315 3660
4324 3660
4331 3634
4338 3607
4353 3634
4355 3634
4355 3661
4357 3661
4375 3660
4422 3645
4437 3635
4441 3614
4441 3634
4441 3635
4441 3664
4441 3691
4448 3664
4454 3645
4455 3645
4456 3645
4457 3645
4471 3664
4485 3635
4483 3691
4502 3664
4536 3643
4557 3643
4564 3643
4587 3634
4632 3643
4653 3664
4653 3691
4661 3635
4662 3631
4673 3614
4673 3634
4682 3635
4686 3664
4686 3691
4688 3607
4688 3635
4688 3643
4718 3691
4712 3635
4712 3643
4723 3635
4725 3664
4756 3691
4764 3631
4813 3614
4829 3691
4859 3607
4846 3664
4846 3691
4899 3634
4899 3643
4899 3664
4899 3691
4947 3643
4948 3607
4948 3664
4948 3691
4963 3691
4964 3631
4964 3664
4967 3614
4967 3631
4967 3634
4967 3643
4967 3664
4967 3691
4977 3607
4994 3634
5002 3631
5002 3634
5002 3643
5003 3607
5005 3607
5022 3614
5020 3643
5079 3614
5079 3634
5079 3643
5079 3691
5106 3643
5102 3643
5103 3614
5103 3631
5103 3634
5110 3614
5110 3664
5119 3664
5123 3634
5125 3634
5139 3643
5140 3634
5140 3691
5154 3664
5155 3691
5166 3643
5171 3634
5171 3643
5173 3631
4795 3634
5176 3643
5177 3614
5177 3634
4310 3614
4310 3634
4310 3643
4310 3691
5179 3614
5179 3631
5179 3643
5180 3643
5184 3643
5185 3614
5185 3634
5188 3631
5188 3634
5189 3634
5215 3634
5217 3631
5246 3643
5261 3691
5262 3643
5262 3691
5263 3691
5296 3634
5301 3643
5316 3634
5316 3643
5399 3643
5423 3614
5452 3634
5520 3643
5524 3631
5524 3634
5531 3631
5531 3634
5534 3643
5193 3634
5543 3634
5543 3643
5582 3631
5582 3634
5582 3643
5596 3631
5612 3634
5612 3643
5655 3643
5691 3643
5697 3614
5697 3631
5697 3634
5702 3634
5714 3643
5739 3643
5775 3631
5796 3614
5796 3634
5796 3643
5797 3634
5799 3614
5802 3614
5802 3631
5802 3634
5803 3634
5812 3614
5812 3634
5816 3634
5817 3631
5818 3614
5819 3634
5819 3643
5822 3634
5834 3643
5857 3634
5857 3643
5871 3643
5961 3614
5980 3634
5998 3634
6006 3631
6024 3634
6028 3643
6068 3634
6146 3614
6220 3634
6241 3634
6248 3634
6270 3634
6272 3634
6305 3631
6305 3634
6324 3614
6360 3614
6327 3631
6394 3634
6479 3634
6488 3634
6494 3631
6503 3634
6518 3631
6544 3634
6545 3634
6546 3634
6547 3634
6548 3634
6615 3631
6624 3631
6665 3631
6714 3631
6620 3631
6913 3631
6906 3631
6907 3631
6918 3631
5529 3631
7099 3631
7104 3631
7184 3631
7187 3631
7188 3631
7189 3631
