86 7553
99 7574
99 7588
103 7553
68 7544
68 7553
109 7553
122 7553
136 7553
155 7587
166 7574
231 7553
265 7587
335 7587
395 7512
395 7553
425 7553
425 7587
457 7529
457 7544
457 7553
457 7561
457 7587
580 7587
633 7587
667 7553
722 7553
737 7517
737 7544
737 7553
737 7567
737 7574
737 7588
737 7593
749 7587
766 7510
766 7561
762 7587
1055 7544
1055 7553
1098 7553
1098 7574
1098 7587
1132 7553
1151 7587
1166 7553
1215 7544
1286 7553
1374 7510
1374 7512
1374 7529
1374 7544
1374 7553
1374 7561
1374 7587
1470 7553
1549 7510
1612 7517
1612 7544
1667 7553
1722 7587
1811 7587
1814 7553
1896 7553
1982 7553
2009 7553
2135 7587
2223 7553
2240 7517
2297 7587
2328 7553
2369 7512
2369 7553
2371 7561
2387 7561
2113 7561
2452 7553
2452 7587
2485 7510
2485 7561
2560 7544
2560 7587
2565 7510
2565 7512
2565 7517
2565 7529
2565 7544
2565 7553
2565 7561
2565 7567
2565 7574
2565 7587
2565 7588
2565 7593
2658 7510
2658 7512
2658 7529
2658 7553
2658 7561
2658 7587
2774 7510
2544 7553
2833 7561
2851 7553
2936 7517
3032 7574
3032 7587
3142 7553
3227 7587
3310 7587
3348 7588
3381 7510
3381 7512
3381 7529
3447 7510
3453 7553
3456 7553
3457 7561
3457 7587
3460 7510
3498 7553
3498 7587
3587 7567
3586 7553
3586 7587
3631 7553
3634 7561
3642 7510
3642 7553
3642 7587
3658 7512
3662 7512
3665 7553
3691 7587
3723 7587
3571 7553
3787 7517
3787 7529
3787 7544
3787 7553
3787 7587
3872 7553
3910 7587
3917 7553
3969 7553
4036 7587
4071 7553
4099 7553
4110 7553
4151 7553
4211 7553
4221 7510
4347 7517
4347 7574
4398 7544
4398 7561
4422 7517
4437 7587
4441 7544
4441 7553
4447 7553
4447 7561
4483 7553
4536 7553
4598 7553
4632 7510
4632 7587
4709 7510
4712 7553
4712 7587
4792 7574
4879 7553
4879 7557
4879 7561
4879 7587
4948 7510
4948 7561
4967 7561
4981 7510
4981 7553
4981 7587
5002 7553
5020 7553
5053 7561
5053 7587
5079 7553
5102 7553
5102 7561
5103 7510
5103 7512
5103 7529
5103 7544
5103 7553
5103 7587
4828 7553
4828 7587
4828 7593
5140 7587
5162 7553
5172 7553
5173 7512
5173 7529
5173 7553
4310 7587
5179 7517
5179 7544
5179 7553
5179 7587
5188 7553
5189 7510
5189 7553
5196 7561
5199 7587
5200 7553
5201 7520
5215 7553
5386 7512
5445 7553
5446 7512
5446 7553
5472 7510
5489 7553
5524 7510
5524 7512
5524 7529
5524 7544
5524 7553
5524 7557
5524 7587
5524 7588
5531 7510
5531 7512
5531 7553
5531 7561
5531 7587
5543 7510
5596 7520
5617 7553
5655 7510
5655 7529
5655 7534
5655 7544
5655 7557
5655 7588
5697 7553
5775 7510
5773 7593
5776 7529
5776 7553
5796 7553
5796 7561
5796 7567
5800 7520
5800 7529
5800 7544
5800 7553
5800 7561
5800 7574
5800 7583
5800 7587
5800 7588
5802 7510
5802 7512
5802 7529
5802 7544
5802 7553
5802 7557
5802 7561
5802 7587
5802 7593
5806 7510
5806 7520
5806 7529
5806 7533
5806 7553
5806 7574
5806 7583
5806 7587
5807 7534
5814 7508
5814 7544
5814 7553
5814 7587
5814 7593
5815 7510
5816 7510
5816 7553
5817 7553
5819 7553
5822 7510
5857 7510
5857 7553
5857 7561
5872 7506
5872 7510
5872 7553
5872 7561
5872 7587
5908 7553
5871 7553
5871 7587
5920 7517
5922 7561
5927 7544
5927 7588
5984 7553
5998 7510
5998 7553
6006 7510
6006 7553
6032 7544
6032 7553
6043 7544
6045 7553
6064 7517
6072 7544
6151 7587
6218 7553
6218 7587
6221 7517
6221 7561
6229 7544
6241 7561
6241 7590
6241 7593
6245 7587
6272 7510
6272 7553
6280 7512
6280 7529
6280 7587
6299 7553
6299 7587
6305 7517
6305 7544
6305 7553
6323 7510
6323 7553
6398 7553
6414 7553
6414 7574
6414 7587
6415 7510
6442 7567
6443 7510
6443 7517
6443 7553
6443 7587
6486 7529
6486 7553
6486 7587
6486 7588
6510 7544
6510 7553
6510 7587
6518 7553
6538 7529
6548 7544
6548 7553
6550 7553
6555 7553
6560 7553
6596 7544
6596 7553
6596 7574
6596 7587
6618 7529
6618 7533
6618 7553
6618 7561
6619 7508
6619 7510
6619 7529
6619 7553
6619 7593
6613 7587
6615 7544
6616 7557
6624 7510
6624 7512
6624 7529
6624 7533
6624 7544
6624 7561
6624 7587
6627 7529
6627 7587
6627 7588
6712 7544
6714 7510
6714 7512
6714 7520
6714 7553
6714 7561
6766 7512
6766 7520
6766 7561
6766 7583
6766 7587
6772 7553
6774 7553
6784 7512
6804 7561
6875 7553
6875 7561
6885 7553
6900 7553
6902 7520
6902 7553
6914 7510
6914 7512
6914 7544
6914 7553
6914 7587
6907 7510
6907 7529
6907 7553
6907 7561
6916 7553
6916 7574
6916 7587
6918 7553
6924 7588
6934 7512
6934 7529
6934 7561
6934 7587
6941 7553
6941 7557
6941 7561
6941 7587
5529 7510
5529 7553
6945 7529
6945 7544
6945 7587
6951 7553
6316 7529
6316 7553
6976 7510
6976 7553
7005 7553
7026 7587
7043 7553
7052 7510
7052 7512
7052 7529
7052 7544
7052 7553
7052 7561
7052 7587
7052 7593
7045 7544
7053 7517
7053 7553
7054 7510
7054 7553
7054 7557
7054 7561
7054 7583
7054 7587
7054 7593
7046 7553
7046 7557
7046 7561
7047 7544
7047 7553
7055 7510
7055 7512
7055 7561
7055 7593
7056 7544
7057 7510
7057 7512
7057 7529
7057 7544
7057 7561
7057 7587
7063 7510
7063 7553
7080 7510
7080 7529
7080 7574
6946 7574
6946 7587
6946 7590
7086 7510
7086 7512
7086 7517
7086 7529
7086 7553
7086 7561
7088 7533
7090 7529
7090 7553
7092 7510
7092 7553
7092 7557
7092 7561
7092 7587
7096 7529
7109 7510
7113 7529
7113 7587
7120 7544
7129 7587
7131 7553
7131 7587
7132 7561
7132 7567
7134 7587
7178 7587
7225 7508
7225 7510
7225 7529
7225 7553
7226 7553
7226 7557
7227 7533
7227 7587
7228 7561
7229 7553
7229 7557
5143 7557
7231 7510
7231 7544
7231 7587
7231 7593
7233 7529
7236 7529
7236 7553
7236 7588
7237 7529
7239 7553
7239 7561
7239 7587
7241 7561
7262 7557
7279 7587
7279 7588
7280 7588
7280 7590
7171 7553
7294 7510
7281 7510
7281 7529
7348 7561
7350 7553
7350 7561
7352 7544
7362 7587
7371 7567
7379 7529
7378 7553
7378 7587
7357 7553
7387 7553
7386 7553
7386 7567
7391 7529
7391 7544
7391 7553
7400 7553
7401 7510
7409 7553
7393 7553
7425 7553
7449 7508
7449 7553
7449 7574
7455 7510
7455 7529
7476 7512
7502 7544
7502 7553
7509 7510
7471 7512
7511 7512
7527 7529
7528 7529
7544 7553
7549 7553
7545 7553
7546 7553
7550 7553
7564 7587
7565 7587
7580 7587
7585 7587
7586 7587
7598 7588
7614 7544
7677 7517
7682 7574
7697 7588
7701 7588
7724 7544
7727 7553
7733 7553
7744 7544
7744 7553
7774 7574
7775 7553
7865 7517
7884 7553
7900 7517
7900 7574
7901 7553
7906 7553
7968 7553
7967 7553
8036 7553
8046 7553
8051 7553
8053 7553
8061 7553
8085 7553
8107 7553
8133 7517
8134 7553
8152 7553
8189 7553
8193 7553
8222 7553
8214 7553
8238 7553
