11 3404
11 3433
11 3439
11 3443
11 3447
11 3452
11 3453
11 3454
11 3458
11 3463
11 3464
11 3480
20 3456
24 3408
24 3410
24 3439
24 3443
24 3447
24 3452
24 3456
24 3458
24 3473
36 3443
36 3454
36 3456
36 3480
36 3489
37 3456
42 3408
46 3435
59 3408
27 3456
66 3464
72 3443
72 3459
72 3479
72 3498
86 3443
87 3443
87 3453
87 3460
87 3464
87 3473
87 3479
89 3404
90 3435
68 3435
68 3439
68 3443
68 3454
68 3459
68 3473
68 3489
68 3498
109 3459
122 3404
122 3435
122 3439
122 3443
122 3453
122 3456
122 3458
122 3480
122 3489
113 3439
113 3489
127 3443
127 3456
155 3459
161 3429
172 3408
172 3435
172 3473
172 3489
173 3408
173 3443
173 3452
173 3456
180 3480
166 3459
291 3455
291 3463
290 3408
306 3404
306 3408
306 3454
306 3480
308 3443
308 3473
310 3408
310 3417
310 3464
310 3473
310 3489
311 3408
311 3443
311 3456
311 3459
313 3456
346 3446
346 3483
371 3456
383 3480
405 3459
432 3408
432 3417
432 3447
432 3480
457 3404
457 3408
457 3409
457 3439
457 3443
457 3447
457 3454
457 3456
457 3459
457 3460
457 3463
457 3464
457 3479
457 3483
457 3498
501 3473
545 3459
546 3443
546 3452
546 3479
553 3408
556 3408
556 3439
556 3458
583 3443
582 3460
582 3464
600 3408
600 3443
600 3458
634 3455
634 3456
635 3489
663 3452
663 3456
667 3404
665 3408
690 3456
695 3404
695 3443
704 3473
708 3473
710 3456
722 3408
722 3435
722 3443
722 3480
724 3404
727 3433
737 3452
737 3458
737 3459
742 3460
742 3464
697 3456
697 3498
749 3417
749 3435
759 3473
766 3408
766 3417
766 3433
766 3443
766 3447
766 3452
766 3453
766 3454
766 3455
766 3456
766 3458
766 3459
766 3460
766 3464
766 3473
766 3483
766 3486
766 3489
766 3498
769 3408
769 3479
769 3480
788 3479
784 3439
784 3443
784 3489
789 3417
789 3433
789 3447
789 3452
789 3455
789 3456
789 3458
789 3460
789 3498
791 3459
798 3439
804 3435
805 3435
805 3443
813 3404
813 3433
813 3473
813 3489
823 3465
826 3408
826 3446
826 3473
826 3489
825 3447
825 3456
825 3473
836 3480
854 3439
854 3456
856 3435
856 3446
856 3459
856 3465
852 3479
879 3439
879 3443
879 3447
879 3453
879 3454
879 3456
469 3408
896 3498
943 3473
946 3404
947 3456
956 3433
962 3456
963 3473
967 3456
974 3443
986 3456
988 3404
988 3408
988 3435
988 3439
988 3454
988 3473
988 3480
988 3489
996 3408
996 3456
996 3479
996 3489
1024 3408
1024 3433
1037 3459
1041 3417
1048 3479
1051 3439
1051 3480
1055 3483
1062 3404
1063 3456
1097 3443
1097 3456
1098 3408
1098 3435
1098 3459
1098 3473
1098 3489
1125 3473
1127 3404
1127 3489
1132 3443
1133 3433
1133 3439
1133 3443
1133 3447
1133 3452
1133 3453
1133 3454
1133 3455
1133 3456
1133 3458
1133 3460
1133 3464
1133 3498
1147 3480
1151 3443
1151 3452
1151 3456
1151 3473
1151 3480
1151 3489
1151 3498
1166 3408
1166 3433
1166 3435
1166 3439
1166 3446
1166 3452
1166 3454
1166 3456
1166 3460
1166 3473
1166 3479
1166 3480
1166 3483
1166 3486
1166 3489
1166 3498
1167 3408
1167 3446
1179 3443
1169 3408
1185 3443
1200 3455
1200 3456
1204 3433
1204 3447
1204 3452
1204 3458
1210 3456
1210 3479
1215 3410
1247 3454
1247 3473
1253 3443
1253 3456
1259 3408
1259 3410
1259 3429
1259 3435
1259 3446
1259 3473
1259 3489
1267 3456
1286 3454
1286 3456
1286 3464
1291 3473
1305 3404
1305 3408
1305 3435
1305 3461
1305 3473
1305 3480
1305 3483
1305 3489
1306 3404
1319 3473
1335 3459
1353 3408
1353 3458
1367 3465
1374 3408
1374 3417
1374 3435
1374 3456
1374 3459
1382 3480
1384 3489
1385 3439
1395 3404
1419 3408
1419 3473
1419 3489
1424 3453
1184 3443
1184 3453
1184 3455
1462 3456
1470 3452
1470 3456
1470 3458
1470 3473
1470 3479
1470 3498
1471 3456
1471 3459
1473 3408
1473 3439
1473 3473
1487 3408
1487 3435
1487 3473
1487 3489
1496 3408
1496 3456
1496 3473
1496 3489
1498 3456
1500 3480
1521 3404
1522 3404
1522 3455
1522 3463
1522 3473
1522 3480
1524 3473
1537 3433
1537 3439
1537 3454
1542 3417
1542 3443
1542 3456
1542 3460
1542 3463
1542 3498
1549 3404
1549 3408
1549 3439
1549 3443
1549 3453
1549 3454
1549 3456
1549 3459
1549 3463
1549 3473
1549 3480
1549 3489
1549 3498
1550 3439
1550 3443
1583 3489
1585 3473
1603 3479
1571 3473
1608 3435
1608 3459
1613 3443
1621 3456
1639 3417
1661 3408
1661 3443
1661 3447
1661 3456
1667 3447
1691 3489
1701 3458
1697 3408
1697 3456
1697 3473
1697 3480
1700 3463
1717 3447
1717 3498
1730 3443
1733 3433
1734 3473
1744 3435
1747 3452
1747 3480
1748 3443
1748 3452
1748 3480
1749 3435
1749 3483
1767 3408
1767 3446
1767 3473
1767 3480
1783 3464
1795 3408
1795 3439
1796 3459
1799 3452
1799 3456
1799 3498
1808 3404
1808 3408
1808 3498
1813 3439
1813 3453
1813 3454
1814 3456
1814 3459
1820 3404
1823 3456
1823 3460
1835 3456
1835 3458
1847 3460
1859 3443
1855 3408
1875 3410
1885 3404
1885 3453
1896 3435
1915 3456
1922 3404
1922 3408
1922 3435
1922 3446
1922 3452
1922 3456
1922 3473
1922 3483
1922 3486
1925 3408
1928 3408
1931 3408
1937 3456
1951 3408
1951 3480
1972 3404
1972 3408
1972 3417
1972 3456
1972 3473
1972 3480
1972 3489
1982 3459
1985 3404
1985 3443
1985 3460
1985 3464
2009 3408
2009 3443
2009 3455
2009 3460
2009 3464
2009 3473
2014 3452
2033 3408
2065 3443
2065 3454
2065 3456
2065 3458
2109 3443
2109 3480
2109 3489
2114 3404
2118 3408
2118 3417
2118 3433
2118 3439
2118 3454
2120 3409
2120 3429
2120 3459
2120 3480
2129 3404
2129 3439
2129 3454
2135 3452
2135 3456
2135 3480
2144 3454
2144 3456
2144 3459
2145 3439
2145 3473
2172 3479
2174 3439
2174 3486
2186 3408
2209 3473
2209 3489
2225 3452
2226 3459
2229 3408
2237 3404
2237 3408
2237 3417
2237 3433
2237 3439
2237 3443
2237 3447
2237 3453
2237 3454
2237 3456
2237 3464
2237 3480
2237 3498
2240 3408
2041 3408
2249 3479
2252 3461
2256 3404
2256 3409
2256 3410
2256 3429
2256 3435
2256 3443
2256 3446
2256 3456
2256 3461
2256 3473
2256 3479
2256 3483
2256 3486
2256 3489
2257 3408
2257 3435
2257 3439
2257 3464
2257 3465
2257 3473
2258 3480
2264 3456
2276 3459
2285 3408
2290 3404
2290 3480
2297 3435
2297 3454
2297 3456
2297 3473
2297 3489
2298 3483
2299 3459
2323 3443
2323 3456
2323 3480
2326 3404
2326 3408
2326 3435
2326 3439
2326 3443
2326 3446
2326 3455
2326 3460
2326 3473
2326 3480
2326 3483
2326 3486
2326 3489
2328 3459
2328 3479
2328 3480
2332 3408
2332 3409
2332 3410
2332 3429
2365 3443
2368 3443
2369 3417
2369 3447
2369 3456
2369 3459
2369 3498
2381 3443
2381 3456
2381 3459
2381 3479
2379 3480
2379 3483
2384 3417
2384 3435
2384 3443
2384 3498
2387 3417
2387 3456
2387 3460
2398 3443
2398 3454
2410 3456
2411 3408
2411 3439
2411 3446
2411 3473
2411 3483
2411 3486
2411 3489
2427 3479
2433 3439
2440 3456
2456 3498
2485 3404
2485 3409
2485 3417
2485 3443
2485 3452
2485 3458
2485 3459
2485 3473
2485 3480
2485 3489
2485 3498
2497 3489
2502 3408
2502 3459
2504 3443
2504 3452
2504 3454
2504 3456
2506 3443
2506 3479
2506 3480
2507 3408
2510 3404
2510 3489
2516 3456
2516 3479
2535 3443
2535 3454
2535 3456
2535 3458
2541 3408
2542 3408
2542 3435
2542 3443
2542 3473
2545 3480
2546 3443
2547 3439
2547 3443
2566 3479
2557 3443
2560 3417
2560 3439
2560 3473
2560 3480
2564 3456
2565 3404
2565 3408
2565 3417
2565 3435
2565 3439
2565 3443
2565 3447
2565 3452
2565 3453
2565 3454
2565 3455
2565 3456
2565 3458
2565 3459
2565 3460
2565 3461
2565 3464
2565 3473
2565 3480
2565 3483
2565 3486
2565 3489
2576 3408
2576 3443
2576 3473
2576 3489
2585 3439
2585 3454
2594 3439
2595 3443
2595 3456
2474 3443
2605 3417
2605 3489
2612 3408
2612 3439
2612 3454
2612 3458
2613 3480
2618 3473
2645 3439
2646 3473
2651 3404
2651 3408
2651 3409
2651 3410
2651 3433
2651 3435
2651 3439
2651 3446
2651 3453
2651 3454
2651 3473
2651 3483
2651 3486
2651 3489
2653 3404
2653 3435
2653 3439
2653 3443
2653 3454
2653 3456
2653 3461
2653 3480
2653 3483
2655 3443
2655 3452
2657 3404
2658 3443
2658 3452
2658 3453
2658 3454
2658 3459
2658 3464
2674 3404
2674 3456
2674 3480
2699 3404
2699 3417
2699 3460
2699 3473
2699 3480
2699 3483
2699 3489
2700 3404
2700 3408
2700 3410
2700 3473
2700 3480
2700 3483
2700 3489
2686 3408
2686 3435
2686 3439
2686 3459
2686 3465
2686 3473
2686 3489
2702 3408
2702 3456
2702 3459
2703 3408
2703 3409
2703 3410
2703 3429
2703 3473
2703 3489
2688 3404
2688 3408
2688 3417
2688 3439
2688 3443
2688 3447
2688 3452
2688 3453
2688 3454
2688 3456
2688 3458
2688 3459
2688 3460
2688 3463
2688 3473
2688 3479
2688 3480
2688 3483
2688 3489
2688 3498
2660 3408
2660 3410
2660 3435
2660 3439
2660 3443
2660 3459
2660 3464
2660 3473
2660 3480
2689 3456
2667 3456
2667 3479
2690 3435
2692 3408
2693 3408
2693 3435
2693 3439
2693 3443
2693 3447
2693 3456
2693 3459
2693 3473
2706 3408
2706 3489
2694 3456
2696 3435
2696 3456
2724 3439
2727 3404
2727 3456
2737 3443
2747 3404
2747 3439
2747 3480
2747 3483
2752 3456
2774 3456
2774 3480
2775 3443
2775 3456
2790 3404
2790 3408
2790 3439
2790 3443
2790 3446
2790 3459
2790 3464
2790 3473
2790 3480
2790 3483
2790 3486
2791 3473
2811 3456
2819 3410
2819 3439
2822 3404
2654 3404
2654 3446
2654 3486
2799 3483
2831 3480
2832 3439
2832 3443
2859 3404
2859 3408
2859 3439
2859 3443
2859 3453
2859 3454
2859 3473
2859 3486
2859 3489
2871 3439
2871 3443
2871 3447
2871 3452
2871 3455
2871 3456
2883 3408
2568 3453
2889 3459
2909 3417
2909 3443
2909 3456
2923 3454
2932 3417
2932 3439
2932 3454
2932 3480
2935 3447
2935 3452
2935 3455
2940 3404
2940 3408
2940 3480
2940 3489
2947 3489
2951 3489
2958 3439
2964 3408
2964 3453
2967 3404
2967 3435
2967 3439
2967 3447
2967 3453
2967 3455
2967 3456
2967 3458
2967 3463
2967 3479
2968 3454
2968 3456
2968 3473
2968 3489
2972 3417
2972 3433
2972 3439
2972 3447
2972 3452
2972 3453
2972 3454
2972 3456
2972 3460
2972 3479
2972 3498
2974 3480
2988 3404
3000 3408
3000 3456
3001 3408
3002 3456
3004 3443
3005 3435
3010 3404
3010 3408
3010 3435
3010 3473
3010 3480
3010 3483
2707 3408
2707 3439
2707 3455
3015 3498
3018 3408
3024 3408
3026 3404
3026 3443
3026 3452
3026 3454
3026 3456
3026 3480
3027 3456
3028 3439
3028 3454
3028 3456
3028 3473
3028 3480
3031 3408
3031 3435
3031 3439
3032 3439
3032 3452
3032 3453
3032 3454
3032 3455
3032 3456
3032 3458
3033 3443
3034 3443
3035 3417
2713 3404
2713 3408
2713 3439
2713 3480
2713 3483
3046 3489
3056 3404
3056 3460
3055 3446
3055 3473
3055 3480
3055 3489
3057 3443
3057 3456
2356 3454
2976 3463
3073 3456
3081 3480
3084 3404
3084 3480
3086 3458
3090 3456
3092 3456
3095 3410
2842 3408
2842 3410
2842 3429
2842 3435
2842 3439
2842 3473
2842 3486
2842 3489
3110 3439
2003 3408
2003 3480
3119 3408
3137 3454
3142 3433
3144 3404
3144 3408
3144 3439
3144 3443
3144 3446
3144 3454
3144 3473
3144 3480
3144 3483
3144 3486
3145 3443
3148 3480
3148 3489
3168 3439
3168 3463
3172 3458
3175 3461
3175 3483
3180 3489
3190 3408
3192 3404
3192 3439
3192 3454
3192 3461
3192 3489
3191 3417
3191 3456
3191 3460
3196 3404
3196 3473
3196 3480
3209 3447
3209 3473
3209 3489
3211 3408
3238 3456
3252 3404
3252 3439
3252 3480
3255 3408
3256 3483
3258 3404
3258 3454
3258 3480
3262 3480
3262 3489
3274 3447
3274 3454
3274 3460
3275 3410
3275 3417
3276 3404
3276 3435
3276 3439
3276 3443
3291 3439
3297 3408
3297 3498
3301 3404
3301 3483
3304 3408
3304 3435
3304 3439
3304 3473
3290 3489
3317 3439
3321 3417
3321 3456
3326 3443
3338 3408
3345 3408
3345 3473
3346 3454
3348 3459
3350 3443
3350 3447
3350 3452
3350 3453
3350 3454
3350 3464
3350 3489
3352 3404
3352 3408
3352 3417
3352 3435
3352 3443
3352 3447
3352 3452
3352 3454
3352 3455
3352 3456
3352 3464
3352 3483
3366 3456
3374 3489
3375 3464
3377 3489
3378 3417
3378 3443
3378 3452
3379 3473
3379 3489
3380 3408
3380 3409
3380 3439
3381 3489
3392 3454
3394 3404
3394 3409
3394 3410
3394 3439
3394 3446
3394 3447
3394 3453
3394 3454
3394 3455
3394 3456
3394 3473
3394 3480
3394 3483
3397 3408
3399 3408
3403 3408
3402 3433
3402 3439
3402 3443
3402 3452
3402 3453
3402 3454
3402 3455
3402 3460
3402 3464
3402 3489
3404 3408
3404 3417
3404 3454
3404 3480
3404 3489
3405 3408
3390 3408
3390 3417
3390 3435
3390 3460
3407 3408
3406 3408
3417 3404
3417 3447
3417 3460
3443 3456
3445 3439
3445 3443
3439 3456
3439 3461
3439 3473
3447 3417
3447 3452
3447 3453
3447 3455
3447 3456
3447 3458
3447 3459
3447 3464
3447 3479
3448 3464
3449 3417
3449 3433
3449 3443
3449 3447
3449 3452
3449 3453
3449 3454
3449 3456
3449 3458
3449 3460
3449 3464
3449 3479
3449 3498
3450 3443
3450 3454
3450 3464
3451 3439
3451 3453
3451 3454
3451 3460
3451 3464
3452 3417
3452 3433
3452 3439
3452 3443
3452 3447
3452 3453
3452 3455
3452 3456
3452 3464
3452 3498
3453 3417
3453 3433
3453 3443
3453 3447
3453 3452
3453 3454
3453 3456
3453 3459
3453 3460
3453 3464
3453 3479
3454 3433
3454 3439
3454 3443
3454 3447
3454 3452
3454 3455
3454 3464
3455 3433
3455 3443
3455 3447
3455 3453
3455 3460
3455 3464
3456 3417
3456 3433
3456 3439
3456 3443
3456 3447
3456 3452
3456 3453
3456 3454
3456 3458
3456 3459
3456 3460
3456 3464
3456 3498
3457 3404
3457 3417
3457 3433
3457 3455
3457 3461
3457 3464
3458 3447
3458 3453
3458 3454
3458 3456
3458 3464
3458 3480
3458 3498
3459 3456
3459 3464
3460 3464
3461 3447
3461 3454
3461 3455
3461 3456
3461 3464
3462 3433
3462 3443
3462 3464
3463 3443
3463 3454
3463 3464
3465 3459
3466 3459
3466 3473
3467 3473
3468 3473
3468 3489
3469 3433
3469 3452
3469 3473
3470 3473
3470 3489
3472 3460
3472 3473
3471 3473
3479 3417
3479 3439
3479 3456
3480 3458
3481 3480
3482 3480
3483 3417
3477 3404
3478 3479
3487 3489
3488 3489
3498 3443
3498 3452
3498 3456
3498 3460
3519 3443
3519 3456
3521 3443
3521 3498
3522 3447
3522 3453
3522 3455
3522 3456
3525 3404
3527 3480
3527 3483
3386 3456
3541 3404
3541 3454
3541 3480
3542 3453
3564 3480
3568 3417
3568 3439
3568 3443
3568 3454
3568 3456
3568 3460
3568 3463
3568 3479
3587 3459
3586 3498
3591 3454
3593 3456
3601 3459
3597 3404
3603 3433
3607 3456
3611 3404
3614 3417
3614 3443
3614 3447
3614 3452
3614 3455
3614 3456
3614 3458
3614 3459
3614 3460
3615 3404
3615 3439
3615 3443
3615 3452
3615 3453
3615 3455
3615 3456
3615 3483
3622 3480
3624 3404
3624 3461
3630 3439
3630 3454
3631 3452
3631 3456
3631 3463
3633 3480
3634 3443
3634 3456
3635 3439
3635 3454
3641 3404
3641 3417
3641 3439
3641 3454
3641 3456
3641 3459
3641 3460
3642 3459
3642 3479
3642 3498
3643 3417
3643 3461
3645 3439
3658 3417
3659 3404
3660 3447
3660 3463
3661 3463
3665 3459
3666 3452
3666 3454
3666 3456
3666 3460
3666 3483
3678 3404
3678 3480
3678 3483
3682 3404
3682 3463
3682 3483
3691 3452
3691 3456
3691 3480
3709 3404
3723 3459
3724 3439
3724 3483
3728 3456
3728 3458
3731 3480
3742 3443
3743 3443
3743 3456
3748 3452
3748 3456
3763 3452
3766 3453
3766 3480
3771 3480
3779 3480
3780 3480
3781 3480
3782 3480
3784 3480
3783 3480
3785 3483
3786 3456
3787 3439
3787 3443
3787 3454
3787 3455
3787 3456
3787 3459
3787 3460
3787 3479
3792 3456
3796 3433
3796 3447
3796 3452
3796 3453
3794 3433
3794 3443
3794 3453
3800 3454
3806 3447
3806 3458
3812 3417
3813 3456
3830 3456
3842 3404
3843 3443
3843 3453
3843 3455
3843 3458
3854 3404
3854 3443
3854 3447
3854 3452
3854 3456
3854 3498
3855 3404
3855 3483
3648 3483
3883 3483
3902 3453
3902 3455
3902 3456
3902 3460
3910 3456
3956 3439
3956 3452
3956 3454
3956 3455
3956 3456
3956 3461
3965 3454
3965 3463
3969 3452
3969 3456
3971 3458
3976 3455
3976 3456
3976 3459
3982 3456
3985 3454
3985 3460
3985 3498
4001 3454
4036 3443
4036 3456
4036 3458
4037 3498
4040 3454
4041 3458
4041 3460
4041 3498
2981 3447
2981 3456
2981 3460
4044 3433
4044 3447
4044 3452
4044 3453
4044 3454
4044 3455
4044 3460
4045 3433
4045 3447
4045 3452
4045 3453
4045 3455
4045 3498
4046 3452
4046 3453
4046 3458
4046 3459
4056 3452
4056 3458
4063 3447
4063 3454
4077 3433
4077 3447
4077 3454
4077 3456
4077 3460
4065 3433
4065 3439
4065 3443
4065 3447
4065 3452
4065 3453
4065 3454
4066 3439
4070 3417
4070 3455
4070 3458
4071 3460
4073 3443
4073 3447
4073 3452
4073 3453
4073 3454
4073 3455
4073 3456
4074 3439
4082 3456
4089 3453
4099 3417
4099 3452
4099 3453
4099 3455
4099 3456
4099 3459
4099 3460
4099 3498
4111 3463
4076 3454
4076 3456
4076 3463
4123 3463
4124 3439
4124 3447
4124 3463
4127 3443
4127 3447
4127 3452
4138 3439
4138 3456
4142 3439
4142 3453
4142 3460
4144 3447
4144 3455
4144 3498
4151 3443
4151 3447
4151 3453
4151 3454
4151 3456
4152 3439
4152 3443
4152 3453
4152 3454
4162 3452
4175 3498
4191 3456
3995 3456
3995 3479
3995 3498
4211 3439
4211 3455
4211 3460
4212 3433
4212 3439
4212 3443
4212 3447
4212 3452
4212 3456
4215 3439
4213 3439
4214 3439
4219 3433
4219 3443
4219 3453
4219 3456
4220 3443
4223 3443
4221 3447
4221 3459
4229 3463
4257 3463
4261 3447
4273 3454
4276 3417
4276 3456
4276 3460
4312 3447
4316 3447
4316 3452
4317 3454
4338 3458
4338 3459
4353 3417
4353 3456
4354 3443
4354 3452
4355 3417
4355 3447
4355 3453
4355 3455
4355 3459
4364 3443
4364 3453
4364 3456
4363 3458
4415 3433
4430 3443
4433 3454
4437 3455
4437 3459
4437 3460
4441 3417
4441 3433
4441 3443
4441 3447
4441 3452
4441 3453
4441 3455
4441 3458
4441 3479
4442 3456
4448 3417
4448 3453
4448 3460
4455 3459
4468 3456
4474 3453
4485 3453
4485 3454
4483 3447
4483 3459
4483 3479
4486 3417
4486 3443
4486 3456
4488 3443
4488 3456
4489 3456
4489 3498
4504 3443
4511 3443
4511 3453
4531 3454
4534 3456
4534 3498
4536 3447
4536 3459
4547 3447
4547 3453
4547 3454
4547 3458
4547 3460
4550 3417
4550 3456
4550 3459
4550 3460
4563 3454
4564 3443
4564 3454
4565 3454
4566 3454
4567 3454
4568 3454
4574 3455
4574 3456
4576 3447
4581 3433
4587 3452
4587 3453
4587 3498
4588 3443
4588 3460
4595 3453
4598 3459
4598 3498
4609 3443
4618 3453
4622 3443
4623 3443
4624 3443
4625 3443
4629 3443
4626 3443
4626 3456
4627 3443
4487 3456
4632 3447
4632 3460
4632 3479
4632 3498
4651 3453
4652 3453
4653 3417
4653 3447
4653 3453
4653 3455
4653 3456
4653 3459
4653 3460
4654 3453
4655 3453
4662 3460
4647 3433
4647 3447
4647 3456
4665 3417
4665 3460
4674 3460
4681 3460
4683 3460
4682 3460
4686 3456
4687 3479
4688 3433
4688 3447
4688 3452
4688 3458
4709 3456
4717 3459
4718 3456
4718 3460
4712 3459
4725 3452
4726 3459
4746 3458
4764 3459
4781 3498
4788 3460
4792 3447
4814 3455
4813 3456
4813 3479
4813 3498
4818 3455
4824 3456
4824 3459
4829 3417
4829 3456
4829 3459
4829 3460
4837 3498
4859 3447
4859 3452
4846 3456
4852 3498
4866 3433
4879 3459
4885 3447
4885 3455
4891 3433
4893 3433
4899 3417
4899 3456
4899 3460
4929 3456
4931 3433
4932 3433
4933 3433
4934 3456
4948 3417
4948 3447
4948 3452
4948 3455
4948 3456
4948 3459
4948 3460
4963 3455
4964 3447
4967 3417
4967 3456
4967 3459
4967 3460
4967 3479
4967 3498
4938 3417
4973 3452
4974 3447
4975 3455
4982 3455
4989 3447
4989 3458
5002 3456
5002 3459
4897 3458
5006 3456
5006 3458
5006 3459
5008 3447
5008 3456
5009 3447
5010 3447
5011 3447
5012 3417
5012 3447
5013 3447
5022 3459
5022 3479
5020 3417
5020 3456
5020 3459
5020 3460
5028 3452
5029 3417
5029 3452
5029 3456
5037 3459
5039 3455
5053 3498
5068 3455
5072 3498
5079 3417
5079 3456
5079 3459
5079 3460
5079 3479
5079 3498
5089 3479
5099 3459
5102 3459
5110 3417
5110 3460
5110 3479
5110 3498
5123 3456
5125 3479
5151 3456
5166 3456
5171 3498
5172 3456
5172 3498
5173 3459
5176 3456
5176 3459
5176 3460
5177 3459
4310 3417
4310 3456
4310 3459
5179 3459
5179 3479
5181 3456
5182 3498
5184 3417
5184 3456
5184 3460
5188 3456
5188 3459
5189 3417
5189 3456
5189 3459
5189 3460
5189 3498
5190 3417
5190 3456
5198 3456
5202 3460
5203 3417
5238 3459
5243 3459
5246 3459
5255 3417
5255 3460
5267 3460
5286 3417
5286 3460
5294 3417
5295 3417
5296 3417
5301 3498
5313 3456
5316 3456
5320 3456
5323 3459
5324 3456
5333 3460
5339 3456
5352 3460
5353 3460
5382 3456
5391 3498
5405 3456
5423 3479
5421 3456
5439 3459
5457 3498
5468 3456
5478 3456
5484 3459
5462 3456
5512 3456
5521 3456
5524 3459
5524 3498
5526 3459
5531 3459
5531 3479
5542 3456
5543 3456
5543 3459
5543 3498
5544 3456
5582 3498
5612 3459
5617 3459
5620 3459
5630 3498
5691 3459
5696 3479
5697 3459
5697 3479
5697 3498
5739 3459
5775 3459
5771 3459
5772 3459
5773 3459
5787 3498
5796 3459
5796 3498
5799 3479
5802 3459
5808 3479
5812 3459
5812 3479
5814 3459
5816 3459
5816 3479
5817 3459
5818 3459
5818 3479
5818 3498
5819 3498
5822 3459
5839 3459
5855 3498
5857 3459
5895 3461
5871 3459
5928 3459
5932 3459
5999 3459
6007 3498
6020 3498
6024 3459
6023 3479
6043 3498
6068 3498
6075 3498
6097 3498
6151 3498
6174 3498
6175 3498
6176 3498
6177 3498
6198 3459
6218 3459
6270 3459
6272 3459
6274 3459
6305 3459
6305 3479
6323 3459
6317 3479
6360 3479
6377 3459
6327 3459
6443 3459
6479 3459
6488 3459
6494 3459
6501 3459
6510 3459
6518 3459
6523 3459
6538 3459
6555 3459
5273 3459
6560 3459
6123 3459
6552 3459
6615 3459
6624 3459
6627 3459
6714 3459
6611 3459
6766 3459
6784 3459
6790 3459
6620 3459
6865 3459
6900 3459
6914 3459
6916 3459
6934 3459
6941 3459
5529 3459
6951 3459
6316 3459
6971 3459
6972 3459
6974 3459
6975 3459
6976 3459
7052 3459
7053 3459
7054 3459
7046 3459
7055 3459
7057 3459
7080 3459
7090 3459
7092 3459
7096 3459
7225 3459
7294 3459
7352 3459
7428 3459
7376 3459
7549 3459
7554 3459
