30 1412
6 1428
6 1439
6 1441
6 1442
6 1446
6 1453
6 1464
6 1465
6 1468
6 1471
6 1472
6 1476
6 1478
6 1484
6 1485
6 1487
6 1489
6 1490
6 1497
7 1425
7 1471
11 1402
11 1407
11 1411
11 1412
11 1413
11 1418
11 1420
11 1425
11 1428
11 1435
11 1437
11 1439
11 1441
11 1442
11 1444
11 1446
11 1453
11 1464
11 1465
11 1468
11 1471
11 1476
11 1482
11 1484
11 1485
11 1486
11 1487
11 1489
11 1490
11 1492
11 1496
11 1497
12 1464
14 1496
16 1412
20 1402
21 1476
22 1407
23 1478
24 1416
24 1419
24 1439
24 1442
24 1473
24 1482
24 1497
28 1428
36 1402
36 1413
36 1416
36 1468
36 1489
35 1413
35 1418
35 1439
35 1446
35 1465
35 1468
35 1476
35 1484
42 1464
42 1465
42 1476
42 1497
45 1441
46 1425
47 1420
47 1453
55 1432
59 1416
59 1464
59 1476
59 1484
78 1464
86 1432
71 1453
71 1465
71 1497
87 1411
87 1413
87 1484
89 1425
90 1468
99 1498
31 1402
102 1437
68 1437
68 1498
109 1425
109 1468
110 1492
111 1413
122 1419
122 1453
113 1413
113 1453
113 1490
127 1425
127 1464
128 1416
128 1428
128 1476
128 1485
128 1496
136 1493
138 1413
143 1413
143 1439
143 1476
147 1407
147 1453
145 1484
145 1485
151 1416
151 1471
151 1489
154 1413
154 1464
157 1487
158 1439
161 1418
161 1425
161 1435
161 1484
171 1402
171 1413
171 1464
171 1476
171 1484
171 1487
173 1402
173 1407
173 1412
173 1413
173 1428
173 1439
173 1444
173 1446
173 1464
173 1465
173 1468
173 1471
173 1476
173 1482
173 1489
173 1490
173 1496
176 1413
176 1428
176 1464
176 1465
176 1468
176 1476
178 1482
180 1425
180 1464
180 1476
182 1416
182 1464
182 1473
182 1484
166 1484
166 1493
194 1497
199 1407
199 1412
199 1471
216 1418
216 1453
215 1482
215 1487
215 1492
215 1496
226 1497
227 1497
228 1484
231 1473
255 1482
255 1487
256 1402
259 1402
259 1473
280 1464
282 1464
282 1471
282 1496
293 1497
295 1442
295 1444
290 1411
290 1468
290 1482
290 1484
249 1485
304 1428
304 1439
304 1446
304 1464
304 1468
304 1476
304 1478
306 1413
306 1418
306 1428
306 1464
306 1468
306 1473
306 1476
306 1490
306 1492
308 1402
308 1413
308 1418
308 1464
308 1468
308 1476
308 1484
310 1407
310 1411
310 1413
310 1428
310 1464
310 1476
310 1487
311 1413
311 1418
311 1419
311 1425
311 1428
311 1453
311 1464
311 1465
311 1476
311 1482
311 1484
311 1487
311 1490
311 1492
311 1496
311 1497
312 1413
312 1418
312 1425
312 1439
312 1446
312 1453
312 1464
312 1468
312 1471
312 1489
312 1492
313 1482
313 1497
315 1413
317 1413
317 1428
317 1476
317 1482
317 1490
317 1496
319 1413
319 1464
319 1471
319 1478
319 1482
324 1413
150 1412
339 1485
340 1413
340 1428
340 1464
348 1418
348 1419
346 1453
356 1428
364 1418
371 1428
371 1446
371 1468
371 1485
371 1487
376 1402
376 1482
101 1478
395 1418
407 1407
407 1413
407 1425
407 1471
407 1482
407 1489
407 1492
407 1496
407 1497
425 1493
432 1402
432 1407
432 1446
432 1464
457 1413
457 1416
457 1418
457 1420
457 1482
457 1484
457 1487
457 1490
457 1492
457 1493
457 1496
457 1497
465 1453
545 1402
545 1420
546 1407
546 1482
556 1442
556 1473
556 1497
587 1425
587 1439
588 1425
588 1439
588 1492
601 1413
601 1468
601 1476
600 1407
600 1471
600 1473
600 1476
600 1484
600 1497
626 1425
626 1464
626 1468
633 1425
634 1403
634 1476
634 1486
646 1412
646 1425
646 1484
635 1437
635 1453
647 1497
643 1413
649 1453
650 1413
650 1418
650 1419
650 1453
664 1489
663 1496
663 1498
639 1453
639 1484
686 1402
686 1413
686 1418
686 1420
686 1476
686 1489
689 1413
691 1487
695 1411
695 1497
704 1413
704 1453
704 1471
705 1413
706 1411
706 1435
706 1442
706 1471
706 1478
706 1486
706 1489
706 1496
707 1402
707 1428
707 1471
707 1476
707 1484
707 1486
707 1489
707 1490
707 1496
707 1497
710 1413
710 1428
710 1439
710 1496
712 1428
712 1496
722 1402
722 1420
722 1441
722 1442
722 1453
722 1473
722 1485
727 1497
730 1435
733 1464
737 1403
737 1493
742 1413
742 1425
742 1476
697 1413
697 1473
697 1476
749 1407
749 1425
759 1416
759 1425
761 1484
763 1407
763 1464
764 1492
766 1403
766 1416
766 1419
766 1428
766 1437
766 1473
766 1492
766 1496
762 1453
762 1476
769 1413
769 1418
769 1428
769 1432
769 1453
769 1465
769 1473
769 1476
788 1411
788 1453
788 1492
784 1411
784 1420
784 1453
784 1464
784 1465
784 1485
789 1413
789 1428
789 1453
789 1468
789 1473
789 1476
789 1497
791 1428
791 1468
795 1413
795 1420
803 1420
803 1437
805 1402
805 1413
805 1425
805 1453
805 1468
805 1476
805 1496
805 1497
813 1413
813 1419
813 1428
813 1437
813 1444
813 1471
813 1476
813 1482
813 1492
813 1496
816 1453
816 1497
334 1413
826 1416
826 1428
826 1437
826 1441
826 1444
826 1471
826 1482
826 1484
826 1487
826 1490
826 1492
826 1496
826 1497
831 1413
836 1428
836 1442
844 1468
851 1484
854 1416
854 1420
854 1437
856 1453
852 1471
853 1412
853 1464
859 1492
861 1496
865 1473
865 1497
870 1428
870 1487
871 1439
871 1446
871 1453
871 1465
871 1468
871 1471
871 1484
871 1490
879 1453
904 1442
904 1453
904 1465
904 1471
904 1478
904 1485
904 1486
904 1487
904 1490
904 1496
920 1490
921 1439
921 1484
928 1439
937 1413
937 1453
941 1411
941 1413
941 1425
941 1428
941 1439
941 1482
941 1484
941 1489
941 1492
941 1496
943 1425
946 1407
946 1412
946 1413
946 1418
948 1419
948 1453
948 1482
949 1407
954 1411
954 1453
954 1485
954 1486
964 1453
933 1490
971 1428
971 1441
971 1496
978 1425
978 1432
978 1439
978 1482
978 1484
978 1496
981 1497
982 1453
986 1453
986 1464
986 1482
986 1484
988 1416
988 1437
988 1453
988 1492
993 1407
993 1413
993 1416
993 1420
993 1425
993 1428
993 1437
993 1444
993 1464
993 1471
993 1476
993 1482
993 1489
993 1492
993 1496
996 1402
996 1412
996 1413
996 1416
996 1419
996 1435
996 1444
996 1453
996 1471
996 1472
996 1473
998 1442
998 1476
998 1489
1005 1497
1000 1428
1006 1402
1006 1412
1006 1413
1006 1418
1006 1432
1006 1441
1006 1444
1006 1453
1006 1465
1006 1468
1006 1487
1006 1496
1009 1402
1009 1412
1009 1425
1009 1439
1009 1442
1009 1464
1009 1486
1022 1484
1023 1492
1029 1402
1029 1413
1029 1418
1029 1420
1029 1428
1029 1439
1029 1441
1029 1446
1029 1453
1029 1464
1029 1468
1029 1471
1029 1476
1029 1484
1029 1485
1029 1486
1029 1487
1029 1490
1029 1496
1029 1497
1031 1492
1032 1413
1032 1482
1034 1482
1034 1484
1039 1482
1037 1437
1042 1407
1043 1465
1044 1465
1046 1425
1046 1428
1046 1476
1046 1486
1049 1465
1050 1407
1050 1441
1051 1416
1051 1420
1055 1411
1055 1428
1055 1437
1055 1439
1055 1468
1055 1471
1055 1476
1055 1478
1055 1482
1055 1484
1055 1489
1055 1493
1055 1496
1062 1416
1062 1418
1062 1419
1062 1425
1062 1444
1062 1492
1063 1465
1064 1476
872 1413
872 1489
1075 1418
1075 1420
1075 1425
1075 1473
1075 1476
1086 1464
1097 1428
1097 1437
1098 1407
1098 1419
1098 1492
1102 1411
1114 1413
1115 1432
1124 1492
1125 1492
1128 1476
1127 1416
1127 1482
1127 1489
1127 1496
1129 1407
1129 1420
1129 1428
1129 1478
1129 1489
1129 1497
1132 1413
1133 1464
1133 1476
1133 1484
1133 1490
1135 1413
1135 1416
1135 1418
1135 1428
1135 1439
1135 1464
1135 1468
1135 1476
1135 1490
1135 1492
1135 1496
1137 1407
1137 1413
1137 1416
1137 1418
1137 1428
1137 1435
1137 1437
1137 1441
1137 1464
1137 1465
1142 1476
1143 1416
1150 1484
1151 1407
1151 1416
1151 1428
1151 1437
1151 1444
1151 1464
1151 1473
1151 1482
1151 1485
1151 1487
1151 1492
1151 1496
922 1413
922 1425
922 1428
922 1439
922 1441
922 1482
922 1484
922 1486
922 1490
922 1496
922 1497
1160 1413
1160 1425
1160 1476
1166 1411
1166 1416
1166 1419
1166 1437
1166 1453
1166 1473
1166 1482
1166 1492
1167 1411
1167 1413
1167 1428
1167 1453
1167 1471
1167 1476
1167 1478
1167 1482
1167 1484
1167 1487
1167 1489
1167 1492
1167 1496
1167 1497
1167 1498
1179 1464
1190 1496
1188 1453
1200 1413
1200 1416
1200 1419
1200 1453
1201 1413
1201 1425
1201 1428
1201 1476
1201 1482
1201 1487
1201 1489
1201 1496
1201 1497
1202 1407
1202 1428
1202 1482
1202 1489
1202 1492
1204 1402
1207 1489
1210 1402
1210 1407
1210 1412
1210 1413
1210 1416
1210 1418
1210 1420
1210 1425
1210 1492
1211 1413
1211 1435
1211 1471
1211 1496
1215 1492
1221 1413
1221 1425
1221 1439
1221 1492
1230 1437
1233 1439
1233 1441
1233 1485
1233 1490
1234 1428
1234 1464
1235 1412
1235 1413
1235 1418
1235 1420
1235 1425
1235 1464
1236 1425
1236 1428
1236 1439
1236 1453
1236 1471
1236 1478
1236 1482
1236 1484
1236 1489
1236 1492
1236 1496
1237 1439
1241 1484
1242 1496
1246 1484
1247 1407
1247 1428
1247 1441
1247 1453
1247 1468
1247 1482
1247 1484
1248 1402
1248 1412
1248 1425
1248 1428
1248 1484
1253 1411
1253 1428
1259 1413
1262 1444
1267 1496
1278 1412
1278 1413
1278 1418
1278 1420
1278 1425
1278 1428
1278 1435
1278 1437
1278 1439
1278 1441
1278 1446
1278 1464
1278 1468
1278 1471
1278 1476
1278 1484
1278 1485
1278 1486
1278 1490
1278 1496
1279 1425
1279 1428
1279 1441
1279 1446
1279 1453
1279 1464
1279 1468
1279 1471
1279 1472
1279 1484
1279 1485
1279 1489
1279 1490
1279 1496
1281 1464
1281 1489
1286 1403
1286 1413
1286 1420
1290 1439
1290 1497
1291 1402
1291 1497
1292 1402
1293 1464
1293 1484
1293 1485
1293 1486
1297 1439
1297 1464
1297 1484
1299 1442
1299 1485
1305 1403
1305 1413
1305 1416
1305 1419
1305 1453
1305 1486
1305 1490
1305 1498
1306 1476
1306 1484
1308 1413
1308 1425
1319 1402
1319 1418
1319 1420
1319 1428
1319 1439
1319 1446
1319 1453
1319 1465
1319 1468
1319 1482
1319 1487
1319 1492
1319 1496
1322 1418
1322 1497
1326 1439
1335 1412
1335 1420
1335 1425
1335 1428
1335 1442
1335 1453
1338 1407
1338 1412
1346 1412
1350 1411
1350 1428
1350 1482
1350 1487
1350 1489
1350 1490
1350 1492
1350 1496
1352 1411
1352 1420
1352 1428
1352 1453
1352 1478
1352 1482
1352 1487
1352 1489
1352 1496
1352 1497
1353 1473
1354 1411
1355 1412
1356 1493
1357 1428
1357 1439
1357 1468
1357 1471
1357 1476
1357 1482
1357 1496
1357 1497
1358 1497
1367 1402
1373 1435
1374 1403
1374 1411
1374 1419
1374 1464
1374 1473
1382 1453
1377 1402
1377 1484
1377 1490
1377 1496
1378 1453
1380 1402
1380 1407
1380 1413
1380 1418
1380 1420
1380 1425
1380 1439
1380 1453
1380 1464
1380 1468
1380 1471
1380 1476
1380 1487
1380 1492
1381 1453
1381 1482
1384 1416
1386 1413
1386 1420
1386 1425
1386 1428
1386 1444
1386 1482
1386 1489
1386 1496
1394 1437
1394 1464
1394 1472
1394 1496
1390 1420
1395 1407
1395 1419
1395 1428
1395 1444
1395 1453
1395 1471
1395 1482
1395 1492
1397 1402
1398 1402
1399 1402
1400 1402
1401 1402
1403 1412
1404 1412
1405 1412
1411 1412
1406 1411
1406 1412
1407 1412
1408 1412
1409 1412
1410 1412
1419 1420
1421 1411
1421 1425
1422 1425
1423 1425
1424 1416
1424 1425
1424 1428
1424 1464
1424 1478
1424 1482
1424 1484
1424 1485
1428 1407
1428 1444
1428 1471
1428 1482
1428 1489
1428 1496
1433 1428
1434 1435
1434 1439
1184 1496
1184 1497
1439 1484
1441 1428
1441 1486
1446 1442
1446 1444
1442 1428
1442 1444
1442 1446
1442 1487
1442 1496
1443 1446
1444 1442
1444 1446
1445 1446
1447 1428
1447 1439
1447 1490
1452 1453
1454 1464
1455 1464
1456 1464
1457 1464
1458 1464
1459 1464
1460 1464
1461 1464
1462 1411
1462 1428
1462 1464
1462 1497
1463 1464
1463 1484
1468 1471
1468 1476
1466 1428
1466 1468
1466 1476
1467 1441
1467 1468
1467 1497
1470 1428
1470 1471
1470 1476
1470 1482
1470 1484
1470 1487
1470 1492
1470 1496
1471 1489
1471 1490
1473 1419
1473 1428
1473 1487
1480 1407
1480 1484
1480 1492
1481 1484
1482 1484
1482 1496
1483 1411
1483 1428
1483 1484
1483 1487
1483 1490
1483 1496
1483 1497
1487 1428
1487 1442
1487 1471
1487 1489
1489 1428
1489 1482
1489 1487
1489 1490
1492 1407
1492 1428
1492 1487
1492 1489
1492 1496
1495 1482
1496 1416
1496 1428
1496 1482
1496 1487
1496 1492
1499 1497
1500 1497
1501 1437
1501 1471
1501 1496
1506 1489
1506 1497
1510 1441
1510 1497
1515 1441
1516 1441
1517 1441
1521 1411
1521 1419
1521 1482
1521 1487
1521 1492
1521 1496
1525 1428
1525 1442
1525 1487
1525 1489
1526 1411
1538 1428
1538 1482
1538 1487
1538 1489
1538 1492
1538 1496
1537 1407
1537 1492
1542 1473
1542 1492
1552 1411
1552 1482
1552 1489
1552 1497
1553 1428
1553 1482
1553 1497
1547 1482
1547 1492
1547 1497
1548 1497
1549 1407
1549 1411
1549 1416
1549 1419
1549 1428
1549 1441
1549 1453
1549 1471
1549 1473
1549 1482
1549 1487
1549 1489
1549 1492
1549 1496
1549 1497
1550 1497
1551 1497
1555 1428
1555 1482
1555 1487
1555 1489
1555 1492
1555 1496
1566 1453
1582 1428
1583 1411
1583 1428
1583 1437
1583 1482
1583 1492
1585 1482
1585 1492
1589 1428
1592 1416
1592 1489
1594 1428
1594 1442
1594 1471
1594 1482
1594 1487
1594 1489
1594 1496
1599 1489
1571 1482
1601 1428
1605 1442
1608 1407
1608 1416
1608 1419
1608 1428
1608 1442
1608 1444
1608 1453
1608 1471
1608 1482
1608 1489
1608 1492
1610 1428
1610 1496
1613 1496
1614 1442
1615 1407
1615 1411
1615 1428
1615 1442
1615 1471
1615 1482
1615 1487
1615 1489
1615 1496
1530 1428
1619 1428
1619 1487
1620 1428
1621 1428
1621 1444
1621 1492
1622 1428
1622 1482
1622 1487
1622 1492
1622 1496
1623 1428
1623 1487
1628 1471
1632 1471
1639 1473
1641 1489
1642 1489
1643 1489
1644 1489
1564 1496
1665 1471
1666 1471
1681 1442
1682 1442
1684 1416
1691 1416
1691 1492
1701 1416
1701 1473
1700 1482
1700 1496
1705 1419
1717 1482
1719 1496
1720 1453
1722 1403
1688 1453
1732 1416
1732 1487
1732 1492
1733 1482
1734 1453
1741 1419
1741 1496
1742 1411
1748 1453
1754 1496
1756 1411
1756 1492
1762 1493
1762 1496
1765 1407
1765 1487
1766 1496
1767 1473
1767 1496
1769 1416
1772 1407
1772 1492
1772 1496
1759 1411
1783 1411
1783 1416
1783 1492
1795 1416
1795 1453
1800 1493
1811 1473
1808 1407
1808 1419
1808 1482
1808 1492
1814 1416
1816 1482
1820 1419
1820 1492
1823 1444
1823 1498
1835 1407
1835 1416
1835 1492
1837 1407
1838 1407
1847 1411
1865 1411
1866 1411
1867 1411
1868 1411
1868 1444
1885 1482
1896 1498
1918 1492
1919 1419
1919 1482
1922 1416
1922 1419
1922 1493
1937 1473
1962 1407
1962 1482
1967 1416
1972 1416
1977 1482
1952 1482
1980 1482
1980 1492
1985 1482
1985 1492
1991 1419
1991 1482
1992 1492
1997 1407
1997 1482
1997 1492
1794 1482
2000 1482
2001 1482
2001 1492
2033 1473
2062 1444
2062 1492
2072 1419
2072 1444
2072 1492
2085 1419
2093 1416
2102 1416
2102 1473
2102 1492
2104 1407
2109 1453
2110 1407
2111 1407
2118 1492
2120 1492
2133 1419
2133 1492
2135 1419
2135 1453
2135 1473
2156 1492
2159 1444
2160 1416
2186 1403
2186 1419
2193 1492
2209 1416
2215 1444
2218 1444
2219 1444
2225 1492
2230 1419
2231 1492
2229 1416
2229 1437
2233 1492
2236 1416
2237 1416
2241 1492
2240 1492
2249 1403
2255 1492
2256 1419
2264 1403
2264 1473
2274 1437
2274 1492
2286 1492
2287 1492
2297 1416
2323 1492
2326 1453
2328 1492
2272 1492
2357 1492
2365 1453
2369 1493
2371 1416
2371 1437
2371 1453
2371 1492
2375 1419
2384 1416
2410 1492
2306 1492
2411 1419
2411 1453
2411 1492
2412 1492
2413 1492
2472 1416
2472 1419
2472 1437
2473 1419
2476 1416
2485 1403
2485 1453
2485 1473
2504 1453
2507 1416
2510 1416
2510 1437
2535 1453
2542 1453
2546 1416
2546 1419
2547 1437
2550 1416
2550 1437
2557 1419
2564 1473
2565 1403
2565 1416
2565 1419
2565 1437
2565 1493
2565 1498
2576 1416
2474 1416
2474 1419
2608 1419
2623 1453
2619 1416
2646 1437
2651 1416
2651 1437
2651 1453
2653 1453
2658 1498
2672 1419
2674 1416
2699 1416
2700 1453
2686 1416
2686 1437
2702 1437
2688 1416
2688 1437
2688 1453
2688 1473
2704 1437
2693 1416
2768 1419
2774 1403
2774 1416
2790 1453
2792 1419
2654 1416
2654 1453
2833 1419
2838 1419
2839 1419
2840 1419
2859 1453
2871 1416
2871 1453
2872 1437
2872 1453
2880 1453
2883 1416
2904 1416
2912 1416
2948 1416
2948 1437
2964 1437
2968 1416
2983 1493
2988 1473
2988 1493
2707 1437
2707 1473
3015 1473
3020 1416
3021 1473
3024 1453
3026 1437
3032 1453
2713 1453
3040 1498
3041 1416
3056 1493
3057 1473
3059 1437
3059 1453
3062 1416
3062 1437
3072 1416
3073 1498
3089 1437
3098 1416
3095 1437
3106 1403
3107 1453
2842 1453
3108 1416
3144 1453
3148 1473
3156 1416
3168 1453
3175 1453
3192 1453
3206 1437
3207 1437
3352 1453
3381 1403
3390 1473
3449 1473
3452 1403
3452 1473
3453 1473
3456 1498
3457 1498
3458 1473
3462 1473
3478 1473
3488 1473
3498 1473
3527 1403
3527 1453
3541 1453
3568 1453
3569 1453
3593 1403
3614 1473
3615 1453
3624 1473
3635 1453
3636 1453
3642 1473
3642 1493
3643 1473
3647 1453
3660 1453
3661 1453
3666 1453
3682 1453
3692 1473
3691 1473
3724 1453
3571 1403
3571 1453
3728 1453
3728 1473
3770 1403
3786 1453
3806 1473
3842 1453
3854 1473
3923 1453
3924 1453
3925 1453
3960 1473
3969 1403
3985 1498
4040 1403
4045 1403
4045 1473
4046 1403
4071 1473
4200 1498
4266 1473
4276 1473
4338 1473
4451 1473
4483 1498
4488 1498
4632 1473
4632 1498
4681 1498
4709 1473
4739 1473
4824 1473
4843 1473
4948 1473
4948 1498
4967 1403
4967 1473
5002 1403
5022 1493
5079 1473
5090 1403
5106 1403
5102 1403
5103 1498
5104 1473
5140 1493
4795 1403
4795 1498
5176 1473
4310 1403
4310 1473
5179 1473
5180 1473
5187 1473
5188 1473
5189 1498
5191 1473
5262 1473
5263 1473
5276 1498
5313 1473
5472 1473
5485 1473
5489 1473
5524 1403
5524 1498
5531 1403
5531 1473
5552 1473
5600 1473
5606 1473
5616 1403
5616 1473
5714 1473
5763 1473
5764 1473
5765 1473
5772 1493
5796 1498
5800 1403
5800 1498
5802 1403
5802 1498
5811 1403
5814 1403
5819 1493
5857 1403
5859 1493
6006 1498
6032 1403
6072 1498
6241 1403
6272 1403
6280 1403
6299 1493
6305 1493
6327 1403
6486 1403
6518 1403
6522 1493
6460 1498
6550 1498
6563 1493
6596 1498
6598 1403
6619 1403
6615 1403
6624 1403
6624 1498
6665 1498
6702 1403
6714 1403
6751 1493
6726 1493
6758 1498
6620 1403
6906 1403
6907 1403
6907 1498
6916 1403
6924 1498
6951 1498
6971 1403
7052 1403
7045 1498
7047 1498
7055 1498
7057 1498
7086 1403
7086 1498
7092 1403
7104 1403
6994 1403
7188 1403
7222 1403
5143 1403
7240 1403
7241 1403
7578 1498
7650 1498
7675 1498
7768 1498
7774 1498
7882 1498
7902 1498
7980 1498
