15 7871
71 7809
99 7803
68 7839
109 7809
109 7810
110 7855
110 7862
113 7809
113 7839
173 7809
173 7813
311 7809
311 7833
311 7839
311 7855
371 7809
395 7890
432 7813
432 7862
457 7810
457 7833
457 7835
457 7860
646 7862
663 7809
695 7809
737 7803
737 7819
737 7839
737 7874
742 7803
742 7809
697 7809
763 7813
763 7862
766 7809
766 7813
766 7855
766 7860
766 7862
766 7871
766 7879
766 7882
766 7890
762 7809
791 7899
805 7862
825 7809
825 7839
854 7890
856 7803
968 7890
988 7810
988 7835
1051 7890
1098 7810
1098 7819
1098 7833
1098 7839
1098 7874
1098 7879
1133 7833
1133 7890
1142 7839
1151 7809
1151 7813
1151 7835
1151 7855
1151 7862
1151 7871
1151 7879
1151 7882
1151 7890
1164 7809
1166 7803
1166 7809
1166 7839
1200 7879
1215 7835
1285 7839
1374 7803
1374 7809
1374 7813
1374 7839
1374 7855
1374 7860
1374 7862
1374 7871
1374 7879
1374 7882
1374 7890
1385 7890
1471 7855
1473 7890
1496 7839
1496 7890
1539 7855
1542 7809
1542 7855
1542 7862
1565 7862
1608 7882
1612 7803
1612 7810
1613 7839
1644 7839
1658 7871
1691 7862
1691 7871
1701 7855
1720 7860
1748 7809
1748 7890
1789 7833
1789 7871
1799 7809
1982 7839
2010 7803
2110 7890
2120 7839
2192 7803
2196 7890
2226 7890
2258 7810
2276 7839
2369 7810
2369 7839
2369 7855
2369 7860
2369 7862
2369 7871
2410 7839
2485 7809
2485 7833
2485 7855
2485 7862
2485 7890
2504 7839
2506 7860
2523 7890
2549 7803
2560 7803
2560 7809
2560 7813
2565 7803
2565 7809
2565 7810
2565 7813
2565 7819
2565 7833
2565 7835
2565 7839
2565 7855
2565 7857
2565 7860
2565 7862
2565 7871
2565 7879
2565 7882
2565 7890
2576 7809
2576 7871
2576 7882
2619 7809
2658 7810
2658 7813
2658 7835
2658 7855
2658 7860
2658 7862
2658 7871
2658 7879
2658 7882
2658 7890
2658 7899
2660 7809
2660 7855
2689 7874
2694 7862
2851 7871
2907 7809
2983 7810
2983 7833
3021 7890
3057 7833
3057 7890
3084 7803
3084 7809
3088 7810
3088 7879
3092 7855
2003 7860
3142 7810
3227 7810
3227 7862
3238 7809
3238 7839
3238 7855
3274 7809
3297 7860
3348 7809
3380 7809
3381 7899
3404 7833
3447 7813
3447 7833
3458 7855
3459 7809
3460 7855
3460 7879
2524 7803
3498 7882
3499 7803
3545 7890
3554 7839
3586 7809
3586 7835
3586 7874
3642 7809
3642 7839
3691 7809
3571 7809
3728 7855
3787 7810
3787 7899
3813 7839
3965 7809
3969 7833
3982 7809
3985 7855
4036 7860
4040 7809
4040 7871
4046 7890
4110 7803
4151 7862
4162 7871
4347 7879
4353 7809
4437 7839
4441 7803
4441 7809
4441 7810
4441 7813
4441 7855
4441 7862
4441 7879
4441 7882
4441 7890
4447 7862
4451 7862
4485 7809
4483 7809
4483 7833
4483 7862
4483 7890
4488 7833
4534 7879
4574 7839
4598 7839
4632 7803
4632 7809
4632 7810
4632 7813
4632 7833
4632 7839
4632 7855
4632 7871
4632 7882
4661 7855
4661 7882
4666 7860
4709 7871
4709 7874
4709 7890
4786 7879
4788 7857
4788 7879
4789 7879
4792 7809
4792 7899
4884 7882
4889 7809
4899 7809
4899 7810
4899 7860
4899 7890
4944 7839
4948 7810
4948 7833
4948 7855
4948 7860
4948 7862
4948 7871
4948 7882
4948 7890
4974 7803
4981 7833
4981 7862
4981 7879
4981 7882
4983 7860
4983 7862
4994 7803
4994 7809
4994 7813
5002 7809
5010 7857
5016 7890
5028 7809
5037 7871
5051 7855
5051 7862
5051 7890
5053 7871
5053 7890
5079 7810
5079 7839
5096 7833
5106 7803
5103 7810
5103 7813
5103 7835
5103 7862
5103 7890
4828 7899
5123 7809
5123 7860
5140 7810
5172 7871
5173 7810
5173 7839
4795 7809
4795 7839
4795 7860
4310 7813
5179 7839
5188 7835
5189 7809
5189 7813
5199 7809
5201 7855
5233 7862
5233 7890
5254 7835
5254 7890
5295 7809
5295 7839
5342 7809
5391 7809
5423 7809
5445 7803
5445 7860
5446 7809
5472 7809
5479 7809
5487 7839
5489 7890
5524 7809
5524 7810
5524 7833
5524 7835
5524 7839
5524 7855
5524 7860
5524 7862
5524 7871
5524 7874
5524 7879
5524 7882
5524 7890
5524 7899
5553 7813
5563 7882
5605 7862
5655 7839
5697 7810
5702 7855
5775 7813
5775 7835
5775 7855
5775 7862
5775 7871
5775 7874
5775 7882
5775 7890
5773 7839
5773 7855
5773 7890
5796 7871
5800 7809
5800 7810
5800 7833
5800 7874
5800 7882
5802 7809
5802 7813
5802 7819
5802 7839
5802 7855
5802 7860
5802 7862
5802 7879
5802 7882
5802 7890
5806 7809
5806 7857
5806 7882
5804 7862
5804 7874
5810 7809
5814 7809
5814 7833
5814 7835
5814 7857
5814 7860
5814 7874
5816 7809
5819 7833
5820 7809
5820 7839
5822 7809
5822 7813
5822 7833
5822 7835
3788 7809
5590 7879
5896 7803
5908 7810
5915 7803
5915 7809
5915 7813
5915 7819
5915 7839
5915 7855
5915 7862
5915 7871
5915 7882
5915 7890
5922 7860
5927 7882
5940 7890
5952 7839
5969 7835
5998 7833
5998 7839
5998 7871
5998 7890
5999 7803
6006 7803
6006 7810
6013 7890
4409 7890
6015 7890
6016 7833
6032 7833
6032 7839
6029 7890
6043 7839
6071 7803
6072 7833
6072 7890
6068 7879
6174 7839
6212 7835
6218 7809
6218 7835
6221 7809
6221 7839
6241 7819
6241 7855
6243 7809
6252 7813
6272 7839
6272 7882
6274 7835
6305 7810
6305 7860
6305 7874
6320 7809
6323 7839
6347 7862
6383 7855
6414 7839
6414 7874
6422 7809
6443 7833
6443 7890
6445 7855
6458 7855
6484 7890
6494 7833
6494 7871
6494 7890
6502 7879
6510 7835
6523 7839
6460 7803
6460 7809
6460 7835
6460 7857
6538 7819
6536 7879
6555 7809
5273 7839
6560 7813
6560 7833
6563 7809
6563 7839
6563 7840
6552 7809
6596 7803
6596 7809
6596 7810
6596 7833
6596 7835
6596 7839
6596 7855
6596 7862
6596 7871
6596 7879
6596 7882
6596 7890
6598 7855
6618 7810
6618 7833
6624 7803
6624 7809
6624 7813
6624 7839
6624 7855
6624 7860
6624 7862
6624 7871
6624 7882
6624 7890
6657 7840
6772 7835
6772 7862
6774 7810
6780 7813
6780 7890
6895 7809
6914 7803
6914 7810
6914 7833
6914 7862
6914 7890
6907 7803
6907 7809
6907 7813
6907 7835
6907 7860
6907 7874
6907 7879
6907 7882
6924 7840
6934 7803
6941 7809
6941 7810
6941 7819
6941 7833
5529 7803
5529 7809
5529 7813
5529 7860
5529 7890
6951 7810
6951 7819
6951 7839
6951 7881
6951 7899
6976 7839
6976 7871
6976 7890
6993 7803
6993 7809
6993 7810
6993 7813
6993 7835
6993 7855
6993 7862
6993 7871
6993 7879
6993 7882
6993 7890
6993 7899
7019 7862
7021 7813
7043 7833
7044 7803
7052 7835
7052 7855
7052 7862
7052 7871
7052 7879
7052 7890
7045 7882
7054 7809
7047 7803
7047 7809
7047 7810
7047 7813
7047 7833
7047 7835
7047 7839
7047 7855
7047 7860
7047 7862
7047 7871
7047 7874
7047 7879
7047 7882
7047 7890
7055 7809
7055 7813
7055 7835
7055 7871
7055 7882
7056 7803
7056 7809
7056 7839
7049 7803
7049 7809
7049 7855
7049 7862
7049 7871
7057 7809
7057 7810
7057 7833
7057 7839
7080 7813
7080 7871
7080 7879
7080 7882
6946 7809
6946 7857
7086 7810
7086 7833
7086 7835
7086 7855
7086 7860
7086 7882
7092 7809
7092 7833
7092 7835
7092 7890
5015 7810
7120 7809
7131 7809
7131 7833
7131 7871
7132 7809
7225 7835
7231 7809
7231 7813
7231 7855
7231 7862
7231 7871
7231 7879
7231 7882
7231 7890
7233 7809
7233 7860
7238 7833
7253 7871
7280 7809
7280 7813
7280 7833
7301 7833
7301 7871
7301 7890
7171 7809
7281 7809
7335 7833
7343 7809
7350 7809
7352 7809
7378 7803
7378 7813
7387 7809
7386 7803
7386 7809
7386 7813
7386 7833
7386 7857
7386 7882
7390 7809
7391 7809
7391 7835
7391 7862
7405 7835
7409 7839
7393 7840
7443 7809
7443 7882
7449 7839
7180 7803
4532 7862
7511 7810
7511 7813
7511 7890
7544 7813
7564 7860
7578 7833
7578 7855
7586 7809
7598 7809
7598 7862
7598 7890
7609 7839
7614 7809
7614 7819
7614 7874
7614 7879
7625 7803
7050 7839
7659 7855
7665 7810
7679 7809
7679 7813
7679 7855
7682 7839
7682 7862
7682 7874
7682 7881
7691 7835
7691 7855
7691 7862
7691 7871
7696 7810
7697 7803
7697 7809
7726 7809
7727 7835
7727 7871
7733 7809
7733 7810
7733 7833
7733 7839
7733 7862
7738 7839
7744 7803
7744 7809
7744 7810
7744 7890
7747 7809
7755 7803
7766 7803
7766 7809
7766 7855
7766 7862
7766 7871
7768 7879
7768 7882
7768 7890
7769 7871
7769 7879
7769 7882
7769 7890
7772 7833
7774 7860
7779 7835
7780 7803
7790 7803
7792 7835
7800 7803
7804 7803
7801 7803
7805 7803
7802 7803
7808 7809
7812 7839
7812 7890
7812 7899
7818 7819
7818 7871
7818 7874
7829 7879
7833 7890
7837 7839
7853 7855
7854 7855
7856 7835
7862 7860
7860 7862
7865 7835
7865 7882
7867 7871
7868 7871
7870 7871
7874 7890
7877 7879
7878 7879
7885 7882
7883 7882
7884 7882
7886 7890
7887 7890
7888 7890
7889 7890
7900 7860
7901 7860
7954 7835
7955 7835
7956 7835
7967 7810
7980 7860
8012 7860
8036 7810
8036 7860
8046 7810
8047 7810
8047 7833
8053 7810
8055 7860
8056 7860
8057 7860
8107 7833
8156 7810
8211 7810
8050 7833
7637 7833
8270 7833
8271 7833
