6 1610
6 1619
6 1641
6 1648
6 1652
6 1654
6 1657
6 1662
6 1669
6 1679
6 1689
6 1692
9 1618
9 1652
11 1608
11 1610
11 1613
11 1619
11 1621
11 1622
11 1628
11 1629
11 1633
11 1637
11 1638
11 1641
11 1646
11 1648
11 1649
11 1652
11 1653
11 1654
11 1657
11 1658
11 1661
11 1662
11 1669
11 1672
11 1679
11 1680
11 1687
11 1688
11 1689
11 1692
11 1697
12 1629
12 1638
16 1672
20 1604
20 1680
20 1692
23 1638
24 1608
24 1622
24 1633
24 1641
24 1646
24 1658
24 1669
24 1697
28 1604
28 1608
28 1638
36 1608
36 1621
42 1604
47 1603
58 1697
59 1604
59 1633
72 1621
72 1622
72 1637
78 1652
78 1654
78 1662
86 1672
71 1636
87 1604
89 1612
90 1628
90 1637
90 1638
103 1669
68 1633
68 1637
68 1646
68 1680
68 1688
109 1622
109 1628
109 1679
122 1637
122 1653
113 1633
128 1613
128 1669
132 1633
136 1622
136 1633
142 1648
142 1661
147 1678
145 1633
151 1633
151 1638
151 1648
151 1649
151 1652
151 1654
151 1661
151 1662
154 1628
161 1633
171 1619
171 1638
171 1689
171 1692
172 1633
172 1679
173 1603
173 1604
173 1613
173 1618
173 1619
173 1621
173 1628
173 1629
173 1633
173 1638
173 1641
173 1649
173 1652
173 1654
173 1658
173 1661
173 1662
173 1672
173 1689
173 1692
173 1697
74 1633
176 1603
180 1622
185 1679
187 1638
199 1603
199 1633
199 1662
204 1608
215 1608
215 1610
215 1628
224 1633
230 1610
236 1679
237 1646
254 1612
259 1652
269 1661
280 1608
282 1603
282 1633
290 1622
249 1638
249 1648
249 1652
249 1654
304 1622
304 1652
304 1654
304 1662
306 1633
306 1646
308 1604
308 1622
308 1654
308 1661
308 1672
310 1603
310 1619
310 1633
310 1641
310 1646
310 1649
310 1672
311 1603
311 1608
311 1618
311 1622
311 1633
311 1638
311 1641
311 1649
311 1658
311 1697
312 1603
312 1604
312 1619
312 1638
312 1641
312 1648
312 1649
312 1654
312 1661
312 1672
312 1692
317 1603
317 1622
317 1641
317 1661
319 1622
319 1669
319 1680
319 1697
336 1633
371 1633
374 1652
376 1633
383 1646
406 1648
406 1661
407 1622
407 1629
407 1633
407 1641
407 1648
407 1652
407 1654
407 1658
407 1661
407 1662
325 1688
432 1608
432 1621
432 1622
432 1628
432 1648
432 1661
432 1669
457 1600
457 1604
457 1622
457 1628
457 1633
457 1638
457 1648
457 1654
457 1658
457 1679
457 1680
546 1621
546 1658
546 1680
546 1697
560 1638
575 1662
582 1688
584 1600
584 1638
600 1633
600 1661
613 1638
634 1688
634 1689
635 1621
650 1608
663 1603
663 1661
663 1688
686 1600
686 1603
686 1658
689 1613
691 1622
695 1603
695 1638
695 1657
695 1687
704 1603
704 1633
706 1636
706 1649
706 1652
706 1654
706 1661
706 1662
706 1669
706 1672
706 1680
707 1600
707 1603
707 1608
707 1621
707 1661
707 1662
710 1633
710 1648
712 1603
712 1604
712 1622
712 1697
715 1637
722 1603
722 1612
722 1633
722 1637
722 1641
722 1646
722 1669
697 1636
749 1629
749 1637
759 1697
763 1633
766 1608
766 1621
766 1622
766 1633
766 1646
766 1653
766 1680
766 1688
762 1697
769 1604
769 1629
769 1633
769 1637
769 1652
771 1641
784 1610
784 1622
784 1633
784 1652
784 1654
784 1662
784 1679
784 1688
789 1633
789 1638
789 1646
789 1653
789 1657
789 1658
789 1678
789 1680
791 1633
794 1633
794 1638
795 1603
795 1653
795 1692
798 1648
805 1603
805 1604
805 1628
805 1633
805 1658
810 1679
813 1603
813 1608
813 1646
813 1653
813 1658
813 1661
816 1648
816 1697
826 1600
826 1604
826 1613
826 1618
826 1619
826 1622
826 1633
826 1636
826 1638
826 1641
826 1653
826 1661
826 1672
826 1679
826 1680
826 1687
825 1680
836 1621
841 1653
841 1680
844 1629
842 1688
854 1637
854 1672
854 1679
856 1679
852 1638
852 1649
852 1654
852 1692
861 1608
869 1654
870 1603
870 1641
870 1654
870 1687
871 1612
871 1633
904 1610
904 1629
904 1633
904 1649
904 1678
918 1633
920 1669
928 1687
937 1621
941 1621
941 1622
943 1622
943 1633
946 1633
946 1653
947 1679
954 1669
956 1613
960 1633
933 1697
971 1603
978 1641
978 1661
978 1680
981 1603
986 1679
988 1608
988 1633
988 1679
988 1688
993 1603
993 1608
993 1621
993 1622
993 1629
993 1633
993 1637
993 1641
993 1646
993 1661
993 1679
993 1689
993 1697
994 1633
996 1608
996 1613
996 1621
996 1633
996 1637
996 1638
996 1646
996 1648
996 1653
996 1678
998 1603
998 1652
998 1654
998 1661
998 1662
1000 1600
1006 1600
1006 1603
1006 1610
1006 1613
1024 1637
1024 1641
1029 1654
1029 1661
1029 1662
1029 1679
1031 1621
1032 1603
1032 1622
1032 1658
1032 1680
1034 1603
1037 1613
1037 1622
1037 1633
1037 1648
1038 1618
1043 1658
1051 1629
1051 1633
1051 1662
1051 1680
1055 1622
1055 1633
1055 1638
1055 1648
1055 1649
1055 1652
1055 1654
1055 1661
1055 1662
1055 1679
1055 1687
1062 1621
1062 1633
1062 1658
1062 1688
1063 1603
1064 1654
1064 1680
872 1648
872 1653
872 1654
872 1662
872 1672
872 1689
1075 1622
1097 1633
1097 1637
1098 1608
1098 1613
1098 1633
1098 1646
1098 1653
1432 1697
1128 1641
1127 1604
1127 1610
1127 1621
1127 1633
1127 1652
1127 1653
1127 1658
1127 1662
1127 1672
1129 1618
1129 1622
1129 1689
1132 1637
1133 1619
1133 1622
1133 1661
1133 1679
1133 1680
1133 1688
1135 1646
1135 1664
1137 1608
1137 1637
1137 1646
1142 1603
1142 1689
1143 1621
1150 1622
1151 1603
1151 1608
1151 1613
1151 1621
1151 1622
1151 1633
1151 1646
1151 1680
1151 1697
922 1610
922 1618
922 1621
922 1622
922 1633
922 1654
922 1661
922 1687
1164 1653
1164 1658
1165 1679
1166 1622
1166 1633
1166 1637
1166 1653
1166 1678
1166 1679
1166 1680
1166 1688
1166 1697
1167 1600
1167 1603
1167 1608
1167 1612
1167 1618
1167 1633
1167 1641
1167 1661
1167 1678
1169 1633
1183 1653
1185 1633
1185 1648
1185 1662
1193 1661
1193 1669
1200 1633
1200 1637
1200 1679
1201 1603
1202 1604
1202 1608
1202 1622
1202 1661
1202 1697
1203 1633
1203 1679
1203 1692
1203 1697
1204 1618
1204 1633
1204 1648
1204 1662
1204 1679
1207 1633
1207 1652
1207 1662
1207 1680
1210 1608
1210 1658
1210 1678
1211 1648
1211 1661
1211 1678
1211 1680
1215 1621
1215 1633
1221 1603
1221 1608
1221 1688
1230 1621
1236 1600
1236 1603
1236 1610
1236 1618
1236 1622
1236 1633
1236 1641
1236 1661
1241 1618
1241 1633
1241 1661
1247 1633
1247 1662
1248 1649
1253 1600
1253 1610
1253 1636
1253 1652
1253 1679
1259 1633
1267 1608
1267 1672
1278 1618
1278 1622
1278 1633
1278 1648
1279 1608
1279 1610
1279 1618
1279 1619
1279 1629
1279 1633
1279 1638
1279 1641
1279 1649
1279 1652
1279 1654
1279 1661
1279 1662
1279 1672
1286 1688
1284 1688
1284 1697
1285 1688
1297 1633
1297 1679
1305 1600
1305 1603
1305 1604
1305 1608
1305 1633
1305 1637
1305 1646
1305 1648
1305 1653
1305 1679
1319 1603
1319 1604
1319 1608
1319 1618
1319 1622
1319 1628
1319 1633
1319 1638
1319 1641
1319 1648
1319 1654
1319 1658
1319 1678
1319 1680
1319 1697
1322 1633
1329 1633
1329 1638
1335 1610
1335 1618
1335 1628
1335 1638
1335 1672
1335 1680
1350 1608
1350 1610
1350 1619
1350 1621
1350 1622
1350 1628
1350 1633
1350 1638
1350 1649
1350 1652
1350 1657
1350 1658
1350 1661
1350 1662
1350 1672
1350 1678
1350 1680
1352 1603
1352 1608
1352 1618
1352 1622
1352 1628
1352 1629
1352 1638
1352 1649
1352 1658
1352 1661
1352 1679
1352 1697
1356 1638
1357 1603
1357 1604
1357 1619
1357 1622
1357 1641
1357 1649
1357 1661
1357 1672
1357 1679
1367 1679
1368 1622
1374 1633
1374 1637
1374 1646
1374 1648
1374 1653
1374 1679
1374 1680
1377 1652
1377 1661
1380 1621
1380 1638
1381 1610
1381 1613
1381 1622
1381 1662
1381 1688
1386 1622
1386 1641
1386 1649
1390 1679
1395 1603
1395 1604
1395 1608
1395 1613
1395 1618
1395 1621
1395 1628
1395 1641
1395 1669
1395 1697
1400 1633
1416 1633
1420 1633
1420 1638
1420 1654
1423 1648
1424 1600
1424 1603
1424 1608
1424 1618
1424 1622
1428 1613
1428 1619
1428 1622
1428 1628
1428 1629
1428 1633
1428 1636
1428 1648
1428 1649
1428 1654
1428 1661
1428 1662
1428 1672
1428 1679
1428 1680
1428 1697
1441 1610
1441 1612
1441 1638
1441 1662
1447 1618
1447 1641
1451 1618
1462 1633
1463 1653
1466 1633
1469 1603
1469 1608
1469 1672
1470 1603
1470 1622
1470 1641
1470 1658
1470 1661
1471 1603
1471 1612
1471 1628
1471 1636
1471 1641
1471 1661
1471 1672
1473 1608
1473 1646
1473 1679
1473 1688
1473 1692
1473 1697
1480 1622
1480 1628
1480 1633
1480 1658
1482 1621
1482 1622
1482 1697
1483 1633
1483 1649
1487 1610
1487 1618
1487 1619
1487 1622
1487 1629
1487 1633
1487 1638
1487 1641
1487 1648
1487 1654
1487 1658
1487 1661
1487 1662
1487 1669
1487 1672
1487 1679
1487 1689
1487 1692
1489 1600
1489 1608
1489 1621
1489 1622
1489 1653
1489 1657
1489 1662
1489 1680
1492 1600
1492 1603
1492 1618
1492 1619
1492 1621
1492 1622
1492 1633
1492 1641
1492 1649
1492 1652
1492 1654
1492 1658
1492 1661
1492 1689
1492 1692
1496 1603
1496 1610
1496 1618
1496 1621
1496 1622
1496 1633
1496 1646
1496 1648
1496 1653
1496 1654
1496 1658
1496 1697
1499 1612
1499 1658
1500 1612
1501 1633
1501 1687
1506 1649
1506 1652
1506 1654
1506 1662
1506 1672
1506 1679
1506 1680
1503 1638
1504 1633
1521 1608
1521 1621
1521 1633
1521 1679
1522 1628
1522 1637
1522 1688
1524 1692
1525 1628
1525 1633
1525 1649
1525 1652
1525 1654
1525 1669
1538 1610
1538 1618
1538 1622
1538 1697
1535 1604
1537 1622
1542 1608
1542 1628
1542 1648
1552 1628
1552 1633
1552 1646
1553 1600
1553 1608
1553 1680
1549 1603
1549 1608
1549 1613
1549 1618
1549 1619
1549 1621
1549 1622
1549 1628
1549 1633
1549 1641
1549 1646
1549 1648
1549 1653
1549 1658
1549 1661
1549 1672
1549 1678
1549 1679
1549 1680
1549 1688
1549 1697
1555 1608
1555 1622
1555 1629
1555 1633
1555 1636
1555 1641
1555 1658
1555 1672
1555 1679
1555 1689
1555 1692
1555 1697
1566 1628
1582 1654
1582 1679
1583 1600
1583 1604
1583 1608
1583 1619
1583 1621
1583 1633
1583 1637
1585 1618
1585 1622
1585 1641
1585 1646
1585 1654
1585 1661
1585 1672
1585 1679
1585 1697
1589 1600
1589 1603
1589 1612
1589 1638
1589 1679
1594 1610
1594 1619
1594 1622
1594 1628
1594 1629
1594 1638
1594 1641
1594 1649
1594 1652
1594 1654
1594 1658
1594 1661
1594 1662
1594 1669
1594 1689
1594 1692
1594 1697
1596 1633
1599 1600
1571 1603
1571 1621
1571 1638
1571 1652
1571 1661
1601 1603
1602 1603
1604 1603
1605 1654
1605 1657
1607 1661
1608 1604
1608 1610
1608 1612
1608 1613
1608 1619
1608 1621
1608 1622
1608 1628
1608 1629
1608 1633
1608 1641
1608 1648
1608 1649
1608 1654
1608 1662
1608 1669
1608 1672
1608 1678
1608 1687
1608 1689
1608 1692
1610 1641
1613 1610
1614 1621
1614 1622
1614 1628
1614 1669
1615 1618
1615 1619
1615 1622
1615 1628
1615 1633
1615 1636
1615 1638
1615 1641
1615 1648
1615 1649
1615 1652
1615 1654
1615 1657
1615 1658
1615 1661
1615 1662
1615 1669
1615 1672
1615 1679
1615 1680
1615 1689
1615 1697
1617 1618
1621 1622
1621 1697
1628 1629
1628 1669
1630 1633
1631 1610
1631 1633
1632 1633
1632 1661
1638 1637
1638 1661
1637 1638
1639 1621
1639 1637
1639 1638
1644 1661
1645 1648
1646 1648
1651 1652
1653 1654
1658 1661
1658 1697
1659 1661
1660 1661
1564 1622
1564 1679
1564 1687
1667 1628
1667 1669
1667 1680
1668 1669
1670 1646
1683 1641
1685 1641
1684 1641
1684 1653
1690 1692
1691 1622
1691 1692
1693 1610
1701 1621
1701 1648
1696 1622
1697 1633
1700 1622
1700 1697
1711 1697
1707 1678
1707 1697
1717 1622
1717 1658
1717 1697
1719 1622
1734 1633
1748 1637
1748 1646
1749 1633
1749 1646
1754 1658
1756 1608
1756 1622
1756 1628
1756 1658
1756 1697
1757 1628
1763 1687
1767 1628
1769 1680
1772 1621
1772 1622
1772 1637
1772 1646
1783 1621
1789 1658
1795 1633
1799 1628
1800 1628
1811 1633
1811 1648
1803 1613
1808 1608
1808 1621
1808 1622
1808 1680
1813 1688
1820 1621
1820 1633
1820 1646
1820 1653
1821 1633
1836 1608
1836 1622
1838 1622
1855 1622
1855 1697
1868 1613
1886 1697
1888 1613
1888 1646
1891 1633
1891 1678
1914 1658
1915 1658
1916 1658
1917 1658
1919 1608
1919 1613
1919 1622
1919 1697
1922 1633
1922 1679
1925 1633
1948 1608
1948 1621
1962 1622
1962 1697
1972 1633
1977 1608
1977 1621
1952 1622
1980 1622
1985 1621
1985 1622
1985 1633
1988 1622
1989 1622
1990 1622
1991 1622
1991 1633
1991 1637
1991 1646
1991 1653
1992 1622
1993 1622
1997 1608
1997 1613
1997 1621
1997 1697
1794 1633
2049 1697
2050 1697
2051 1697
2052 1697
2061 1646
2062 1613
2062 1621
2062 1633
2062 1678
2065 1633
2069 1608
2072 1608
2072 1621
2072 1637
2072 1646
2072 1653
2085 1608
2093 1608
2102 1633
2111 1688
2118 1633
2118 1646
2120 1608
2120 1621
2130 1646
2133 1608
2133 1621
2133 1637
2133 1646
2133 1653
2135 1633
2145 1608
2145 1637
2145 1653
2145 1679
2156 1608
2156 1621
2156 1678
2169 1621
2171 1679
2172 1608
2174 1621
2206 1608
2209 1633
2209 1646
2209 1653
2221 1613
2222 1613
2223 1613
2230 1608
2230 1633
2231 1608
2231 1637
2229 1679
2233 1608
2236 1679
2237 1633
2237 1637
2237 1688
2241 1621
2240 1608
2240 1633
2249 1608
2251 1679
2256 1608
2256 1637
2256 1646
2256 1653
2258 1648
2264 1653
2274 1608
2280 1664
2286 1621
2285 1633
2285 1679
2297 1633
2322 1621
2323 1633
2326 1621
2326 1633
2326 1688
2328 1608
2328 1621
2328 1637
2328 1646
2328 1653
2272 1633
2272 1653
2359 1621
2360 1621
2364 1679
2375 1608
2375 1637
2375 1653
2375 1688
2381 1680
2379 1688
2387 1648
2387 1680
2407 1608
2411 1633
2411 1680
2416 1633
2427 1608
2435 1633
2435 1637
2435 1646
2462 1608
2472 1637
2473 1637
2473 1646
2473 1653
2473 1688
2480 1608
2481 1608
2482 1608
2485 1637
2485 1648
2485 1688
2488 1633
2507 1633
2507 1646
2510 1633
2510 1648
2510 1653
2542 1637
2546 1633
2547 1679
2549 1648
899 1637
899 1646
899 1653
2555 1653
2557 1637
2557 1646
2565 1633
2565 1637
2565 1646
2565 1653
2565 1679
2565 1680
2565 1688
2576 1633
2576 1679
2576 1680
2576 1688
2578 1646
2578 1653
2596 1646
2474 1646
2605 1688
2617 1646
2617 1653
2623 1633
2647 1646
2651 1688
2653 1688
2658 1680
2658 1688
2700 1633
2700 1679
2701 1633
2686 1679
2686 1688
2687 1633
2702 1633
2702 1680
2703 1633
2703 1679
2688 1633
2688 1648
2688 1679
2688 1680
2688 1688
2660 1633
2690 1679
2692 1633
2693 1633
2696 1688
2697 1633
2698 1633
2719 1637
2740 1637
2740 1646
2740 1653
2744 1637
2748 1637
2749 1637
2757 1653
2764 1646
2765 1646
2766 1646
2767 1646
2768 1646
2775 1633
2790 1633
2815 1633
2819 1633
2654 1679
2758 1679
2838 1633
2871 1679
2871 1680
2871 1688
2872 1679
2900 1633
2903 1679
2932 1648
2932 1688
2939 1633
2940 1633
2953 1688
2967 1688
2968 1633
2968 1679
2972 1680
2972 1688
2999 1633
3000 1633
3010 1633
2707 1633
2707 1679
3020 1633
3020 1679
3026 1633
3026 1688
3028 1633
3028 1679
3031 1633
3032 1680
2713 1633
2713 1679
3039 1633
3046 1633
3053 1633
3055 1633
3081 1633
3098 1679
3095 1679
3103 1688
2842 1633
2842 1679
2003 1633
2003 1679
3123 1679
3144 1633
3144 1679
3144 1688
3145 1688
3180 1633
3189 1633
3209 1679
3225 1633
3238 1688
3258 1688
3271 1688
3278 1633
3279 1679
3291 1633
3291 1679
3292 1679
3294 1679
3297 1633
3304 1633
3290 1688
3326 1688
3338 1633
3345 1633
3352 1633
3352 1680
3352 1688
3379 1633
3388 1633
3389 1633
3391 1633
3392 1633
3393 1633
3394 1633
3394 1688
3402 1688
3404 1688
3417 1688
3447 1688
3448 1688
3449 1648
3449 1680
3449 1688
3450 1688
3452 1688
3453 1680
3453 1688
3454 1688
3455 1680
3456 1688
3457 1688
3463 1688
2524 1688
3556 1680
3568 1688
3614 1648
3615 1688
3641 1680
3641 1688
3642 1648
3665 1680
3666 1648
3666 1680
3571 1688
3748 1688
3787 1680
3796 1648
3796 1688
3798 1688
3854 1688
3919 1680
3965 1688
3969 1680
3976 1648
4013 1680
4036 1648
4040 1688
4044 1688
4045 1648
4045 1680
4045 1688
4065 1688
4070 1648
4070 1680
4142 1688
4144 1680
4150 1680
4151 1688
4152 1688
4219 1680
4222 1648
4222 1688
4261 1688
4315 1680
4379 1688
4429 1688
4433 1688
4468 1688
4483 1648
4509 1688
4535 1688
4545 1688
4547 1688
4487 1680
4632 1680
4653 1680
4686 1680
4718 1680
4726 1680
4756 1680
4818 1680
4824 1648
4829 1680
4859 1680
4899 1648
4899 1680
4909 1648
4948 1680
4966 1680
4967 1648
5002 1680
5006 1680
5020 1680
5079 1680
5106 1680
5110 1680
5155 1680
5177 1648
5180 1648
5187 1648
5188 1648
5190 1648
5195 1680
5233 1680
5232 1680
5321 1648
5606 1648
5691 1648
5697 1648
5787 1648
5819 1648
5824 1648
