6 1007
6 1014
6 1022
6 1026
6 1032
6 1035
6 1043
6 1055
6 1062
8 1092
9 1049
11 1000
11 1006
11 1012
11 1018
11 1022
11 1031
11 1032
11 1034
11 1035
11 1049
11 1055
11 1061
11 1062
11 1075
11 1080
11 1092
11 1097
12 1014
14 1031
14 1053
14 1080
15 1006
20 1034
20 1044
20 1055
20 1062
20 1075
21 1014
21 1049
23 1014
23 1029
23 1039
23 1053
23 1061
24 1018
24 1034
24 1043
24 1053
24 1075
24 1080
28 1014
28 1026
28 1030
28 1077
36 1023
36 1026
36 1038
36 1075
35 1023
35 1026
35 1075
39 1007
42 1024
42 1026
42 1053
42 1075
49 1031
29 1014
29 1026
29 1053
29 1061
29 1080
55 1014
55 1020
55 1030
55 1080
56 1077
59 1000
59 1034
27 1092
66 1012
66 1026
66 1075
72 1007
72 1023
72 1026
72 1031
72 1035
72 1053
72 1062
75 1077
79 1014
79 1020
79 1053
80 1026
86 1007
86 1014
86 1026
71 1014
71 1026
71 1034
87 1022
87 1026
87 1053
87 1055
87 1092
89 1020
89 1026
89 1031
90 1007
94 1053
104 1077
68 1026
109 1018
109 1074
110 1007
110 1014
110 1092
111 1075
122 1026
113 1014
127 1007
127 1014
127 1026
128 1012
142 1014
143 1032
143 1062
143 1075
147 1007
147 1014
147 1026
145 1080
152 1077
154 1053
157 1014
157 1053
157 1055
171 1000
171 1022
171 1035
171 1043
171 1062
172 1012
173 1000
173 1007
173 1022
173 1023
173 1026
173 1031
173 1032
173 1034
173 1035
173 1053
173 1055
173 1061
173 1075
74 1026
74 1053
176 1043
178 1014
180 1026
180 1031
182 1006
182 1007
182 1026
182 1043
182 1092
197 1075
197 1080
201 1023
201 1026
201 1043
203 1075
125 1014
215 1018
226 1014
231 1080
232 1023
237 1034
254 1014
258 1062
259 1075
265 1007
280 1007
280 1012
280 1014
280 1026
280 1043
280 1053
249 1006
304 1014
304 1020
304 1023
304 1026
304 1053
306 1007
306 1018
306 1022
306 1026
306 1032
306 1039
306 1043
308 1022
308 1026
308 1034
308 1038
308 1039
308 1055
308 1062
320 1080
310 1006
310 1014
310 1032
310 1039
310 1061
311 1006
311 1012
311 1014
311 1022
311 1023
311 1026
311 1030
311 1031
311 1034
311 1038
311 1053
311 1055
311 1097
312 1006
312 1007
312 1014
312 1023
312 1030
312 1035
312 1039
312 1043
312 1061
312 1062
313 1026
315 1038
305 1014
317 1007
317 1014
317 1022
317 1023
317 1026
317 1032
317 1039
317 1053
317 1055
317 1062
317 1075
318 1080
319 1023
319 1026
319 1035
319 1038
324 1026
327 1053
328 1026
335 1026
339 1053
339 1080
340 1007
340 1020
341 1007
341 1080
348 1022
356 1043
352 1077
364 1007
371 1023
371 1026
371 1031
371 1032
371 1044
371 1053
376 1023
376 1026
376 1043
387 1053
101 1077
400 1044
405 1030
405 1053
407 1000
407 1014
407 1026
407 1049
325 1031
429 1049
432 1031
432 1039
432 1044
432 1049
432 1055
447 1049
455 1092
457 1000
457 1012
457 1018
457 1022
457 1026
457 1055
457 1061
457 1062
457 1080
458 1053
164 1097
479 1026
499 1080
521 1018
545 1026
546 1026
546 1034
218 1077
552 1026
560 1080
556 1035
556 1044
556 1053
556 1075
583 1026
586 1080
588 1035
590 1026
590 1062
600 1023
600 1026
600 1049
600 1053
600 1075
600 1080
626 1000
633 1020
633 1026
634 1006
634 1044
634 1061
635 1012
635 1014
635 1020
635 1026
635 1035
647 1031
647 1053
637 1014
637 1026
643 1023
643 1026
643 1053
644 1022
649 1007
649 1014
650 1020
650 1026
650 1030
650 1053
663 1007
663 1020
663 1026
663 1043
663 1053
639 1023
639 1026
639 1030
686 1022
686 1032
686 1035
686 1038
686 1039
686 1043
686 1062
686 1080
689 1018
689 1039
691 1043
695 1014
704 1007
704 1026
704 1034
704 1097
705 1007
705 1029
705 1062
706 1014
706 1053
706 1080
707 1007
707 1020
707 1023
707 1026
707 1030
707 1038
707 1039
707 1053
707 1055
707 1061
707 1062
707 1075
708 1031
708 1039
708 1092
710 1026
710 1038
710 1043
710 1044
710 1053
710 1055
710 1062
710 1092
696 1026
715 1006
715 1062
715 1075
722 1018
722 1026
722 1049
722 1053
725 1006
725 1053
730 1022
730 1026
730 1031
730 1035
733 1026
742 1006
742 1007
742 1023
742 1026
742 1038
742 1039
742 1053
697 1007
697 1014
697 1023
697 1026
697 1032
697 1039
697 1062
697 1092
749 1039
321 1023
321 1026
321 1053
759 1014
759 1053
759 1075
759 1080
763 1049
766 1024
766 1026
766 1031
766 1035
766 1049
762 1012
762 1026
762 1029
762 1053
769 1006
769 1018
769 1026
769 1031
769 1034
769 1043
769 1044
769 1049
769 1053
769 1080
788 1012
788 1023
788 1039
788 1053
784 1006
784 1007
784 1014
784 1031
784 1053
784 1080
789 1006
789 1007
789 1014
789 1026
789 1053
789 1061
789 1080
791 1022
791 1053
794 1014
795 1014
795 1023
795 1034
795 1053
796 1031
805 1055
805 1097
808 1043
810 1007
810 1029
813 1018
813 1031
813 1035
813 1049
813 1055
813 1097
334 1014
334 1023
823 1026
826 1049
826 1055
826 1061
825 1026
844 1007
844 1014
844 1026
844 1043
844 1044
844 1053
855 1014
852 1053
861 1026
861 1038
865 1026
865 1030
865 1053
865 1080
865 1092
869 1006
871 1055
871 1062
882 1053
883 1043
896 1053
898 1026
904 1014
904 1031
904 1097
911 1030
911 1039
911 1044
911 1053
911 1080
912 1053
918 1000
918 1075
920 1026
787 1018
926 1030
937 1020
937 1031
937 1053
937 1061
941 1034
941 1062
943 1023
943 1029
943 1035
946 1018
946 1020
946 1031
946 1035
946 1049
946 1062
956 1023
956 1026
956 1031
956 1039
956 1053
957 1023
959 1026
960 1000
960 1034
961 1031
961 1049
933 1014
933 1080
970 1022
971 1006
971 1014
971 1061
978 1012
978 1022
978 1026
978 1029
978 1031
978 1062
978 1080
981 1053
982 1012
982 1035
982 1043
982 1053
986 1035
986 1062
988 1018
988 1049
993 1000
993 1014
993 1022
993 1026
993 1031
993 1035
993 1061
993 1097
994 1007
994 1023
994 1026
994 1039
996 1018
996 1035
996 1049
996 1061
998 1014
998 1053
999 1014
1000 1014
1000 1018
1006 1007
1006 1014
1006 1023
1006 1026
1006 1029
1006 1030
1006 1032
1006 1034
1006 1039
1006 1043
1006 1075
1006 1080
1008 1026
1011 1031
1013 1014
1013 1044
1013 1053
1013 1080
1009 1023
1009 1026
1009 1043
1021 1026
1022 1026
1022 1053
1022 1055
1023 1026
1024 1026
1025 1026
1027 1023
1027 1039
1028 1030
1028 1053
1029 1000
1029 1006
1029 1030
1029 1032
1029 1038
1029 1039
1029 1044
1029 1053
1029 1055
1029 1061
1029 1062
1029 1075
1029 1080
1029 1092
1031 1012
1032 1039
1033 1053
1034 1043
1034 1062
1037 1026
1037 1039
1038 1039
1040 1038
1041 1026
1041 1038
1042 1043
1044 1049
1049 1044
1050 1022
1050 1053
1052 1053
1051 1053
1055 1034
1055 1075
1055 1092
1062 1035
1066 1044
1070 1044
1071 1044
1072 1044
872 1044
1075 1018
1075 1080
1084 1080
1078 1075
1089 1000
1093 1080
1094 1080
1095 1080
1096 1080
1097 1049
1097 1080
1098 1018
1098 1026
1098 1049
1098 1080
1103 1080
1099 1080
1104 1080
1100 1080
1105 1080
1106 1080
1101 1080
1107 1080
1108 1080
1109 1080
1110 1080
1111 1075
1111 1080
1112 1080
1113 1075
1113 1080
1102 1080
1114 1062
1124 1031
1127 1049
1129 1022
1129 1029
1129 1031
1129 1074
1133 1012
1133 1022
1133 1026
1133 1029
1133 1055
1135 1014
1135 1049
1135 1097
1137 1049
1139 1043
1142 1043
1142 1097
1143 1043
1144 1006
1151 1000
1151 1026
1151 1032
1151 1035
1151 1049
1151 1061
1151 1097
1156 1022
922 1000
922 1014
922 1022
922 1029
922 1031
922 1034
922 1035
922 1055
922 1062
1160 1022
1165 1014
1166 1031
1166 1049
1166 1061
1166 1097
1167 1022
1167 1035
1168 1014
1169 1061
1182 1006
1187 1035
1193 1031
1193 1062
1195 1006
1197 1006
1198 1006
1202 1000
1202 1032
1207 1062
1210 1000
1210 1034
1210 1035
1210 1049
1210 1061
1211 1018
1211 1031
1215 1026
1215 1035
1221 1035
1230 1062
1233 1024
1236 1000
1236 1035
1245 1062
1247 1049
1247 1097
1253 1022
1254 1062
1255 1062
1256 1062
1257 1062
1258 1062
1259 1062
1259 1075
1267 1018
1279 1000
1279 1022
1279 1032
1279 1055
1279 1075
1281 1031
1293 1031
1296 1035
1297 1029
1305 1022
1319 1014
1319 1035
1324 1029
1335 1000
1335 1097
1350 1000
1350 1022
1350 1035
1352 1000
1352 1014
1353 1075
1357 1022
1357 1032
1365 1075
1366 1075
1374 1022
1374 1034
1374 1049
1377 1022
1377 1034
1380 1031
1381 1014
1384 1049
1395 1018
1395 1031
1395 1035
1395 1049
1419 1049
1428 1000
1428 1034
1184 1018
1441 1031
1442 1000
1462 1012
1463 1035
1465 1049
1466 1055
1471 1026
1471 1034
1473 1026
1480 1000
1482 1034
1482 1035
1483 1055
1487 1034
1492 1000
1492 1022
1492 1032
1492 1034
1492 1035
1492 1055
1496 1000
1496 1035
1496 1097
1500 1097
1501 1000
1506 1032
1510 1032
1519 1032
1520 1018
1520 1032
1521 1000
1521 1049
1521 1097
1525 1000
1538 1000
1542 1035
1552 1012
1552 1014
1552 1049
1547 1097
1549 1000
1549 1018
1549 1031
1549 1034
1549 1035
1549 1049
1549 1061
1549 1097
1550 1031
1555 1034
1555 1097
1560 1049
1566 1097
1583 1097
1585 1031
1585 1035
1585 1097
1594 1034
1603 1018
1571 1031
1571 1035
1608 1000
1608 1031
1608 1034
1608 1035
1608 1049
1608 1061
1608 1097
1614 1000
1615 1000
1615 1034
1621 1031
1621 1035
1621 1049
1622 1034
1623 1014
1623 1049
1641 1035
1644 1049
1661 1026
1667 1049
1689 1031
1691 1049
1701 1026
1701 1031
1701 1035
1700 1012
1709 1031
1719 1031
1730 1026
1748 1026
1749 1097
1756 1000
1756 1018
1756 1061
1762 1000
1766 1018
1767 1097
1772 1012
1772 1031
1781 1000
1782 1000
1783 1035
1792 1034
1811 1031
1811 1097
1808 1049
1808 1097
1820 1097
1823 1035
1835 1012
1835 1035
1874 1026
1885 1097
1888 1031
1891 1049
1891 1097
1896 1035
1919 1061
1922 1097
1937 1026
1977 1018
1977 1031
1977 1035
1990 1074
1991 1049
1997 1018
1997 1031
1997 1035
1997 1061
1997 1097
1794 1018
2009 1026
2033 1026
2038 1031
2052 1097
2062 1031
2062 1035
2062 1061
2069 1049
2072 1012
2072 1018
2072 1031
2072 1035
2072 1049
2072 1097
2085 1018
2085 1049
2093 1049
2093 1097
2097 1012
2097 1018
2102 1012
2103 1035
2117 1049
2118 1018
2118 1049
2118 1097
2120 1012
2120 1024
2120 1049
2133 1018
2133 1031
2133 1035
2133 1049
2133 1097
2156 1012
2156 1035
2156 1061
2169 1031
2169 1035
2186 1026
2193 1031
2206 1097
2210 1061
2225 1049
2226 1018
2231 1012
2231 1018
2229 1097
2233 1035
2233 1097
2236 1061
2241 1097
2240 1018
2240 1026
2240 1031
2240 1074
2251 1061
2255 1031
2256 1012
2256 1049
2257 1018
2258 1026
2264 1024
2264 1049
2274 1012
2274 1018
2276 1026
2286 1035
2298 1012
2322 1031
2326 1031
2328 1012
2328 1018
2328 1035
2328 1049
2328 1097
2332 1012
2332 1018
2332 1049
2351 1031
2352 1031
2354 1031
2353 1031
2272 1031
2357 1035
2363 1035
2364 1035
2365 1035
2366 1097
2367 1097
2368 1097
2369 1026
2371 1012
2375 1018
2375 1049
2398 1012
2306 1049
2416 1012
2416 1018
2452 1026
2472 1049
2473 1049
2502 1018
2511 1018
2511 1026
2560 1024
2560 1026
2565 1024
2565 1026
2569 1049
2593 1049
2474 1049
2646 1049
2658 1024
2672 1049
2688 1024
2688 1026
2693 1024
2693 1026
2719 1049
2721 1049
2722 1049
2723 1049
2724 1049
2725 1049
2744 1026
2940 1026
2958 1026
3028 1024
3088 1026
3092 1024
3200 1024
3227 1026
3348 1026
3366 1024
3452 1024
3453 1024
3453 1026
3455 1024
3457 1024
3458 1024
3587 1026
3586 1026
3601 1026
3614 1024
3641 1026
3641 1060
3728 1024
3779 1024
3803 1060
3910 1026
4046 1026
4056 1024
4099 1026
4140 1024
4144 1026
4219 1024
4009 1024
4315 1024
4338 1026
4335 1074
4342 1024
4416 1026
4536 1026
4598 1026
4712 1026
4862 1026
4879 1026
4943 1024
4963 1024
4967 1074
4975 1024
4976 1024
2346 1024
5022 1074
5020 1026
5079 1074
5099 1026
5173 1026
5177 1026
5246 1026
5445 1026
5487 1026
5524 1026
5531 1026
5617 1026
5697 1026
5796 1026
5796 1074
5800 1026
5802 1026
5806 1026
5816 1026
5817 1026
5817 1074
5819 1074
5857 1026
5940 1026
5998 1026
6218 1026
6241 1026
6274 1026
6299 1026
6443 1026
850 1026
6552 1026
6595 1026
6648 1026
6714 1026
6916 1026
6941 1026
6976 1026
7054 1026
6946 1026
7090 1026
7092 1026
7165 1026
7225 1026
7227 1026
7229 1026
5143 1026
7231 1026
7236 1026
7280 1026
7294 1026
7379 1026
7415 1026
7565 1026
7576 1026
7577 1026
7578 1026
7579 1026
7580 1026
7581 1026
