11 4510
11 4528
11 4531
11 4547
11 4578
15 4561
24 4510
36 4574
36 4578
66 4588
87 4510
103 4536
68 4536
68 4574
68 4584
68 4587
68 4588
109 4536
122 4530
122 4531
122 4578
136 4530
136 4536
154 4531
178 4578
302 4557
311 4534
311 4578
319 4527
319 4551
319 4587
335 4551
150 4536
425 4530
432 4551
432 4578
432 4587
457 4507
457 4510
457 4527
457 4530
457 4534
457 4536
457 4547
457 4574
457 4587
445 4547
546 4536
546 4578
582 4536
582 4562
582 4584
600 4510
633 4534
695 4587
697 4574
766 4500
766 4510
766 4527
766 4528
766 4529
766 4530
766 4531
766 4534
766 4547
766 4551
766 4557
766 4578
766 4583
766 4587
766 4588
789 4527
789 4530
789 4551
789 4587
813 4578
825 4530
825 4551
825 4578
856 4584
879 4528
879 4531
879 4550
879 4578
988 4578
996 4510
996 4530
996 4574
1000 4527
1006 4510
1024 4510
1037 4510
1041 4587
1055 4530
1055 4536
1062 4531
1074 4507
1097 4530
1125 4578
1127 4587
1133 4500
1133 4510
1133 4527
1133 4528
1133 4529
1133 4531
1133 4534
1133 4551
1133 4557
1133 4558
1133 4562
1133 4574
1133 4578
1133 4584
1133 4587
1133 4588
1151 4510
1151 4530
1151 4531
1151 4534
1151 4551
1166 4510
1166 4527
1166 4530
1166 4536
1166 4547
1200 4534
1204 4529
1241 4536
1247 4534
1253 4510
1286 4529
1305 4529
1305 4578
1305 4588
1319 4528
1335 4536
1374 4530
1374 4534
1374 4536
1471 4536
1522 4510
1522 4588
1537 4528
1537 4536
1537 4551
1537 4578
1542 4527
1542 4534
1542 4547
1542 4578
1542 4587
1549 4527
1549 4528
1549 4530
1549 4536
1549 4574
1549 4578
1549 4587
1608 4530
1608 4531
1612 4507
1621 4578
1622 4578
1661 4580
1667 4536
1667 4547
1687 4528
1701 4527
1701 4551
1701 4574
1701 4578
1697 4530
1707 4578
1748 4500
1748 4588
1796 4536
1811 4536
1811 4574
1813 4531
1813 4552
1813 4578
1823 4587
1896 4536
1896 4547
1915 4587
1982 4536
2033 4510
2109 4510
2109 4536
2115 4574
2120 4536
2129 4510
2129 4528
2129 4531
2129 4547
2129 4578
2135 4530
2135 4534
2135 4536
2145 4574
2145 4587
2186 4574
2237 4510
2237 4528
2237 4551
2237 4574
2237 4578
2240 4528
2240 4536
2258 4510
2264 4510
2264 4530
2297 4510
2297 4528
2297 4578
2299 4587
2323 4510
2323 4531
2326 4500
2326 4578
2365 4510
2365 4528
2365 4530
2365 4536
2369 4507
2369 4530
2369 4536
2369 4547
2369 4587
2375 4500
2375 4528
2381 4547
2379 4552
2379 4557
2384 4536
2387 4574
2387 4587
2398 4528
2398 4578
2411 4500
2411 4531
2411 4547
2456 4531
2473 4528
2473 4531
2480 4536
2481 4536
2485 4510
2485 4536
2485 4574
2485 4578
2506 4510
2516 4574
2542 4510
2549 4531
2549 4536
2549 4587
2557 4551
2560 4507
2565 4500
2565 4507
2565 4510
2565 4528
2565 4530
2565 4531
2565 4536
2565 4547
2565 4551
2565 4557
2565 4558
2565 4562
2565 4578
2565 4583
2565 4587
2565 4588
2576 4536
2585 4528
2585 4574
2592 4587
2596 4536
2474 4510
2623 4527
2623 4529
2651 4530
2651 4536
2651 4547
2651 4551
2651 4578
2653 4510
2653 4578
2657 4500
2658 4510
2658 4529
2658 4531
2658 4588
2677 4536
2680 4530
2683 4587
2702 4547
2702 4574
2688 4500
2688 4510
2688 4527
2688 4528
2688 4529
2688 4530
2688 4531
2688 4534
2688 4536
2688 4547
2688 4551
2688 4552
2688 4557
2688 4558
2688 4574
2688 4578
2688 4583
2688 4587
2688 4588
2704 4574
2660 4510
2660 4528
2660 4574
2691 4510
2691 4527
2693 4547
2696 4578
2727 4551
2737 4510
2744 4574
2746 4528
2778 4510
2790 4536
2790 4558
2790 4578
2811 4500
2811 4583
2819 4536
2831 4531
2831 4578
2832 4529
2832 4588
2859 4500
2859 4510
2859 4528
2859 4531
2859 4552
2859 4557
2859 4588
2867 4536
2871 4510
2871 4529
2871 4534
2871 4547
2871 4551
2871 4587
2871 4588
2909 4528
2909 4534
2909 4587
2923 4547
2935 4588
2951 4531
2958 4528
2958 4530
2967 4510
2967 4551
2967 4574
2967 4578
2972 4500
2972 4507
2972 4527
2972 4528
2972 4529
2972 4534
2972 4536
2972 4547
2972 4551
2972 4562
2972 4578
2972 4587
3009 4510
3009 4528
3009 4529
3009 4578
2707 4534
3015 4534
3015 4536
3024 4578
3026 4510
3026 4531
3026 4536
3026 4547
3026 4578
3026 4587
3027 4536
3027 4574
3028 4507
3028 4510
3028 4529
3028 4550
3028 4551
3028 4552
3028 4557
3028 4578
3028 4584
3032 4510
3032 4528
3032 4530
3032 4536
3032 4588
3033 4510
3034 4510
3034 4528
3034 4531
2713 4510
3057 4587
2356 4528
3092 4534
3092 4536
3092 4587
3103 4552
3109 4584
3110 4587
2003 4531
3137 4578
3144 4531
3144 4578
3168 4510
3175 4529
3188 4528
3191 4530
3191 4587
3209 4587
3227 4536
3238 4562
3258 4510
3258 4531
3274 4547
3274 4562
3274 4574
3274 4578
3284 4557
3291 4531
3291 4578
3315 4587
3290 4531
3290 4587
3346 4507
3350 4510
3350 4528
3350 4587
3352 4510
3352 4528
3352 4531
3352 4536
3352 4547
3352 4551
3352 4587
3366 4500
3366 4574
3374 4534
3375 4528
3375 4536
3378 4510
3381 4536
3388 4510
3392 4583
3394 4528
3394 4536
3394 4578
3402 4547
3402 4578
3404 4527
3390 4530
3406 4587
3435 4510
3443 4531
3439 4510
3439 4531
3439 4536
3447 4529
3447 4530
3447 4547
3447 4551
3447 4574
3447 4587
3447 4588
3448 4578
3449 4527
3449 4528
3449 4530
3449 4531
3449 4534
3449 4536
3449 4547
3449 4551
3449 4574
3449 4587
3450 4528
3450 4531
3450 4578
3451 4557
3452 4527
3452 4528
3452 4530
3452 4534
3452 4551
3452 4588
3453 4528
3453 4530
3453 4531
3453 4536
3453 4547
3453 4551
3453 4574
3453 4578
3453 4587
3454 4510
3454 4528
3454 4531
3454 4551
3454 4557
3454 4578
3455 4547
3455 4551
3455 4588
3456 4510
3456 4531
3456 4536
3456 4557
3456 4574
3456 4578
3456 4587
3456 4588
3457 4510
3457 4529
3457 4536
3457 4552
3457 4557
3457 4558
3457 4562
3457 4583
3458 4547
3458 4551
3459 4574
3461 4529
3461 4536
3461 4578
3461 4587
3462 4510
3463 4510
3463 4528
3463 4531
3463 4551
3463 4578
3472 4534
3479 4574
3478 4527
3496 4531
3498 4530
3498 4534
3498 4536
3498 4587
3519 4587
3522 4510
3522 4551
3522 4552
3522 4558
3522 4584
3541 4578
3557 4558
3557 4562
3568 4530
3568 4536
3568 4547
3568 4551
3568 4578
3591 4578
3601 4530
3601 4578
3614 4500
3614 4510
3614 4527
3614 4530
3614 4534
3614 4551
3614 4574
3614 4587
3615 4531
3615 4547
3615 4578
3615 4587
3624 4528
3624 4529
3624 4587
3630 4510
3630 4531
3631 4510
3631 4550
3634 4530
3634 4574
3634 4587
3641 4536
3641 4547
3641 4587
3642 4527
3642 4530
3642 4534
3642 4536
3642 4574
3643 4530
3643 4578
3645 4510
3645 4528
3645 4531
3660 4510
3660 4528
3660 4531
3665 4507
3665 4536
3666 4530
3666 4534
3666 4536
3666 4547
3673 4547
3724 4510
3725 4528
3728 4536
3728 4587
3748 4557
3767 4510
3767 4529
3786 4530
3786 4536
3786 4574
3787 4530
3787 4536
3787 4551
3787 4578
3792 4578
3796 4528
3796 4531
3796 4534
3796 4547
3796 4562
3796 4574
3796 4578
3796 4587
3803 4551
3812 4578
3812 4587
3813 4534
3813 4536
3835 4588
3854 4510
3854 4530
3854 4547
3854 4578
3897 4551
3916 4536
3917 4500
3919 4547
3919 4587
3956 4528
3956 4531
3956 4578
3958 4531
3962 4557
3965 4578
3969 4536
3969 4587
3976 4500
3976 4529
3976 4536
3976 4547
3976 4551
3976 4558
3976 4562
3976 4583
3976 4584
3976 4588
3977 4578
3983 4534
3985 4578
4001 4536
4036 4530
4036 4574
4040 4529
4040 4531
4040 4578
4040 4584
4041 4530
4044 4529
4044 4531
4044 4551
4044 4552
4044 4557
4044 4562
4044 4578
4044 4583
4044 4588
4045 4500
4045 4510
4045 4521
4045 4527
4045 4528
4045 4534
4045 4536
4045 4547
4045 4551
4045 4552
4045 4574
4045 4578
4045 4588
4046 4558
4051 4510
4062 4578
4077 4528
4077 4529
4077 4547
4065 4510
4065 4529
4065 4531
4065 4536
4065 4551
4065 4578
4068 4528
4070 4530
4070 4534
4070 4536
4070 4547
4070 4587
4072 4578
4072 4588
4073 4530
4073 4547
4073 4551
4074 4547
4099 4530
4099 4536
4099 4547
4123 4578
4127 4528
4127 4531
4127 4578
4138 4500
4138 4530
4142 4558
4150 4531
4151 4531
4151 4558
4151 4562
4151 4578
4151 4587
4152 4531
4152 4562
4187 4531
4189 4557
4191 4531
4191 4557
4191 4558
4197 4551
3995 4547
3995 4574
3995 4587
4212 4529
4212 4547
4212 4551
4212 4587
4219 4528
4219 4529
4219 4547
4219 4578
4222 4510
4222 4528
4222 4536
4222 4578
4221 4536
4221 4547
4232 4561
4261 4531
4273 4578
4276 4527
4276 4547
4282 4588
4290 4531
4295 4500
4295 4536
4297 4528
4312 4578
4313 4510
4327 4528
4335 4529
4335 4578
4347 4507
4351 4510
4351 4531
4353 4587
4355 4530
4355 4531
4364 4528
4364 4578
4371 4557
4415 4557
4415 4588
4429 4531
4429 4557
4433 4529
4433 4531
4433 4551
4433 4552
4433 4557
4433 4558
4433 4562
4437 4536
4437 4578
4441 4547
4441 4551
4441 4574
4448 4529
4448 4531
4448 4536
4448 4547
4448 4578
4448 4587
4451 4510
4455 4529
4455 4536
4455 4539
4455 4578
4460 4531
4465 4552
4468 4557
4482 4587
4483 4500
4483 4547
4483 4587
4486 4536
4486 4587
4488 4530
4492 4510
4524 4500
4526 4528
4526 4529
4527 4528
4527 4536
4531 4578
4531 4583
4531 4584
4531 4588
4530 4531
4533 4531
4534 4531
4535 4531
4535 4578
4536 4529
4536 4530
4536 4531
4536 4557
4536 4578
4540 4541
4542 4544
4543 4544
4547 4557
4550 4530
4557 4527
4553 4557
4554 4557
4555 4557
4556 4557
4560 4561
4564 4578
4565 4578
4574 4578
4575 4578
4576 4530
4576 4536
4576 4578
4577 4578
4582 4583
4598 4536
4487 4551
4487 4587
4632 4534
4632 4574
4632 4588
4652 4530
4653 4530
4653 4536
4653 4547
4653 4574
4653 4587
4661 4547
4662 4536
4663 4588
4673 4587
4669 4529
4681 4588
4682 4551
4686 4534
4686 4587
4687 4588
4688 4551
4717 4536
4717 4587
4712 4534
4712 4574
4725 4547
4725 4551
4726 4587
4756 4588
4748 4500
4748 4507
4748 4527
4764 4536
4764 4547
4765 4588
4781 4574
4796 4534
4788 4551
4792 4507
4813 4587
4824 4500
4824 4534
4824 4574
4829 4587
4859 4547
4859 4551
4846 4587
4853 4588
4881 4530
4889 4588
4890 4588
4891 4588
4899 4534
4899 4547
4899 4574
4899 4587
4924 4536
4929 4536
4948 4547
4948 4587
4963 4547
4964 4574
4966 4536
4967 4500
4967 4527
4967 4530
4967 4534
4967 4536
4967 4547
4967 4574
4967 4587
4974 4574
4974 4587
4976 4574
4976 4587
4981 4587
4982 4536
4988 4551
4864 4587
5002 4536
5006 4536
5006 4547
5008 4587
5009 4547
5013 4587
5022 4507
5022 4574
5020 4500
5020 4530
5037 4530
5037 4536
5061 4527
5079 4527
5079 4530
5079 4534
5079 4536
5079 4547
5079 4574
5079 4587
5099 4587
5102 4507
5103 4536
5111 4536
5110 4547
4828 4530
5119 4547
5123 4534
5123 4536
5123 4574
5125 4507
5125 4534
5050 4587
5136 4536
5139 4547
5140 4547
5140 4574
5150 4530
5150 4536
5150 4547
5171 4574
5173 4536
5175 4530
5175 4534
5175 4536
4795 4500
4795 4536
5176 4527
5176 4530
5176 4534
5176 4536
5176 4587
5177 4536
4310 4527
4310 4530
4310 4534
4310 4536
4310 4574
4310 4587
5179 4530
5179 4534
5179 4536
5180 4527
5180 4534
5180 4536
5180 4574
5181 4574
5182 4534
5184 4587
5187 4530
5187 4536
5187 4574
5188 4530
5188 4534
5188 4536
5188 4574
5189 4500
5189 4534
5189 4574
5189 4587
5190 4587
5200 4587
5203 4587
5217 4536
5243 4587
5254 4536
5255 4587
5262 4527
5262 4574
5263 4527
5263 4530
5263 4536
5263 4587
5285 4530
5285 4536
5285 4587
5295 4530
5295 4536
5299 4587
5300 4587
5301 4527
5301 4574
5316 4574
5317 4536
5264 4536
5378 4507
5391 4530
5391 4536
5404 4536
5419 4534
5421 4500
5437 4527
5437 4574
5452 4530
5454 4530
5472 4574
5479 4574
5524 4507
5524 4536
5531 4530
5531 4534
5531 4536
5528 4500
5543 4527
5562 4530
5582 4536
5600 4500
5603 4500
5605 4536
5606 4534
5606 4574
5612 4530
5612 4536
5396 4500
5396 4536
5652 4500
5653 4500
5655 4507
5661 4530
5667 4507
5675 4530
5675 4574
5680 4530
5691 4534
5692 4536
5697 4527
5697 4536
5697 4574
5738 4536
5768 4534
5772 4536
5783 4527
5783 4574
5796 4527
5796 4536
5802 4507
5802 4536
5804 4574
5811 4536
5814 4536
5816 4536
5818 4536
5819 4527
5824 4536
3788 4574
5855 4574
5856 4574
5857 4574
5871 4536
5998 4536
6072 4507
6093 4536
6218 4536
6241 4507
6248 4536
6270 4507
6272 4536
6299 4536
6305 4507
6359 4536
6327 4536
6398 4507
6501 4507
6522 4536
6523 4507
6523 4536
6525 4536
6541 4507
6542 4507
5273 4536
6563 4536
6596 4507
6619 4536
6615 4536
6616 4536
6627 4536
6609 4536
6736 4536
6772 4507
6790 4536
6829 4536
6620 4536
6900 4536
6913 4536
6916 4507
6941 4507
6945 4536
6951 4507
6959 4536
6984 4536
6991 4536
7011 4536
7035 4536
7036 4536
7037 4536
7047 4507
7092 4507
7280 4507
7449 4507
7490 4507
7682 4507
7743 4507
7877 4507
7900 4507
8126 4507
