6 302 2843 -1
11 743 2811 2843 2859 2871 -1
20 187 2828 2877 -1
21 76 2814 -1
24 309 2815 2819 2822 2830 2871 -1
28 133 2801 -1
36 227 2831 2834 2871 -1
47 146 2871 -1
58 38 2877 -1
86 122 2809 -1
71 109 2801 -1
87 195 2801 -1
103 68 2851 2871 -1
68 275 2809 2814 2859 2871 2877 -1
122 213 2805 2809 2811 2828 2834 -1
127 132 2811 2877 -1
128 80 2877 -1
147 58 2801 2819 -1
161 32 2801 -1
163 9 2871 -1
172 123 2819 2830 2859 -1
173 334 2871 -1
166 93 2843 2877 -1
215 100 2801 -1
237 41 2805 2809 2814 2828 2838 -1
255 86 2834 2859 -1
275 56 2828 2838 2844 -1
291 35 2811 -1
290 71 2871 -1
306 244 2859 -1
308 142 2805 2828 -1
310 230 2819 2822 2834 -1
311 321 2809 2830 2871 -1
313 54 2801 2838 2871 -1
315 77 2834 -1
319 199 2819 -1
346 86 2805 2828 2838 2859 -1
371 117 2801 -1
395 42 2851 -1
403 20 2814 2834 -1
405 19 2859 -1
407 145 2811 -1
425 79 2877 2880 -1
432 157 2819 2851 2871 -1
457 732 2811 2818 2822 2831 2843 2851 2859 2871 2877 -1
501 10 2805 -1
546 142 2805 2859 2877 -1
553 22 2871 -1
556 121 2805 -1
582 34 2871 -1
587 18 2877 -1
600 214 2851 2871 -1
634 150 2831 2851 2871 -1
646 17 2830 -1
635 66 2801 -1
644 27 2838 2877 -1
650 98 2830 2880 -1
663 158 2830 -1
695 118 2877 -1
704 81 2809 2811 2814 -1
706 95 2801 -1
707 123 2843 -1
708 51 2815 2818 -1
710 105 2801 -1
722 264 2801 2818 2821 2825 2830 2838 2856 2877 2880 -1
727 32 2877 -1
737 232 2851 -1
749 66 2819 -1
763 68 2871 -1
766 773 2805 2809 2811 2814 2815 2819 2822 2828 2830 2831 2834 2851 2856 2859 2871 -1
769 146 2801 2828 -1
788 113 2877 -1
784 224 2815 2830 2859 2877 -1
789 317 2809 2814 2822 2831 -1
795 60 2877 -1
805 90 2811 -1
813 272 2815 2819 2859 2871 -1
826 249 2805 2809 2815 2819 2830 2838 2856 2880 -1
825 165 2871 -1
841 61 2801 2805 2814 2815 2828 2844 2877 2880 -1
854 99 2801 2825 2828 2880 -1
856 91 2815 2831 -1
865 97 2838 2877 2880 -1
871 59 2830 2834 -1
879 122 2811 2859 2871 -1
908 9 2801 -1
915 7 2809 -1
935 22 2880 -1
946 110 2801 2818 2821 2828 -1
948 29 2815 2834 -1
974 36 2871 -1
986 77 2856 2871 -1
988 292 2819 2830 2856 -1
993 238 2805 2814 2815 2828 2834 2859 -1
994 45 2856 -1
996 297 2801 2805 2809 2815 2819 2828 2834 2856 -1
1000 60 2830 2834 2877 -1
1003 18 2851 -1
1024 41 2805 2828 2830 -1
1029 135 2843 -1
1037 86 2877 -1
1042 41 2801 2877 2880 -1
1051 46 2851 -1
1055 196 2877 -1
1062 156 2828 2830 2834 -1
872 29 2856 -1
1097 88 2801 2830 -1
1098 305 2805 2814 2828 2851 -1
1111 60 2822 -1
1127 62 2851 2871 -1
1129 62 2877 -1
1132 57 2801 -1
1133 399 2811 2830 2859 2871 -1
1135 115 2814 -1
1137 135 2805 2814 2825 2828 2830 2838 -1
1147 3 2830 -1
1151 472 2805 2809 2815 2828 2830 2834 2851 2856 2871 -1
1166 599 2801 2811 2819 2828 2830 2834 2838 2856 2871 2877 2880 -1
1167 158 2834 2838 2877 2880 -1
1185 43 2801 -1
1200 107 2805 2809 2814 2828 2830 2834 2838 2856 2877 2880 -1
1210 218 2805 2834 2851 -1
1211 79 2877 -1
1221 77 2834 -1
1247 77 2871 -1
1253 51 2801 -1
1259 45 2828 -1
1267 61 2819 2831 2856 -1
1279 124 2819 2843 -1
1286 65 2851 2856 2871 -1
1285 31 2871 -1
1291 34 2815 -1
1293 33 2843 2877 2880 -1
1297 76 2877 -1
1305 290 2805 2809 2814 2815 2819 2828 2830 2834 2877 2880 -1
1319 181 2859 -1
1322 12 2809 -1
1360 22 2877 -1
1367 40 2819 -1
1374 462 2805 2809 2814 2822 2825 2828 2830 2831 2834 2838 2859 2877 -1
1381 52 2880 -1
1384 37 2809 2814 2828 -1
1390 32 2844 2880 -1
1395 199 2805 2830 2834 2856 -1
1419 41 2815 -1
1423 8 2843 -1
1424 52 2819 -1
1428 183 2805 2859 2871 -1
1184 79 2801 2811 2834 2877 -1
1462 48 2809 -1
1470 156 2877 -1
1473 91 2828 2871 -1
1483 52 2843 -1
1492 157 2830 2859 -1
1496 210 2819 2856 2871 2877 -1
1500 48 2801 2871 -1
1510 16 2843 -1
1521 99 2814 2834 -1
1522 139 2834 -1
1538 81 2877 -1
1537 68 2871 -1
1542 244 2822 2871 -1
1552 81 2834 -1
1553 20 2825 -1
1547 28 2805 -1
1549 587 2809 2814 2815 2819 2828 2830 2859 2871 2880 -1
1550 42 2871 -1
1555 79 2809 -1
1566 46 2801 2877 -1
1583 87 2828 2830 2880 -1
1585 102 2830 2838 2859 2877 2880 -1
1592 30 2856 -1
1608 355 2805 2814 2815 2828 2830 2834 2856 2871 -1
1614 73 2856 -1
1622 50 2830 2859 -1
1623 39 2851 -1
1644 48 2801 -1
1653 2 2814 -1
1658 9 2838 2877 -1
1692 3 2877 -1
1690 2 2877 -1
1691 50 2871 -1
1701 112 2828 -1
1697 70 2801 2838 2877 -1
1700 93 2801 2809 2814 2880 -1
1705 47 2805 2814 2815 2828 2834 -1
1707 34 2805 2871 -1
1717 96 2811 2877 -1
1688 25 2871 -1
1729 19 2856 -1
1730 45 2871 -1
1741 9 2877 -1
1749 68 2859 2877 -1
1754 23 2801 -1
1767 97 2809 2834 -1
1769 67 2828 -1
1772 141 2801 2814 2877 2880 -1
1783 57 2805 -1
1790 2 2814 -1
1792 31 2801 -1
1795 44 2809 2811 2819 -1
1808 129 2834 -1
1813 41 2871 -1
1814 105 2815 2830 2856 -1
1820 90 2814 2838 2856 -1
1823 49 2822 -1
1827 2 2856 -1
1835 73 2828 2830 2834 -1
1838 57 2859 -1
1832 6 2819 -1
1848 16 2880 -1
1855 12 2856 -1
1875 33 2809 2825 2828 -1
1885 44 2809 -1
1896 51 2805 -1
1919 112 2805 2828 2830 2834 -1
1922 204 2815 2819 2838 2856 2880 -1
1931 15 2871 -1
1940 5 2830 -1
1951 29 2819 -1
1972 181 2815 2819 2830 -1
1980 47 2825 -1
1984 7 2871 -1
1985 56 2828 2830 2834 -1
1991 66 2805 2809 2814 2828 2830 2834 2856 -1
1794 26 2828 -1
2009 63 2809 2830 -1
2038 5 2877 -1
2062 121 2877 -1
2065 50 2871 -1
2072 121 2801 2809 2814 2815 2834 2838 -1
2085 28 2834 -1
2093 55 2830 -1
2102 45 2815 -1
2109 47 2859 -1
2111 4 2871 -1
2114 39 2815 2830 -1
2115 16 2871 -1
2118 113 2805 2811 2822 2828 2851 2856 -1
2120 122 2811 2834 -1
2133 129 2805 2809 2814 2815 2828 2834 2838 2877 2880 -1
2135 146 2830 2844 2851 -1
2145 145 2811 2822 2831 2871 -1
2172 29 2801 2877 -1
2174 65 2801 2809 2821 2825 2828 2838 2877 -1
2176 17 2856 -1
2186 61 2814 -1
2209 31 2805 2819 -1
2225 34 2856 -1
2234 14 2856 -1
2231 66 2801 2818 2821 2825 -1
2229 143 2830 2856 -1
2233 36 2801 2809 -1
2236 75 2830 2856 -1
2237 241 2811 2815 2819 2830 2831 2871 -1
2249 38 2851 -1
2251 25 2814 2815 -1
2254 6 2805 -1
2255 31 2815 -1
2256 247 2805 2809 2814 2815 2818 2821 2825 2828 2844 2859 2877 -1
2258 95 2859 2871 -1
2264 58 2834 2856 -1
2290 120 2819 -1
2289 14 2811 -1
2294 9 2856 -1
2297 164 2801 2856 2859 2871 -1
2299 67 2809 2851 -1
2322 19 2814 -1
2323 111 2815 2838 2859 -1
2326 252 2819 2859 2871 -1
2328 215 2805 2809 2814 2818 2821 2825 2834 2877 -1
2340 4 2809 -1
2272 31 2877 -1
2364 14 2819 -1
2365 77 2801 2856 2859 -1
2369 189 2822 -1
2371 124 2815 2830 2856 2877 2880 -1
2375 49 2828 2880 -1
2379 45 2859 -1
2384 72 2822 2871 -1
2387 66 2822 -1
2398 62 2871 -1
2410 34 2825 -1
2411 141 2809 2859 -1
2113 7 2880 -1
2427 11 2880 -1
2435 35 2801 2809 -1
2472 75 2805 2809 2814 2815 2828 2830 2834 2877 -1
2473 103 2805 2809 2814 2815 2818 2821 2825 2828 2830 2834 2856 -1
2476 35 2815 2830 2856 -1
2485 324 2819 2830 2831 2856 2871 2877 -1
2504 100 2830 -1
2506 46 2859 2871 -1
2507 69 2805 2828 2834 2844 2856 -1
2509 11 2801 -1
2510 68 2801 2805 2828 2834 -1
2535 47 2805 -1
2541 37 2818 2821 -1
2542 93 2805 2819 2828 2834 2859 2871 -1
2546 34 2801 2828 -1
2547 105 2819 -1
2549 70 2877 -1
2550 26 2834 -1
899 24 2801 2805 2809 2814 2818 2821 2828 2834 -1
2555 12 2801 2809 2828 -1
2557 77 2801 2805 2809 2814 2815 2828 2834 2871 2877 2880 -1
2559 82 2805 2809 2828 2856 2859 -1
2560 180 2809 2859 -1
2561 2 2809 -1
2565 893 2805 2809 2811 2814 2815 2819 2822 2825 2828 2830 2831 2834 2838 2844 2851 2856 2859 2871 2877 2880 -1
2576 146 2805 2809 2814 2822 2825 2828 2871 2877 2880 -1
2593 32 2801 2805 2809 2844 -1
2594 45 2831 -1
2596 13 2805 -1
2474 142 2805 2809 2811 2814 2815 2825 2828 2830 2834 2856 2877 -1
2605 64 2871 -1
2608 14 2814 2828 -1
2609 7 2805 -1
2612 29 2877 -1
2613 25 2811 -1
2617 22 2814 -1
2623 108 2838 -1
2646 39 2830 2877 -1
2647 18 2814 -1
2651 269 2811 2814 2819 2838 2871 -1
2653 113 2871 -1
2659 12 2859 -1
2674 103 2819 2830 2851 -1
2683 13 2828 -1
2699 74 2871 -1
2700 168 2819 2859 -1
2686 156 2819 2851 2856 -1
2702 80 2830 2856 2880 -1
2703 61 2819 -1
2688 618 2819 2822 2830 2831 2856 2859 2871 -1
2704 75 2838 2856 -1
2660 164 2819 2830 2831 2856 2871 -1
2667 126 2831 -1
2691 44 2859 2871 -1
2693 149 2819 2822 2831 -1
2740 28 2805 2809 2814 2828 2834 -1
2746 25 2814 2825 2844 -1
2765 29 2819 2859 -1
2768 40 2805 2809 2815 2834 2877 -1
2774 46 2801 -1
2775 35 2871 -1
2778 22 2801 2821 2877 2880 -1
2788 4 2801 -1
2790 173 2838 2856 -1
2791 15 2877 -1
2792 18 2834 2880 -1
2802 9 2805 -1
2803 1 2805 -1
2804 16 2805 -1
2807 5 2809 -1
2808 2 2809 -1
2813 1 2814 -1
2544 11 2814 -1
2818 1 2821 -1
2817 2 2818 2821 -1
2819 18 2821 2825 -1
2822 43 2834 2856 2880 -1
2823 1 2825 -1
2654 104 2819 2825 2856 2859 -1
2824 1 2825 -1
2830 6 2877 -1
2831 39 2834 -1
2832 50 2811 2834 -1
2833 7 2834 2880 -1
2840 14 2877 -1
2844 2 2880 -1
2851 44 2856 2871 -1
2855 16 2856 -1
2859 139 2871 -1
2866 6 2877 -1
2862 4 2880 -1
2863 5 2877 2880 -1
2871 282 2815 2819 2880 -1
2872 87 2838 2877 -1
2875 6 2877 -1
2876 1 2877 -1
2879 1 2880 -1
2881 1 2880 -1
2882 1 2880 -1
2883 28 2822 2880 -1
2884 1 2880 -1
2885 5 2880 -1
2900 29 2815 -1
2925 19 2877 -1
2928 1 2877 -1
2929 1 2877 -1
2930 1 2877 -1
2932 62 2877 -1
2931 2 2877 -1
2933 6 2877 -1
2935 36 2811 2871 -1
2940 123 2851 -1
2936 8 2815 -1
2948 26 2830 2856 -1
2950 13 2815 -1
2953 10 2871 -1
2958 47 2830 2856 -1
2964 70 2859 -1
2967 238 2859 2871 -1
2972 357 2811 2822 2831 2859 2871 -1
2978 6 2830 -1
2987 9 2830 -1
2988 55 2819 -1
2998 3 2830 -1
2999 7 2822 -1
3000 43 2819 2856 -1
3006 31 2856 -1
3010 123 2815 -1
3011 1 2815 -1
2707 103 2856 -1
3020 52 2830 2856 -1
3026 175 2819 2859 2871 -1
3027 39 2831 -1
3028 189 2859 2871 -1
3032 216 2811 2859 -1
3033 45 2819 2830 2856 2859 -1
3034 38 2871 -1
2713 200 2819 2859 -1
3056 44 2819 -1
3057 48 2822 -1
3062 42 2830 2856 -1
3072 25 2856 -1
3073 34 2819 -1
3090 12 2871 -1
3092 81 2831 -1
3098 37 2856 -1
3095 37 2830 -1
3103 5 2822 -1
2842 124 2819 2830 2859 -1
3118 2 2830 -1
3119 3 2830 -1
3120 8 2830 -1
3144 88 2819 2856 2871 -1
3148 26 2819 -1
3168 79 2859 -1
3180 24 2856 -1
3192 56 2831 2871 -1
3191 68 2822 2831 2856 -1
3196 22 2856 -1
3197 4 2856 -1
3198 1 2856 -1
3199 13 2856 -1
3200 8 2856 -1
3227 19 2819 -1
3258 95 2871 -1
3274 69 2811 2851 -1
3291 58 2819 -1
3315 13 2859 -1
3290 36 2831 -1
3326 18 2871 -1
3345 35 2819 -1
3350 55 2831 2871 -1
3352 273 2819 2822 2859 2871 -1
3375 43 2859 -1
3381 180 2819 2851 -1
3388 15 2871 -1
3392 33 2822 -1
3402 122 2819 2822 2831 -1
3036 7 2819 -1
3404 89 2819 2822 -1
3390 60 2822 -1
3417 30 2822 -1
3433 9 2811 -1
3439 88 2819 2871 -1
3447 271 2822 2831 2871 -1
3449 314 2811 2822 2831 2851 2871 -1
3450 27 2871 -1
3451 98 2811 2871 -1
3452 131 2831 2871 -1
3453 319 2811 2822 2831 2871 -1
3454 148 2811 2859 2871 -1
3455 68 2871 -1
3456 241 2811 2822 2831 2871 -1
3457 166 2811 2822 2851 2871 -1
3458 69 2871 -1
3461 101 2811 -1
3462 54 2822 2871 -1
3463 56 2811 2871 -1
3472 15 2811 -1
3483 20 2831 -1
3496 10 2859 -1
3519 48 2831 2871 -1
3522 71 2851 -1
3541 81 2859 -1
3568 147 2822 2831 2859 2871 -1
3593 26 2822 2851 -1
3607 24 2851 -1
3614 205 2822 2831 2859 -1
3615 144 2859 2871 -1
3624 64 2831 2871 -1
3631 91 2859 -1
3634 82 2831 -1
3639 12 2871 -1
3641 212 2822 2831 2851 2859 -1
3645 40 2859 -1
3659 38 2859 -1
3666 144 2831 2859 2871 -1
3682 75 2859 -1
3691 95 2822 -1
3714 15 2859 -1
3724 93 2859 -1
3571 45 2851 2871 -1
3748 30 2871 -1
3749 4 2871 -1
3752 15 2871 -1
3770 22 2851 -1
3787 232 2871 -1
3796 113 2811 2871 -1
3798 23 2859 -1
3806 45 2871 -1
3812 53 2811 2822 2871 -1
3813 94 2831 -1
3814 47 2859 -1
3854 82 2871 -1
3912 17 2838 -1
3916 42 2871 -1
3920 6 2871 -1
3949 30 2859 -1
3956 85 2859 -1
3960 23 2831 -1
3962 4 2859 -1
3969 90 2822 -1
3973 33 2859 -1
3976 145 2871 -1
3985 32 2811 -1
3898 2 2859 -1
4007 15 2859 -1
4036 147 2831 2859 -1
4040 104 2871 -1
4042 21 2859 -1
4044 89 2811 2871 -1
4045 257 2811 2851 2871 -1
4046 89 2871 -1
4056 23 2871 -1
4077 77 2811 2822 2831 -1
4065 131 2859 2871 -1
4070 111 2822 2859 -1
4071 17 2822 -1
4072 29 2859 -1
4073 115 2811 2859 2871 -1
4074 33 2859 2871 -1
4111 16 2871 -1
4076 86 2859 -1
4123 25 2811 -1
4124 50 2811 -1
4127 41 2871 -1
4138 64 2831 2859 -1
4144 76 2859 -1
4151 84 2871 -1
4152 43 2871 -1
3819 10 2859 -1
4184 1 2859 -1
4185 1 2859 -1
4186 6 2859 -1
4187 9 2859 -1
4211 65 2811 -1
4219 112 2811 2822 2831 2871 -1
4222 41 2871 -1
4252 5 2811 -1
4276 52 2822 2831 -1
4315 29 2871 -1
4353 80 2822 2831 -1
4355 50 2822 2831 -1
4363 22 2871 -1
4377 11 2871 -1
4379 5 2871 -1
4415 17 2871 -1
4426 5 2871 -1
4427 1 2871 -1
4428 12 2871 -1
4429 12 2871 -1
4430 6 2871 -1
4431 4 2871 -1
4432 8 2851 2871 -1
4433 24 2871 -1
4434 2 2871 -1
4435 3 2871 -1
4436 2 2871 -1
4437 70 2811 2851 2871 -1
4438 6 2871 -1
4439 1 2871 -1
4440 6 2871 -1
4441 202 2811 2822 2871 -1
4442 18 2871 -1
4443 7 2871 -1
4444 1 2871 -1
4445 1 2871 -1
4446 2 2871 -1
4447 14 2871 -1
4448 36 2822 2871 -1
4536 81 2831 -1
4550 100 2822 2831 -1
4564 33 2811 -1
4600 15 2822 -1
4653 114 2822 2831 -1
4661 19 2811 -1
4682 14 2811 -1
4688 59 2811 -1
4717 62 2831 -1
4718 46 2822 -1
4712 121 2831 2851 -1
4725 36 2811 -1
4748 38 2822 -1
4813 46 2831 -1
4824 101 2831 -1
4829 78 2822 -1
4894 79 2822 -1
4899 169 2822 2831 -1
4943 31 2851 -1
4948 214 2822 2831 -1
4967 361 2822 2831 -1
4938 12 2822 -1
4970 8 2822 -1
5002 115 2851 -1
5008 27 2831 -1
5009 14 2822 -1
5020 139 2822 -1
5029 26 2822 -1
5079 271 2831 -1
5099 14 2831 -1
5106 33 2822 2851 -1
5103 127 2851 -1
5110 84 2822 -1
4828 168 2822 -1
5155 24 2822 -1
5175 35 2831 -1
5176 139 2822 2831 -1
4310 278 2822 2831 2851 -1
5179 217 2851 -1
5181 41 2831 -1
5184 68 2822 2831 -1
5188 211 2831 -1
5189 312 2822 2831 -1
5190 80 2831 -1
5246 44 2822 -1
5263 75 2831 -1
5286 10 2822 -1
5296 16 2822 -1
5316 24 2831 -1
5365 1 2822 -1
5366 2 2822 -1
5367 1 2822 -1
5445 63 2851 -1
5474 8 2831 -1
5482 12 2831 -1
5487 30 2831 -1
5462 19 2831 -1
5524 389 2851 -1
5534 14 2831 -1
5535 1 2831 -1
5536 3 2831 -1
5537 1 2831 -1
5543 137 2851 -1
5582 105 2851 -1
5714 44 2851 -1
5796 191 2851 -1
5802 385 2851 -1
5814 144 2851 -1
5816 84 2851 -1
5821 22 2851 -1
5857 92 2851 -1
5922 7 2851 -1
6032 80 2851 -1
6241 75 2851 -1
6270 88 2851 -1
6280 52 2851 -1
6305 190 2851 -1
6323 44 2851 -1
6327 108 2851 -1
6443 70 2851 -1
6484 10 2851 -1
6486 85 2851 -1
6518 33 2851 -1
6555 35 2851 -1
6619 104 2851 -1
6615 160 2851 -1
6622 5 2851 -1
6624 135 2851 -1
6714 100 2851 -1
6620 93 2851 -1
6902 28 2851 -1
6914 95 2851 -1
6906 49 2851 -1
6907 191 2851 -1
6941 57 2851 -1
6976 41 2851 -1
7052 142 2851 -1
7086 123 2851 -1
7092 93 2851 -1
7104 15 2851 -1
7106 4 2851 -1
7132 30 2851 -1
7139 3 2851 -1
6994 19 2851 -1
5143 16 2851 -1
7251 1 2851 -1
7252 1 2851 -1
7253 4 2851 -1