11 743 2202 2205 2206 2210 2237 2240 2241 2246 2252 2253 2257 2273 2289 2294 -1
12 65 2252 -1
15 50 2229 -1
20 187 2281 2285 -1
21 76 2202 -1
24 309 2209 2225 2237 2264 2276 -1
36 227 2237 2241 2297 -1
42 89 2241 -1
47 146 2240 -1
29 150 2252 2273 -1
56 24 2211 -1
60 9 2252 -1
62 17 2247 -1
66 44 2237 -1
71 109 2210 -1
87 195 2256 2264 -1
94 80 2237 -1
106 9 2211 -1
68 275 2209 2237 2264 2276 -1
109 190 2273 -1
122 213 2209 2237 2240 2252 2256 2257 2289 -1
113 89 2264 -1
127 132 2237 2252 2290 -1
128 80 2276 2290 -1
172 123 2211 2225 2240 2273 2297 -1
173 334 2202 2210 2211 2237 2241 2246 2253 2273 2276 -1
178 63 2210 -1
180 54 2246 -1
166 93 2276 -1
187 37 2290 -1
204 12 2211 -1
215 100 2234 2240 2241 2242 -1
259 56 2210 -1
263 22 2210 -1
280 76 2246 -1
290 71 2210 2225 -1
302 13 2289 -1
304 79 2210 2246 2276 -1
306 244 2206 2209 2240 2257 2276 -1
308 142 2297 -1
310 230 2241 2246 2257 2297 -1
311 321 2206 2210 2225 2241 2257 2297 -1
327 8 2205 -1
341 47 2205 2242 -1
348 21 2264 -1
346 86 2251 2252 -1
356 18 2210 -1
363 3 2237 -1
376 37 2253 -1
383 45 2206 2297 -1
403 20 2264 -1
407 145 2211 2264 -1
425 79 2231 -1
432 157 2237 2251 2257 2264 -1
449 9 2209 -1
457 732 2209 2225 2237 2240 2241 2246 2252 2253 2273 2277 2289 -1
501 10 2209 -1
521 5 2257 -1
534 4 2210 -1
546 142 2209 2210 2289 2297 -1
580 30 2258 -1
601 9 2251 -1
600 214 2210 2225 2251 2256 2297 -1
634 150 2225 2289 -1
647 32 2281 -1
637 25 2237 -1
643 46 2253 -1
644 27 2264 -1
650 98 2225 2234 -1
663 158 2223 2242 -1
695 118 2210 2240 2252 -1
704 81 2225 2231 -1
710 105 2225 2276 2290 -1
722 264 2234 2237 2251 2252 2256 2294 -1
727 32 2256 -1
738 8 2276 -1
697 100 2225 -1
749 66 2225 2258 -1
763 68 2257 2294 -1
764 34 2205 2294 -1
766 773 2209 2225 2231 2237 2240 2241 2251 2252 2256 2257 2258 2264 2276 2290 2297 -1
769 146 2210 2225 2231 2256 -1
788 113 2240 -1
784 224 2211 2225 2237 2256 2257 2290 2297 -1
789 317 2210 2211 2237 2240 2273 2276 2281 -1
795 60 2210 -1
798 16 2289 -1
805 90 2237 2297 -1
813 272 2209 2210 2241 2251 2252 2264 2290 2297 -1
820 16 2237 2240 -1
334 41 2202 -1
826 249 2225 2231 2237 2240 2242 2251 2256 2294 -1
825 165 2209 2237 2252 2276 2285 2290 -1
831 12 2247 -1
836 26 2225 2240 2256 -1
841 61 2256 -1
842 30 2251 -1
854 99 2206 2234 2251 2297 -1
856 91 2210 2231 2252 -1
852 39 2210 -1
865 97 2210 2297 -1
879 122 2209 2237 2240 2257 2297 -1
904 119 2210 2253 2273 2276 2281 2290 -1
907 9 2211 2281 -1
937 46 2251 -1
946 110 2225 2241 2290 2294 -1
947 27 2237 -1
954 34 2205 2206 -1
956 42 2210 2246 -1
974 36 2209 2237 2240 2289 -1
975 11 2211 -1
986 77 2237 2251 2256 -1
988 292 2209 2210 2225 2231 2237 2240 2251 2252 2256 2257 2290 2297 -1
993 238 2211 2225 2246 -1
994 45 2209 -1
996 297 2209 2210 2225 2231 2240 2241 2246 2251 2253 2273 2281 -1
1000 60 2240 2264 -1
1006 138 2202 2231 -1
1011 6 2210 -1
1012 7 2247 -1
1018 5 2237 -1
1009 44 2202 -1
1024 41 2264 -1
1037 86 2210 2225 -1
1041 49 2276 2277 -1
1042 41 2231 2256 -1
1050 44 2210 2211 2253 2264 -1
1051 46 2285 -1
1055 196 2285 -1
1062 156 2225 2240 2241 2251 2256 -1
1064 16 2225 -1
872 29 2225 2264 -1
1074 95 2273 2285 -1
1075 74 2237 -1
1084 5 2210 -1
1097 88 2256 -1
1098 305 2225 2240 2241 2251 2256 2264 2294 2297 -1
1124 20 2205 -1
1132 57 2237 2257 2290 -1
1133 399 2210 2229 2240 2276 2289 -1
1135 115 2225 2240 2246 2256 2276 -1
1137 135 2205 2241 -1
1151 472 2202 2206 2209 2210 2211 2225 2229 2240 2241 2246 2251 2253 2257 2258 2264 2273 2297 -1
1166 599 2205 2209 2210 2211 2223 2225 2231 2237 2240 2251 2256 2257 2258 2264 2273 2276 2281 2285 2289 2290 2297 -1
1167 158 2210 2225 2256 -1
1185 43 2237 -1
1200 107 2225 2231 2251 2264 2297 -1
1202 66 2251 -1
1204 61 2231 -1
1210 218 2210 2211 2240 2253 2273 2281 2297 -1
1211 79 2225 -1
1215 65 2264 2285 -1
1221 77 2210 2225 2241 2290 -1
1236 103 2251 2257 -1
1241 35 2210 -1
1247 77 2251 2257 -1
1259 45 2209 -1
1267 61 2251 -1
1280 4 2251 -1
1286 65 2206 -1
1291 34 2251 2256 2297 -1
1293 33 2294 -1
1297 76 2210 2256 2297 -1
1305 290 2209 2225 2231 2251 2252 2256 2257 2264 2290 2294 2297 -1
1319 181 2231 2240 -1
1336 8 2237 -1
1350 117 2240 2285 -1
1352 121 2211 -1
1353 30 2276 -1
1357 91 2264 -1
1367 40 2290 -1
1368 33 2210 -1
1374 462 2202 2223 2225 2246 2253 2257 2258 2264 2273 -1
1382 17 2257 -1
1378 14 2246 -1
1386 61 2205 2241 -1
1390 32 2264 2297 -1
1395 199 2202 2225 2240 2241 2246 2251 2264 2297 -1
1420 12 2211 -1
1419 41 2256 2277 2294 2297 -1
1424 52 2225 2251 -1
1428 183 2202 2210 2211 2252 2256 2276 2290 -1
1441 41 2242 -1
1462 48 2285 -1
1463 26 2264 -1
1468 20 2264 -1
1466 24 2264 -1
1470 156 2209 2252 -1
1473 91 2225 2289 -1
1489 64 2256 2281 -1
1492 157 2225 2251 2256 -1
1496 210 2211 2225 2241 2251 2256 2297 -1
1497 28 2297 -1
1500 48 2210 2240 2256 -1
1501 38 2225 2290 -1
1504 6 2231 -1
1521 99 2225 2241 2297 -1
1522 139 2210 2297 -1
1538 81 2256 -1
1537 68 2240 2256 2289 -1
1542 244 2240 2276 -1
1549 587 2209 2211 2225 2231 2233 2237 2240 2241 2242 2251 2252 2256 2257 2258 2264 2273 2276 2277 2281 2285 2290 2294 2297 -1
1550 42 2289 -1
1555 79 2206 2264 -1
1566 46 2246 -1
1583 87 2202 2225 2231 2241 2256 2273 2297 -1
1585 102 2210 2252 -1
1603 16 2240 -1
1608 355 2205 2210 2225 2231 2240 2242 2246 2251 2253 2256 2264 2273 2285 2290 2297 -1
1613 15 2223 -1
1614 73 2205 2225 2256 2297 -1
1621 80 2205 2210 2211 2240 2246 2273 -1
1622 50 2285 -1
1639 36 2237 2241 -1
1644 48 2211 2237 -1
1661 66 2210 -1
1658 9 2297 -1
1670 18 2240 2294 -1
1647 19 2252 -1
1684 9 2225 -1
1697 70 2237 2252 2258 -1
1700 93 2202 2244 2256 -1
1711 9 2210 -1
1705 47 2241 2251 2256 2264 -1
1717 96 2210 2281 -1
1719 10 2289 -1
1729 19 2264 -1
1732 18 2256 -1
1730 45 2246 -1
1734 55 2241 2246 -1
1746 7 2237 -1
1748 76 2237 2264 -1
1749 68 2210 2231 2285 -1
1754 23 2211 2240 2251 -1
1756 89 2240 2246 2253 2273 -1
1766 27 2240 2290 -1
1767 97 2209 2237 2256 2277 -1
1769 67 2253 -1
1772 141 2210 2246 2264 2294 -1
1751 35 2211 2252 -1
1783 57 2237 2241 2246 2251 -1
1789 11 2251 -1
1795 44 2210 2251 2290 -1
1799 48 2223 -1
1800 20 2246 -1
1811 43 2240 -1
1808 129 2234 2256 2297 -1
1813 41 2210 -1
1814 105 2225 2251 2256 2276 -1
1816 10 2256 -1
1820 90 2225 2231 2256 2290 2297 -1
1835 73 2210 2240 2297 -1
1837 28 2205 2251 -1
1838 57 2210 -1
1832 6 2210 -1
1848 16 2256 -1
1855 12 2237 -1
1868 22 2210 2211 2241 2253 -1
1875 33 2225 2256 2264 -1
1885 44 2210 2225 2231 2256 2257 -1
1888 36 2205 2210 2211 2253 2276 -1
1891 36 2205 -1
1915 33 2237 -1
1919 112 2205 2210 2211 2241 2246 2251 2253 2264 2273 2285 2290 -1
1922 204 2202 2225 2231 2251 2256 2273 2276 2294 -1
1943 3 2285 -1
1947 15 2210 -1
1951 29 2257 2297 -1
1962 31 2211 -1
1967 31 2209 2252 -1
1972 181 2209 2210 2225 2252 2256 2257 2285 2290 2297 -1
1977 34 2240 2246 -1
1980 47 2240 2241 -1
1984 7 2252 -1
1985 56 2209 2231 2241 2276 -1
1986 17 2211 -1
1991 66 2225 2256 2264 -1
1997 88 2202 2210 2240 2241 2246 2273 -1
1794 26 2225 2246 2251 2297 -1
2001 39 2241 -1
2009 63 2237 2257 2297 -1
2014 10 2237 2253 -1
2016 13 2237 -1
2052 14 2246 -1
2062 121 2202 2205 2206 2210 2211 2241 2246 2253 2273 2277 2285 2297 -1
2065 50 2225 2240 -1
2068 4 2242 -1
2071 7 2211 -1
2072 121 2210 2240 2256 2264 -1
2084 10 2244 2247 -1
2085 28 2264 -1
2091 8 2210 -1
2092 7 2247 -1
2093 55 2240 -1
2099 22 2244 2247 2290 -1
2105 11 2206 2231 -1
2109 47 2210 -1
2114 39 2251 -1
2115 16 2210 -1
2116 20 2206 2234 2256 2273 -1
2118 113 2209 2240 2246 2256 -1
2120 122 2205 2206 2211 2225 2234 2242 2246 2276 2281 2285 2290 -1
2129 44 2210 -1
2133 129 2240 -1
2135 146 2225 2251 2256 2289 -1
2144 23 2210 -1
2145 145 2210 2258 2289 2297 -1
2156 41 2205 2211 2233 2241 2294 -1
2159 18 2210 2241 2246 2253 -1
2169 32 2202 2241 2246 2285 2294 -1
2174 65 2210 2256 2276 -1
2176 17 2205 2237 -1
2178 3 2285 -1
2184 3 2264 -1
2186 61 2209 2264 -1
2193 12 2240 -1
2194 3 2242 -1
2198 3 2247 -1
2200 2 2202 -1
2201 1 2202 -1
2206 14 2233 2234 -1
2209 31 2252 -1
2210 17 2211 2246 2253 -1
2234 14 2285 -1
2228 1 2234 -1
2230 49 2231 2234 2240 2256 -1
2231 66 2234 2294 -1
2229 143 2209 2225 2231 2234 2237 2252 2289 -1
2232 12 2234 -1
2233 36 2234 2251 -1
2236 75 2225 2231 2241 2246 2251 2256 2273 -1
2237 241 2209 2251 2252 2256 2257 2276 2289 2290 2297 -1
2239 1 2241 -1
2240 108 2209 2237 2241 2256 2285 -1
2243 1 2242 -1
2246 8 2210 -1
2249 38 2281 -1
2250 3 2246 -1
2251 25 2231 -1
2252 22 2251 2253 -1
2255 31 2290 -1
2256 247 2225 2240 2264 2294 -1
2257 49 2225 2246 -1
2258 95 2246 -1
2259 1 2246 -1
2267 1 2273 -1
2268 1 2273 -1
2269 2 2273 -1
2270 1 2273 -1
2274 48 2240 -1
2278 4 2276 -1
2282 5 2285 -1
2285 17 2210 2231 -1
2290 120 2209 2210 2252 2257 2289 2297 -1
2288 1 2290 -1
2289 14 2237 2290 -1
2297 164 2209 2210 2225 2240 2290 -1
2298 48 2289 -1
2299 67 2251 2256 -1
2308 1 2285 -1
2310 1 2285 -1
2311 1 2285 -1
2312 1 2285 -1
2313 1 2285 -1
2314 3 2285 -1
2315 1 2285 -1
2309 3 2285 -1
2316 3 2285 -1
2317 2 2285 -1
2318 2 2285 -1
2319 3 2285 -1
2320 2 2285 -1
2321 3 2285 -1
2322 19 2289 -1
2323 111 2210 2225 2240 2252 2297 -1
2326 252 2209 2210 2252 2257 2289 2290 2297 -1
2328 215 2209 2210 2240 2252 2257 2264 2297 -1
2272 31 2225 -1
2364 14 2290 -1
2365 77 2252 2256 2297 -1
2369 189 2276 -1
2371 124 2225 2251 2256 2264 -1
2375 49 2240 2256 -1
2376 26 2237 2240 -1
2381 71 2252 2297 -1
2379 45 2257 -1
2384 72 2237 2256 -1
2398 62 2209 2210 2297 -1
2411 141 2209 2210 2251 2252 2256 2290 -1
2427 11 2237 2240 -1
2435 35 2231 2240 2256 -1
2440 50 2237 2257 -1
2444 6 2237 -1
2456 31 2285 -1
2458 6 2237 -1
2472 75 2225 2237 2264 -1
2473 103 2225 2251 2256 2264 -1
2476 35 2225 2264 -1
2478 6 2252 -1
2485 324 2225 2237 2256 2257 2289 2297 -1
2487 1 2240 -1
2488 21 2240 -1
2497 38 2225 2256 2297 -1
2502 30 2297 -1
2504 100 2252 2256 2297 -1
2506 46 2251 -1
2507 69 2225 2231 2264 -1
2510 68 2231 2294 -1
2531 2 2256 -1
2535 47 2240 -1
2541 37 2251 2256 -1
2542 93 2225 2231 2252 2264 2290 2297 -1
2546 34 2297 -1
2547 105 2209 2290 2297 -1
2549 70 2251 2256 -1
2550 26 2233 2264 -1
899 24 2225 -1
2557 77 2264 -1
2559 82 2225 2252 2256 2289 2290 -1
2560 180 2210 2231 2252 2256 -1
2564 50 2237 -1
2565 893 2209 2210 2223 2225 2231 2237 2240 2251 2252 2256 2257 2258 2264 2289 2290 2297 -1
2569 5 2294 -1
2576 146 2231 2251 2285 -1
2585 60 2210 2252 -1
2592 13 2237 -1
2593 32 2294 -1
2594 45 2256 2264 -1
2595 49 2237 2264 2276 -1
2598 7 2251 -1
2474 142 2210 2225 2229 2231 2240 2251 2256 2264 2294 2297 -1
2605 64 2251 -1
2608 14 2264 -1
2613 25 2237 -1
2617 22 2231 -1
2618 53 2209 2231 2240 2252 2256 -1
2623 108 2209 2257 -1
2620 24 2294 -1
2646 39 2256 -1
2647 18 2264 -1
2651 269 2209 2225 2231 2240 2252 2256 2257 2289 2290 -1
2653 113 2206 2209 2237 2252 2257 -1
2655 49 2210 -1
2657 44 2252 2257 2297 -1
2658 307 2209 2240 2252 2257 2290 2297 -1
2665 6 2251 2256 -1
2662 2 2256 -1
2671 1 2294 -1
2672 13 2294 -1
2673 1 2294 -1
2674 103 2209 2225 2231 2251 2252 2290 2297 -1
2699 74 2210 2252 -1
2700 168 2209 2210 2252 2257 2290 2297 -1
2701 19 2225 2264 -1
2686 156 2225 2231 2237 2285 2290 2297 -1
2702 80 2225 2251 -1
2703 61 2225 2231 2290 2297 -1
2688 618 2209 2210 2225 2231 2237 2240 2251 2252 2256 2257 2258 2276 2289 2290 2297 -1
2704 75 2225 2231 2237 2251 2256 -1
2660 164 2210 2231 2252 -1
2689 38 2257 -1
2667 126 2276 -1
2690 26 2225 2231 -1
2693 149 2209 2252 2289 2290 2297 -1
2696 64 2225 2237 -1
2697 45 2231 -1
2698 15 2297 -1
2719 21 2252 -1
2727 33 2251 2289 2297 -1
2733 3 2206 2237 -1
2747 79 2257 2289 2290 -1
2746 25 2256 -1
2760 23 2258 -1
2765 29 2257 2273 -1
2768 40 2264 -1
2775 35 2285 2297 -1
2789 3 2257 -1
2790 173 2209 2231 2256 2297 -1
2791 15 2297 -1
2792 18 2264 -1
2804 16 2209 2252 -1
2822 43 2256 -1
2654 104 2210 2252 2297 -1
2831 39 2256 -1
2838 21 2290 -1
2840 14 2256 2264 -1
2855 16 2225 2264 -1
2856 5 2264 -1
2857 1 2264 -1
2858 3 2264 -1
2859 139 2237 2264 -1
2871 282 2210 2225 2231 2240 2251 2252 2256 2257 2290 2297 -1
2872 87 2225 -1
2883 28 2277 -1
2898 2 2297 -1
2909 57 2237 -1
2912 33 2231 2251 -1
2923 35 2252 2256 -1
2940 123 2210 2240 2251 2273 2290 2297 -1
2948 26 2251 -1
2951 19 2297 -1
2958 47 2225 2256 -1
2964 70 2210 2225 2237 2256 -1
2967 238 2209 2210 2237 2240 2252 2256 2257 2290 2297 -1
2968 55 2225 2251 2258 2297 -1
2972 357 2237 2240 2273 -1
2978 6 2237 -1
2988 55 2252 2257 -1
2994 3 2237 -1
3007 15 2251 -1
3000 43 2225 -1
3009 51 2252 2290 2297 -1
3005 28 2210 2256 2297 -1
3006 31 2225 2256 -1
3010 123 2209 2251 2252 2257 2297 -1
2707 103 2225 2237 2251 2289 -1
3015 44 2258 -1
3017 3 2256 -1
3018 19 2256 -1
3020 52 2225 2231 -1
3024 52 2225 2231 -1
3025 4 2237 -1
3026 175 2209 2225 2237 2251 2252 -1
3028 189 2209 2210 2231 2237 2252 2256 2257 2297 -1
3031 50 2206 2231 -1
3032 216 2252 2257 2285 2289 2290 -1
3033 45 2251 2289 2290 2297 -1
3034 38 2231 2237 -1
3035 13 2237 -1
2713 200 2209 2210 2252 2257 2289 2290 2297 -1
3037 7 2256 -1
3038 1 2256 -1
3039 14 2256 -1
3040 7 2256 -1
3041 14 2256 -1
3042 1 2256 -1
3043 1 2256 -1
3044 6 2256 -1
3046 10 2251 -1
3056 44 2209 2251 2290 -1
3055 52 2209 2231 2257 -1
3059 32 2237 2251 -1
3047 12 2251 -1
3060 4 2251 -1
2356 57 2210 2289 -1
3062 42 2225 2231 -1
3071 1 2251 -1
3072 25 2251 -1
3073 34 2251 -1
3074 1 2251 -1
3075 2 2251 -1
3076 1 2251 -1
3084 62 2210 -1
3088 37 2225 2237 -1
3092 81 2225 -1
3098 37 2225 2231 -1
3095 37 2225 2231 -1
3107 10 2210 2297 -1
2842 124 2209 2231 2252 2290 2297 -1
3108 8 2237 -1
2003 63 2231 -1
3144 88 2209 2237 2290 -1
3145 18 2240 -1
3147 6 2225 -1
3148 26 2297 -1
3159 9 2237 -1
3168 79 2289 -1
3175 41 2257 -1
3180 24 2225 2290 2297 -1
3192 56 2210 2297 -1
3191 68 2277 -1
3196 22 2257 -1
3199 13 2237 -1
3208 6 2237 -1
3209 41 2225 2237 2290 -1
3212 1 2237 -1
3213 1 2237 -1
3215 1 2237 -1
3214 1 2237 -1
3216 2 2237 -1
3210 3 2237 -1
3217 1 2237 -1
532 1 2237 -1
3219 1 2237 -1
3220 1 2237 -1
3221 1 2237 -1
1509 1 2237 -1
3211 2 2237 -1
3218 1 2237 -1
3222 1 2237 -1
3223 1 2237 -1
3224 1 2237 -1
3225 13 2225 -1
3233 3 2285 -1
3238 28 2225 -1
3252 37 2209 -1
3262 9 2297 -1
3276 79 2210 2240 2297 -1
3291 58 2240 2290 -1
3297 51 2210 -1
3304 31 2257 2297 -1
3315 13 2258 -1
3290 36 2237 2252 2290 -1
3317 15 2210 -1
3321 18 2237 -1
3325 6 2290 -1
3333 15 2290 -1
3343 13 2209 -1
3345 35 2297 -1
3349 9 2209 2252 -1
3350 55 2237 -1
3352 273 2240 2252 2257 2289 2297 -1
3375 43 2290 -1
3377 4 2297 -1
3378 41 2297 -1
3379 19 2209 2252 2290 2297 -1
3380 42 2290 2297 -1
3381 180 2290 2297 -1
3382 1 2297 -1
3383 2 2297 -1
3384 3 2297 -1
3385 1 2297 -1
3394 156 2209 2237 2252 2257 -1
3402 122 2237 2252 -1
3404 89 2257 2276 2290 -1
3390 60 2258 -1
3417 30 2237 2257 -1
3444 2 2252 -1
3439 88 2206 2209 2210 2290 -1
3447 271 2237 2258 2285 -1
3449 314 2237 2240 2258 2276 -1
3450 27 2240 -1
3451 98 2289 -1
3452 131 2237 2240 -1
3453 319 2237 2240 2258 -1
3454 148 2210 2237 2289 -1
3456 241 2240 2276 2289 -1
3457 166 2257 2289 -1
3458 69 2257 -1
3459 92 2276 -1
3461 101 2252 2277 -1
3466 17 2209 -1
3470 21 2209 2252 -1
3472 15 2237 2285 -1
3479 102 2237 -1
3481 17 2290 -1
3482 24 2209 2252 2257 -1
3483 20 2209 -1
3477 53 2209 2210 2252 2257 -1
3492 3 2285 -1
3495 3 2285 -1
3491 2 2285 -1
3498 114 2237 2290 -1
3499 3 2285 -1
3512 9 2209 -1
3519 48 2237 -1
3523 28 2257 -1
3527 64 2257 -1
3531 1 2290 -1
3532 5 2290 -1
3541 81 2210 -1
3553 8 2252 -1
3557 10 2257 -1
3562 40 2210 -1
3568 147 2257 -1
3569 42 2210 -1
3576 4 2252 -1
3577 1 2252 -1
3528 13 2257 -1
3593 26 2237 -1
3601 52 2276 -1
3603 12 2237 -1
3607 24 2237 -1
3611 22 2257 -1
3614 205 2257 2258 2276 -1
3615 144 2237 2240 2252 -1
3622 22 2257 -1
3624 64 2210 2237 2240 -1
3630 32 2240 2276 -1
3631 91 2258 -1
3633 48 2252 -1
3634 82 2240 2276 -1
3635 63 2289 -1
3641 212 2210 2276 -1
3642 362 2276 2277 2285 -1
3643 44 2276 -1
3645 40 2210 2289 -1
3646 9 2210 -1
3658 39 2237 2257 -1
3659 38 2289 -1
3660 87 2252 2289 -1
3661 36 2210 -1
3665 20 2223 -1
3666 144 2210 2240 2252 -1
3685 2 2237 -1
3688 4 2289 -1
3691 95 2289 -1
3724 93 2210 2289 -1
3735 3 2210 -1
3748 30 2289 -1
3720 11 2210 -1
3767 16 2210 -1
3770 22 2210 -1
3786 99 2252 2258 2273 2277 -1
3787 232 2237 2252 2258 -1
3796 113 2237 -1
3794 46 2237 -1
3798 23 2210 -1
3813 94 2258 2289 -1
3814 47 2210 2252 -1
3815 20 2210 2276 -1
3830 20 2240 -1
3854 82 2237 2258 -1
3871 5 2237 -1
3869 5 2237 -1
3872 15 2210 2237 -1
3905 2 2289 -1
3917 29 2237 -1
3924 5 2210 -1
3949 30 2210 -1
3956 85 2276 -1
3961 16 2210 2252 -1
3969 90 2240 -1
3976 145 2240 2276 -1
3982 20 2276 -1
4000 4 2210 -1
4001 28 2289 -1
4006 2 2210 -1
4007 15 2210 -1
4016 2 2210 -1
4015 2 2210 -1
4036 147 2258 -1
4040 104 2237 2240 2277 -1
4044 89 2237 2240 -1
4045 257 2237 2240 2276 -1
4077 77 2237 -1
4065 131 2289 -1
4070 111 2258 -1
4072 29 2237 2240 -1
4073 115 2276 -1
4099 155 2240 2258 -1
4123 25 2289 -1
4124 50 2229 2289 -1
4127 41 2237 2240 -1
4138 64 2289 -1
4142 37 2240 -1
4148 6 2289 -1
3995 57 2276 -1
4211 65 2289 -1
4212 53 2237 2289 -1
4219 112 2240 -1
4220 3 2240 -1
4222 41 2240 -1
4223 7 2240 -1
4224 17 2240 -1
4221 42 2240 -1
4225 1 2240 -1
4234 3 2289 -1
4261 24 2289 -1
4276 52 2258 -1
4297 38 2276 -1
4315 29 2289 -1
4347 55 2223 -1
4353 80 2258 -1
4383 4 2223 -1
4404 1 2289 -1
4415 17 2237 -1
4468 18 2258 -1
4483 153 2276 -1
4536 81 2258 -1
4550 100 2258 -1
4557 16 2276 -1
4600 15 2237 -1
4632 228 2223 2276 2285 -1
4659 3 2237 -1
4681 20 2223 -1
4687 23 2237 2285 -1
4688 59 2237 -1
4781 27 2276 -1
4792 62 2273 -1
4798 4 2223 -1
4818 28 2237 -1
4824 101 2276 2277 -1
4832 7 2237 -1
4857 1 2237 -1
4833 6 2237 -1
4834 1 2237 -1
4835 1 2237 -1
4836 1 2237 -1
4837 2 2237 -1
4838 2 2237 -1
4839 1 2237 -1
4840 4 2237 -1
4858 1 2237 -1
4841 1 2237 -1
4842 2 2237 -1
4843 24 2237 -1
4844 2 2237 -1
4859 30 2237 -1
4860 2 2237 -1
4845 1 2237 -1
4846 34 2237 -1
4847 1 2237 -1
4848 1 2237 -1
4849 2 2237 -1
4850 3 2237 -1
4861 1 2237 -1
4862 4 2237 -1
4851 3 2237 -1
4852 3 2237 -1
4863 1 2237 -1
4853 5 2237 -1
4854 2 2237 -1
4855 2 2237 -1
4856 3 2237 -1
4899 169 2276 -1
4967 361 2258 2273 2276 -1
4988 23 2276 -1
5002 115 2276 -1
5022 172 2285 -1
5020 139 2276 -1
5079 271 2273 2276 2285 -1
4828 168 2273 -1
5123 69 2276 -1
5125 54 2273 -1
5140 51 2273 -1
5160 12 2285 -1
5171 41 2258 -1
4795 73 2276 -1
5176 139 2258 2276 -1
4310 278 2258 2276 2285 -1
5179 217 2258 2276 -1
5180 49 2258 -1
5184 68 2258 2276 -1
5185 152 2273 2277 -1
5188 211 2258 -1
5189 312 2258 2276 2277 -1
5190 80 2258 -1
5246 44 2276 -1
5263 75 2258 2277 -1
5301 61 2276 2285 -1
5382 19 2258 -1
5391 37 2258 -1
5439 66 2273 -1
5457 44 2276 2277 -1
5524 389 2273 -1
5531 243 2273 2276 2285 -1
5532 26 2285 -1
5543 137 2276 -1
5553 46 2258 -1
5562 13 2277 -1
5582 105 2276 -1
5600 8 2258 -1
5612 66 2276 -1
5639 4 2258 -1
5644 21 2273 -1
5655 139 2276 -1
5656 5 2276 -1
5684 18 2258 2276 -1
5697 230 2273 -1
5739 45 2273 -1
5787 32 2276 -1
5796 191 2276 -1
5804 33 2276 -1
5809 21 2276 -1
5814 144 2276 -1
5816 84 2273 2285 -1
5818 67 2285 -1
5819 61 2276 -1
5821 22 2285 -1
5822 98 2285 -1
5857 92 2276 2285 -1
5934 42 2276 -1
6042 1 2276 -1
6043 39 2276 -1
6072 54 2223 -1
6223 17 2285 -1
6305 190 2285 -1
6380 4 2223 -1
6327 108 2285 -1
6538 21 2285 -1
6578 1 2285 -1
6579 1 2285 -1
6580 1 2285 -1
6586 1 2285 -1
6581 1 2285 -1
6582 1 2285 -1
6583 1 2285 -1
6587 1 2285 -1
6584 1 2285 -1
6588 1 2285 -1
6585 1 2285 -1
6596 177 2223 -1
4401 9 2223 -1
6907 191 2223 -1
7047 161 2223 -1
7280 89 2223 -1
7301 27 2223 -1
7391 52 2223 -1
7490 27 2223 -1
7675 25 2223 -1
7743 13 2223 -1
7810 9 2223 -1
7818 23 2223 -1
7964 11 2223 -1
7980 15 2223 -1
8005 2 2223 -1