11 743 6170 -1
36 227 6151 -1
39 41 6123 -1
29 150 6198 -1
59 94 6166 -1
87 195 6156 6174 -1
68 275 6124 6130 6156 -1
109 190 6123 6156 6174 -1
127 132 6156 -1
143 94 6156 -1
173 334 6151 -1
166 93 6156 -1
208 6 6156 -1
311 321 6151 6156 -1
319 199 6110 -1
335 46 6174 -1
457 732 6106 6124 6149 6156 6161 6166 6170 -1
467 12 6156 -1
634 150 6148 -1
663 158 6123 -1
686 83 6148 6151 -1
737 232 6123 6156 6170 -1
766 773 6123 6124 6151 6156 6166 6170 6174 -1
813 272 6124 -1
816 29 6166 -1
1000 60 6148 -1
1041 49 6124 -1
1063 29 6123 -1
1074 95 6156 6170 -1
1098 305 6123 6151 6170 -1
1133 399 6124 6148 6161 6166 -1
1151 472 6124 6151 6156 6166 6174 -1
1166 599 6148 6151 6156 6164 6198 -1
1215 65 6161 -1
1267 61 6170 -1
1374 462 6151 6174 -1
1470 156 6156 -1
1542 244 6123 6124 6166 -1
1549 587 6123 -1
1667 55 6164 -1
1691 50 6151 -1
1701 112 6156 -1
1722 14 6151 -1
1748 76 6123 -1
1783 57 6148 -1
1811 43 6151 -1
1814 105 6124 -1
1823 49 6170 -1
1879 13 6123 -1
1915 33 6148 6161 -1
2037 8 6111 -1
2145 145 6166 -1
2258 95 6124 -1
2276 32 6156 -1
2328 215 6123 -1
2369 189 6107 6111 6156 6166 -1
2387 66 6148 -1
2410 34 6151 -1
2440 50 6111 -1
2452 42 6123 -1
2485 324 6123 6124 6148 6151 -1
2504 100 6123 6124 6156 -1
2507 69 6164 -1
2535 47 6156 -1
2552 5 6124 -1
2565 893 6123 6151 6174 6198 -1
2576 146 6174 -1
2585 60 6124 -1
2623 108 6109 6124 6130 -1
2658 307 6151 6174 -1
2677 40 6123 -1
2686 156 6105 6111 -1
2702 80 6124 -1
2688 618 6124 6156 6161 6166 -1
2667 126 6105 6111 6124 6148 6151 6166 -1
2696 64 6148 -1
2744 39 6148 -1
2831 39 6124 -1
2967 238 6148 -1
2972 357 6166 6170 -1
2988 55 6148 -1
3027 39 6124 -1
3028 189 6130 -1
3032 216 6148 6151 6156 6170 -1
3088 37 6156 -1
3176 6 6148 -1
3291 58 6148 6151 -1
3310 18 6151 -1
3340 4 6148 -1
3366 63 6105 -1
3381 180 6123 6156 6170 -1
3447 271 6105 6109 6148 -1
3449 314 6124 6164 6166 -1
3457 166 6123 -1
3459 92 6106 6124 6198 -1
3462 54 6156 -1
3479 102 6124 -1
3478 42 6124 -1
3522 71 6124 6148 -1
3535 5 6148 -1
3568 147 6162 -1
3586 156 6123 -1
3600 12 6123 -1
3601 52 6156 -1
3614 205 6124 -1
3641 212 6105 6107 6123 6124 6148 -1
3642 362 6105 6107 6109 6111 6124 6130 6148 6151 6156 6161 6166 6170 -1
3787 232 6156 -1
3794 46 6148 -1
3813 94 6123 6156 -1
3854 82 6148 -1
3916 42 6105 6123 6124 -1
3958 15 6123 -1
3965 89 6124 6148 6156 6174 -1
3976 145 6109 6130 6164 -1
4036 147 6123 6148 -1
4037 15 6124 -1
4041 68 6124 -1
4045 257 6124 6148 6156 6166 -1
4073 115 6105 -1
4099 155 6123 6124 -1
4151 84 6166 -1
4175 8 6148 -1
4221 42 6124 -1
4273 23 6170 -1
4331 2 6174 -1
4347 55 6174 -1
4437 70 6123 -1
4441 202 6151 6162 6174 -1
4483 153 6107 6151 6166 -1
4488 50 6123 6156 -1
4598 71 6105 6151 6156 -1
4632 228 6124 6151 6156 6166 6174 -1
4653 114 6164 -1
4654 2 6148 -1
4673 96 6156 -1
4709 25 6123 -1
4712 121 6123 -1
4750 3 6124 -1
4764 53 6123 -1
4781 27 6124 -1
4792 62 6124 -1
4824 101 6124 -1
4829 78 6156 6170 -1
4894 79 6130 6161 -1
4899 169 6124 -1
4948 214 6151 -1
4967 361 6106 6110 6124 6148 6156 6166 6170 -1
4981 53 6151 -1
5002 115 6123 6124 6198 -1
5022 172 6148 6151 6161 6164 6170 -1
5020 139 6148 -1
5024 4 6148 -1
5053 52 6123 6151 -1
5072 3 6174 -1
5079 271 6124 6156 6170 -1
5096 14 6174 -1
5104 3 6151 -1
4828 168 6106 6161 6162 -1
5123 69 6124 -1
5125 54 6148 6151 6162 -1
5166 48 6123 -1
5171 41 6164 -1
5173 122 6156 -1
4795 73 6151 -1
5177 101 6105 6124 6148 6164 6166 -1
5178 19 6124 6156 6170 -1
4310 278 6105 6123 6124 6151 6156 -1
5179 217 6111 6123 6124 6148 6151 6156 6170 -1
5185 152 6124 6156 6170 -1
5188 211 6156 6170 -1
5189 312 6105 6111 6123 6124 6148 6166 -1
5196 32 6166 -1
5246 44 6109 -1
5276 9 6123 6156 -1
5301 61 6123 6124 6148 6151 -1
5404 40 6156 -1
5430 6 6156 -1
5427 37 6105 -1
5439 66 6156 -1
5445 63 6161 -1
5457 44 6149 -1
5472 16 6123 -1
5484 22 6124 -1
5487 30 6161 6166 -1
5524 389 6111 6123 6124 6151 6156 6162 6166 6170 6174 -1
5531 243 6124 6148 6151 6156 6170 -1
5532 26 6156 -1
5543 137 6123 6124 6148 6166 -1
5549 10 6156 -1
5553 46 6151 -1
5562 13 6156 -1
5582 105 6166 6170 -1
5584 12 6156 -1
5608 16 6124 -1
5612 66 6148 6170 -1
5617 22 6110 -1
5624 28 6148 -1
5630 36 6161 6164 6166 -1
5655 139 6105 6124 6149 6156 6161 6198 -1
5691 49 6124 6148 6151 -1
5696 50 6124 6161 -1
5697 230 6156 6170 -1
5714 44 6124 6156 -1
5739 45 6162 -1
5783 23 6124 6148 -1
5787 32 6124 6166 -1
5796 191 6105 6110 6123 6124 6148 6156 -1
5800 222 6123 6156 6174 -1
5802 385 6123 6151 6156 6170 6174 6198 -1
5805 16 6148 -1
5809 21 6105 6110 6124 6148 -1
5810 29 6156 -1
5811 79 6123 6198 -1
5812 41 6161 -1
5814 144 6105 6123 6156 -1
5818 67 6166 -1
5819 61 6110 -1
5822 98 6174 -1
5827 15 6123 -1
5829 12 6148 -1
5839 41 6123 6161 -1
5836 11 6148 -1
5862 24 6124 6156 -1
5915 52 6151 -1
5934 42 6111 6156 6166 -1
5935 11 6161 -1
5960 4 6124 -1
5998 81 6123 -1
6006 68 6156 -1
6020 25 6166 -1
6023 30 6161 -1
6032 80 6123 -1
6043 39 6124 6148 -1
6068 32 6124 6151 6166 6174 -1
6069 5 6148 6161 -1
6075 18 6124 -1
6097 26 6123 -1
6094 11 6124 -1
6100 1 6101 -1
6126 11 6148 -1
6128 2 6151 -1
6130 1 6161 -1
6135 2 6161 -1
6141 1 6148 -1
6142 1 6148 -1
6143 1 6148 -1
6144 1 6148 -1
6145 1 6148 -1
6146 9 6148 -1
6147 1 6148 -1
6150 1 6151 -1
6156 22 6166 -1
6157 3 6164 -1
6160 3 6161 -1
6165 4 6166 -1
6217 31 6156 -1
6219 4 6170 -1
6223 17 6156 -1
6241 75 6123 -1
6243 35 6123 -1
6270 88 6123 6198 -1
6272 76 6123 -1
6280 52 6123 -1
6299 78 6170 6198 -1
6305 190 6156 6170 -1
6314 10 6156 -1
6331 3 6156 -1
6359 81 6170 -1
6443 70 6151 6156 -1
6447 12 6170 -1
6467 8 6156 -1
6483 28 6156 -1
6486 85 6123 -1
6488 22 6170 -1
6545 5 6156 -1
6560 43 6123 6198 -1
6563 58 6123 -1
6596 177 6151 6174 -1
6605 10 6156 -1
6618 91 6123 -1
6619 104 6123 -1
6615 160 6123 6198 -1
6624 135 6123 6151 6174 -1
6671 4 6156 -1
6672 1 6156 -1
6673 1 6156 -1
6674 1 6156 -1
6675 1 6156 -1
6676 6 6156 -1
6677 1 6156 -1
6678 1 6156 -1
6679 1 6156 -1
6714 100 6123 -1
6758 10 6123 -1
6772 77 6123 6198 -1
6774 24 6123 -1
6914 95 6123 -1
6906 49 6123 -1
6907 191 6123 -1
6316 19 6123 -1
6991 18 6198 -1
6993 81 6151 6174 -1
7021 15 6123 -1
7052 142 6151 6174 -1
7047 161 6151 6174 -1
7055 98 6151 -1
7049 27 6151 -1
7057 118 6123 6151 6174 -1
7061 3 6123 -1
7063 16 6123 -1
7086 123 6174 -1
7131 24 6123 -1
7132 30 6123 -1
7231 101 6151 6174 -1
7233 22 6123 -1
7241 21 6123 -1
7280 89 6151 -1
7317 15 6198 -1
7380 3 6123 -1
7400 15 6123 -1
7170 1 6123 -1
7401 3 6123 -1
7402 5 6123 -1
7403 1 6123 -1
7404 1 6123 -1
7405 18 6123 -1
7520 3 6174 -1
7588 8 6174 -1
7598 33 6151 -1
7614 39 6151 6174 -1
7679 26 6151 -1
7695 3 6151 -1
7766 13 6151 -1
7768 11 6174 -1
7769 19 6174 -1
7770 2 6174 -1