6 302 5323 -1
20 187 5327 -1
24 309 5327 5341 -1
58 38 5378 -1
72 164 5321 -1
87 195 5308 5392 -1
68 275 5323 5351 -1
109 190 5321 -1
122 213 5335 5392 -1
132 29 5321 -1
173 334 5335 -1
311 321 5335 -1
319 199 5335 -1
339 80 5335 5341 -1
425 79 5321 5384 -1
447 15 5384 -1
457 732 5305 5321 5335 5378 -1
600 214 5341 -1
722 264 5323 5326 5341 5392 -1
737 232 5321 5341 5384 -1
738 8 5301 -1
759 77 5321 5392 -1
763 68 5392 -1
766 773 5323 5392 -1
789 317 5323 5327 5335 5392 -1
825 165 5301 5351 -1
896 26 5335 -1
996 297 5335 5392 -1
1004 12 5305 -1
1041 49 5308 5309 5326 -1
1051 46 5335 -1
1075 74 5341 -1
1098 305 5321 -1
1111 60 5392 -1
1127 62 5335 -1
1132 57 5335 -1
1133 399 5301 5335 5392 -1
1166 599 5301 5305 5309 5321 5327 5384 5392 -1
1247 77 5321 -1
1335 62 5305 -1
1353 30 5341 -1
1374 462 5301 5321 5323 5335 5341 5384 5392 -1
1381 52 5323 -1
1416 13 5384 -1
1522 139 5301 5321 -1
1524 4 5321 -1
1542 244 5301 5308 5323 5327 5335 5341 -1
1549 587 5305 5312 5341 5384 -1
1608 355 5335 -1
1612 68 5378 5384 -1
1614 73 5341 -1
1639 36 5335 -1
1667 55 5301 -1
1697 70 5335 -1
1714 5 5335 -1
1717 96 5341 -1
1737 9 5301 -1
1762 47 5321 -1
1769 67 5327 -1
1814 105 5305 -1
1847 47 5392 -1
1888 36 5321 -1
1922 204 5305 -1
1937 13 5341 -1
1972 181 5323 5327 5341 -1
2001 39 5392 -1
2009 63 5341 -1
2010 27 5301 -1
2033 22 5341 -1
2109 47 5327 5392 -1
2225 34 5335 -1
2240 108 5321 -1
2249 38 5378 -1
2276 32 5393 -1
2299 67 5323 -1
2316 3 5375 -1
2321 3 5375 -1
2369 189 5303 5305 5321 5327 5375 -1
2384 72 5341 -1
2387 66 5341 5354 5392 -1
2410 34 5392 -1
2440 50 5335 -1
2452 42 5378 -1
2485 324 5323 -1
2506 46 5311 -1
2535 47 5335 5375 -1
2549 70 5301 -1
2560 180 5341 -1
2565 893 5321 5335 5341 5364 5378 5384 5392 -1
2576 146 5301 5305 -1
2474 142 5311 -1
2605 64 5301 5321 -1
2612 29 5387 -1
2658 307 5378 -1
2674 103 5312 -1
2683 13 5305 -1
2699 74 5335 -1
2688 618 5305 5308 5321 5323 5327 5335 5341 5368 5392 -1
2667 126 5301 -1
2693 149 5375 -1
2694 18 5335 -1
2760 23 5311 -1
2765 29 5341 -1
2778 22 5323 -1
2790 173 5323 -1
2544 11 5321 -1
2871 282 5308 -1
2883 28 5387 -1
2909 57 5387 -1
2972 357 5305 5326 5335 5387 5392 -1
3000 43 5311 -1
3028 189 5350 -1
3032 216 5323 5327 5335 -1
3090 12 5335 -1
3092 81 5309 -1
3142 49 5378 -1
3191 68 5321 5323 5335 5341 5387 5392 -1
3227 19 5301 -1
3352 273 5308 5323 5327 5335 5341 5364 5392 -1
3366 63 5308 5311 -1
3380 42 5378 -1
3381 180 5335 5384 -1
3394 156 5301 -1
3402 122 5335 5392 -1
3404 89 5323 5341 5375 -1
3390 60 5321 5335 5388 -1
3425 2 5375 -1
3417 30 5335 5341 -1
3447 271 5305 5308 5312 5323 5341 5364 5368 5375 -1
3449 314 5301 5305 5327 5335 5341 5392 -1
3452 131 5301 5335 5375 5392 -1
3453 319 5306 5311 5323 5335 5341 5354 5375 5392 5393 -1
3456 241 5335 -1
3457 166 5327 5341 -1
3459 92 5301 5305 5321 5363 5393 -1
3461 101 5321 -1
3465 3 5301 -1
3466 17 5301 -1
3478 42 5335 -1
3495 3 5375 -1
3522 71 5305 5375 -1
3586 156 5335 -1
3593 26 5384 -1
3601 52 5392 -1
3614 205 5326 5335 5387 -1
3631 91 5392 -1
3634 82 5323 -1
3641 212 5321 5327 5335 -1
3642 362 5301 5305 5321 5335 5384 -1
3658 39 5335 5341 -1
3666 144 5305 5323 5327 5335 -1
3691 95 5335 -1
3728 85 5327 5341 -1
3786 99 5321 5341 -1
3787 232 5305 5321 5327 5378 5392 -1
3796 113 5301 -1
3794 46 5392 -1
3806 45 5327 5392 -1
3835 35 5335 5341 -1
3854 82 5301 -1
3863 5 5308 -1
3872 15 5384 -1
3956 85 5321 -1
3958 15 5301 -1
3960 23 5327 5392 -1
3965 89 5321 -1
3969 90 5323 5351 -1
3976 145 5303 5306 5327 5341 5364 5387 5388 -1
4040 104 5323 -1
4041 68 5375 -1
4045 257 5301 -1
4046 89 5384 -1
4077 77 5308 5392 -1
4070 111 5305 5308 5321 5323 5327 5341 -1
4073 115 5312 -1
4099 155 5321 -1
4136 26 5301 -1
4142 37 5301 -1
4144 76 5301 5321 5392 -1
3995 57 5321 -1
4212 53 5311 5326 5350 5362 5375 -1
4219 112 5301 5323 -1
4353 80 5326 5327 5335 5387 5392 -1
4355 50 5323 5341 -1
4364 39 5335 5392 -1
4441 202 5323 5378 -1
4448 36 5308 5309 5312 5335 -1
4455 22 5306 -1
4468 18 5321 -1
4476 16 5311 -1
4483 153 5301 -1
4488 50 5392 -1
4533 3 5323 5341 -1
4550 100 5321 5323 5335 5341 5364 5392 -1
4553 3 5392 -1
4574 40 5301 -1
4587 27 5350 -1
4598 71 5301 -1
4600 15 5341 -1
4487 31 5301 5306 5392 -1
4632 228 5327 5335 -1
4652 8 5335 -1
4653 114 5305 5308 5309 5326 5327 5351 5354 5363 5392 5393 -1
4665 9 5305 -1
4686 57 5308 5387 5392 -1
4715 11 5321 -1
2621 8 5305 -1
4718 46 5305 5306 5341 5354 5375 -1
4748 38 5301 5323 5335 5354 5364 -1
4792 62 5326 -1
4818 28 5375 -1
4824 101 5301 5310 5321 -1
4829 78 5326 5327 5335 5341 5392 -1
4846 34 5341 -1
4894 79 5323 5335 5375 -1
4898 11 5368 5392 -1
4899 169 5301 5323 5327 5341 5392 -1
4948 214 5311 5321 5326 5327 5335 5378 5388 5392 -1
4964 60 5321 -1
4966 25 5335 -1
4967 361 5301 5335 5387 5392 5393 -1
4938 12 5323 5341 -1
4974 44 5351 -1
4982 43 5321 5327 -1
5002 115 5393 -1
5008 27 5303 5323 -1
5022 172 5301 5335 -1
5020 139 5308 5312 5321 5323 5327 5335 5341 5350 5368 5375 5392 -1
5029 26 5323 5327 -1
5059 26 5384 -1
5078 3 5341 -1
5079 271 5301 5306 5310 5321 5327 5335 5368 5393 -1
5096 14 5327 -1
5110 84 5301 5323 5327 5335 5341 5392 -1
4828 168 5321 5326 5335 -1
5121 9 5301 -1
5125 54 5327 5341 -1
5155 24 5311 5363 5392 5393 -1
5160 12 5392 -1
5173 122 5384 -1
4795 73 5392 -1
5176 139 5301 5308 5321 5326 5392 -1
4310 278 5301 5308 5311 5321 5323 5327 5335 5341 -1
5179 217 5335 -1
5181 41 5321 -1
5184 68 5335 5392 -1
5185 152 5321 5378 -1
5187 31 5301 5321 -1
5188 211 5321 -1
5189 312 5301 5305 5321 5326 5327 5335 5341 5351 5387 5392 -1
5190 80 5321 5335 5341 5387 5392 -1
5191 10 5392 -1
5201 15 5378 -1
5239 1 5305 -1
5243 19 5308 5392 -1
5246 44 5392 5393 -1
5254 33 5321 -1
5255 8 5323 -1
5262 59 5301 5308 -1
5263 75 5305 5321 -1
5285 21 5312 -1
5286 10 5335 5375 -1
5295 22 5321 -1
5296 16 5323 -1
5312 9 5305 -1
5316 24 5387 -1
5317 18 5326 5327 -1
5320 11 5326 5387 -1
5321 32 5301 5326 5327 5341 -1
5324 16 5323 5327 5392 -1
5328 1 5327 -1
5329 2 5327 5335 -1
5330 1 5327 -1
5333 3 5335 -1
5332 6 5335 -1
5334 7 5301 5335 -1
5336 3 5341 -1
5339 10 5341 -1
5337 1 5341 -1
5355 1 5354 -1
5360 15 5392 -1
5370 1 5375 -1
5371 1 5375 -1
5372 1 5375 -1
5373 1 5375 -1
5374 1 5375 -1
5380 2 5392 -1
5381 4 5392 -1
5390 2 5392 -1
5391 37 5392 -1
5419 9 5301 -1
5427 37 5321 5335 -1
5432 4 5378 -1
5439 66 5321 -1
5445 63 5305 5321 -1
5446 26 5321 -1
5457 44 5301 -1
5466 2 5387 -1
5504 2 5301 -1
5524 389 5301 5335 5378 5384 5393 -1
5531 243 5301 5321 5335 5384 -1
5543 137 5335 5384 -1
5553 46 5335 -1
5582 105 5384 -1
5584 12 5321 -1
5606 28 5321 -1
5608 16 5301 5335 -1
5612 66 5335 -1
5396 12 5301 -1
5627 3 5321 -1
5624 28 5321 -1
5625 1 5321 -1
5626 4 5321 -1
5628 1 5321 -1
5629 1 5321 -1
5644 21 5335 -1
5655 139 5393 -1
5647 8 5301 -1
5691 49 5301 -1
5697 230 5301 5321 -1
5705 3 5301 -1
5741 13 5301 5321 -1
5761 9 5305 -1
5773 75 5384 -1
5787 32 5301 -1
5796 191 5321 -1
5802 385 5384 5393 -1
5806 83 5335 5393 -1
5807 27 5384 -1
5816 84 5321 -1
5817 75 5321 -1
5818 67 5321 5335 -1
5819 61 5301 5378 -1
5829 12 5301 -1
5839 41 5301 -1
5842 1 5305 -1
5840 1 5305 -1
5841 1 5305 -1
5857 92 5321 -1
5872 27 5378 -1
5877 7 5301 -1
4767 14 5301 -1
5907 1 5301 -1
5911 2 5301 -1
5908 19 5301 -1
5909 2 5301 -1
5914 2 5335 -1
5966 7 5335 -1
6024 17 5335 -1
6220 18 5335 5384 -1
6241 75 5393 -1
6248 10 5335 -1
6263 4 5335 -1
6282 1 5335 -1
6280 52 5335 -1
6281 1 5335 -1
6305 190 5321 -1
6360 35 5384 -1
6377 17 5321 -1
6327 108 5384 -1
6443 70 5321 -1
6486 85 5393 -1
6494 101 5393 -1
6501 17 5321 -1
6510 54 5384 -1
6522 29 5321 -1
6526 11 5321 -1
6596 177 5378 -1
6613 9 5384 -1
6615 160 5321 5384 -1
6714 100 5321 -1
6736 33 5321 -1
6772 77 5321 -1
6815 4 5321 -1
6816 1 5321 -1
6620 93 5384 -1
6900 31 5378 -1
6915 2 5384 -1
6907 191 5378 -1
7043 14 5378 -1
7053 31 5378 -1
7054 40 5393 -1
7047 161 5378 -1
6946 68 5393 -1
7086 123 5378 -1
7099 18 5393 -1
7100 15 5384 -1
7110 5 5384 -1
7123 1 5384 -1
7122 1 5384 -1
7282 2 5378 -1
7284 2 5378 -1
7386 25 5378 -1
7391 52 5393 -1
7393 12 5378 -1
7449 39 5378 -1
7578 28 5378 -1
7675 25 5378 -1
7772 20 5378 -1
7865 24 5378 -1
7901 30 5378 -1
8046 16 5378 -1
8047 20 5378 -1
8048 3 5378 -1
8051 8 5378 -1
8053 20 5378 -1
8107 13 5378 -1
8231 1 5378 -1
8232 1 5378 -1
8233 1 5378 -1