11 743 4335 4384 -1
20 187 4373 -1
24 309 4310 4338 4349 4373 -1
36 227 4303 -1
37 20 4310 -1
53 39 4335 4389 -1
27 102 4335 -1
72 164 4335 -1
86 122 4338 -1
87 195 4332 4338 -1
90 72 4335 -1
68 275 4310 4335 4338 4351 4373 -1
109 190 4361 -1
122 213 4335 4365 4384 -1
127 132 4373 -1
136 99 4335 -1
147 58 4310 4365 4384 -1
154 61 4310 -1
173 334 4310 -1
187 37 4384 -1
203 31 4338 -1
231 50 4338 -1
306 244 4365 -1
308 142 4373 -1
319 199 4310 4335 -1
335 46 4365 -1
150 28 4373 -1
346 86 4335 -1
371 117 4335 4338 -1
395 42 4341 -1
407 145 4335 -1
425 79 4373 -1
434 6 4361 -1
457 732 4315 4335 4361 -1
556 121 4338 -1
600 214 4310 4338 4384 -1
634 150 4323 -1
637 25 4335 -1
645 16 4315 -1
695 118 4365 4384 -1
737 232 4335 -1
742 93 4384 4385 4386 -1
749 66 4335 -1
759 77 4338 -1
763 68 4335 -1
766 773 4310 4315 4323 4335 4338 4341 -1
784 224 4349 4373 4384 -1
789 317 4315 4335 4338 4355 -1
795 60 4384 -1
798 16 4349 4351 4365 4373 4384 -1
805 90 4384 -1
825 165 4310 -1
841 61 4335 -1
854 99 4385 -1
856 91 4361 -1
879 122 4323 4335 4359 4385 -1
896 26 4310 -1
947 27 4385 -1
956 42 4338 -1
971 72 4365 -1
974 36 4373 4384 -1
986 77 4365 -1
988 292 4384 -1
993 238 4365 -1
994 45 4384 -1
996 297 4315 4323 4335 4384 -1
1004 12 4335 -1
1011 6 4365 -1
1012 7 4373 -1
1018 5 4335 -1
1037 86 4335 -1
1097 88 4310 4335 -1
1111 60 4310 -1
1133 399 4310 4311 4323 4331 4335 4349 4351 4355 4359 4365 4373 4384 4385 -1
1137 135 4323 4335 4365 -1
1151 472 4310 4335 4338 4384 -1
1166 599 4315 4335 4355 4361 4384 -1
1167 158 4365 -1
1204 61 4335 -1
1236 103 4365 -1
1247 77 4384 -1
1278 69 4365 -1
1280 4 4341 -1
1305 290 4373 -1
1319 181 4323 -1
1353 30 4338 -1
1356 20 4373 -1
1374 462 4310 4335 4338 4341 4361 -1
1428 183 4349 -1
1470 156 4335 -1
1473 91 4338 -1
1496 210 4310 -1
1506 41 4349 -1
1537 68 4335 -1
1542 244 4310 4338 -1
1552 81 4335 -1
1549 587 4303 4310 4323 4335 4338 4349 -1
1550 42 4323 4349 4365 4373 4384 -1
1554 6 4310 -1
1608 355 4338 4361 4365 4384 -1
1614 73 4335 -1
1623 39 4335 -1
1661 66 4323 -1
1667 55 4310 4341 -1
1647 19 4315 -1
1680 4 4315 4373 -1
1701 112 4310 4338 4373 -1
1697 70 4349 4373 -1
1730 45 4384 -1
1733 42 4335 -1
1734 55 4310 4335 -1
1748 76 4351 -1
1769 67 4361 -1
1811 43 4349 -1
1808 129 4338 -1
1816 10 4335 -1
1823 49 4315 -1
1835 73 4338 -1
1915 33 4310 -1
1946 4 4323 -1
1980 47 4335 -1
1990 36 4384 -1
2001 39 4355 4361 -1
2033 22 4338 -1
2050 4 4335 -1
2065 50 4338 -1
2102 45 4335 4351 -1
2109 47 4338 -1
2129 44 4335 -1
2134 14 4323 4365 4386 -1
2135 146 4335 -1
2144 23 4349 -1
2145 145 4335 4384 -1
2186 61 4338 -1
2215 15 4384 -1
2217 11 4384 -1
2229 143 4323 4349 4365 4373 4384 4385 -1
2237 241 4335 4365 4384 -1
2240 108 4351 -1
2249 38 4361 -1
2256 247 4335 -1
2258 95 4349 -1
2277 8 4335 -1
2290 120 4384 -1
2297 164 4338 -1
2298 48 4349 4365 -1
2322 19 4349 -1
2323 111 4385 -1
2326 252 4323 4349 4373 4384 -1
2328 215 4323 -1
2369 189 4310 4315 -1
2371 124 4323 4361 -1
2375 49 4331 4365 4384 -1
2381 71 4315 4335 -1
2387 66 4315 4335 -1
2410 34 4310 -1
2411 141 4323 4386 -1
2452 42 4341 4361 -1
2480 7 4315 -1
2485 324 4338 4361 4384 -1
2535 47 4335 -1
2542 93 4338 4361 -1
2547 105 4349 -1
2566 32 4335 -1
2559 82 4365 4384 -1
2560 180 4311 4323 4341 4365 4384 -1
2564 50 4338 -1
2565 893 4315 4331 4335 4341 4349 4355 4361 4365 4373 4384 4385 4386 -1
2587 12 4349 -1
2595 49 4338 -1
2605 64 4335 -1
2623 108 4315 4338 4385 -1
2645 7 4351 -1
2651 269 4365 -1
2658 307 4311 4315 4331 4335 4373 4386 -1
2674 103 4335 -1
2699 74 4365 -1
2700 168 4323 4331 -1
2686 156 4310 4335 -1
2702 80 4310 -1
2688 618 4310 4315 4335 4338 4355 4373 4384 -1
2660 164 4365 4373 -1
2667 126 4310 -1
2696 64 4335 -1
2719 21 4323 -1
2727 33 4323 -1
2744 39 4335 -1
2747 79 4365 4384 -1
2775 35 4384 -1
2793 6 4335 -1
2811 19 4315 4335 -1
2831 39 4310 -1
2832 50 4349 4351 4373 4384 -1
2851 44 4335 -1
2859 139 4331 4332 4335 4351 4365 4373 4384 4385 4386 -1
2871 282 4315 4335 4338 -1
2883 28 4310 -1
2909 57 4310 4335 -1
2932 62 4323 4365 4373 -1
2967 238 4335 -1
2968 55 4349 -1
2972 357 4315 4331 4335 4338 4351 4361 -1
2983 28 4335 -1
2988 55 4310 4335 -1
3009 51 4338 4365 4373 4384 -1
2707 103 4335 4338 4365 -1
3015 44 4335 4338 -1
3026 175 4323 4335 4349 4384 -1
3027 39 4310 4335 -1
3028 189 4310 4331 4335 4384 4385 -1
3032 216 4323 4373 4384 4386 -1
2713 200 4323 4349 4365 4373 4384 -1
3086 8 4338 -1
3090 12 4341 -1
3092 81 4315 -1
3107 10 4365 -1
2842 124 4349 4384 -1
3142 49 4335 -1
3144 88 4373 -1
3168 79 4323 4365 4384 4386 -1
3189 10 4384 -1
3191 68 4315 -1
3202 8 4373 -1
3209 41 4315 4338 -1
3258 95 4338 -1
3276 79 4323 -1
3291 58 4365 4385 -1
3297 51 4384 -1
3352 273 4315 4323 4335 4349 4355 4365 4373 4384 -1
3306 7 4349 -1
3366 63 4310 4331 4335 4365 4386 -1
3373 12 4323 -1
3375 43 4385 -1
3393 10 4335 -1
3394 156 4315 4373 4385 4386 -1
3402 122 4335 4349 -1
3404 89 4310 -1
3390 60 4335 4338 -1
3417 30 4310 -1
3445 21 4335 -1
3439 88 4351 4365 -1
3447 271 4310 4335 4355 4361 -1
3449 314 4310 4315 4335 4338 -1
3451 98 4311 4323 4331 4332 4335 4349 4365 4373 4384 4385 4386 -1
3452 131 4310 4349 -1
3453 319 4310 4315 4335 4338 4355 -1
3454 148 4311 4331 4335 4384 -1
3456 241 4310 4338 4351 4361 4384 4385 -1
3457 166 4315 4323 4335 -1
3458 69 4338 -1
3459 92 4310 4355 -1
3461 101 4335 -1
3462 54 4338 -1
3469 23 4335 -1
3479 102 4323 4332 4335 4351 4365 4385 -1
3478 42 4338 -1
3488 16 4365 -1
3498 114 4335 -1
3521 29 4384 -1
3530 3 4349 -1
3540 4 4349 -1
3554 6 4373 -1
3563 3 4341 -1
3567 18 4335 -1
3568 147 4323 4335 4373 -1
3586 156 4310 -1
3601 52 4310 -1
3614 205 4310 4315 4335 4338 -1
3615 144 4349 4365 4384 -1
3624 64 4335 4359 4384 -1
3630 32 4373 -1
3631 91 4335 4349 -1
3633 48 4349 -1
3634 82 4323 4335 4361 4384 -1
3635 63 4311 4331 4332 4373 4384 4386 -1
3641 212 4310 4335 4349 -1
3642 362 4310 4338 4361 -1
3643 44 4310 -1
3645 40 4365 4373 -1
3660 87 4349 4365 4373 4384 -1
3661 36 4359 4365 -1
3662 10 4335 -1
3666 144 4331 4384 -1
3673 5 4315 -1
3682 75 4323 4331 4351 4373 -1
3692 8 4338 -1
3691 95 4310 4335 4359 -1
3724 93 4349 4373 4384 -1
3571 45 4310 4335 -1
3728 85 4335 4349 -1
3751 11 4310 -1
3762 8 4323 -1
3767 16 4384 4385 -1
3777 11 4373 4384 -1
3786 99 4310 4335 -1
3787 232 4315 4335 4349 4361 4365 4384 -1
3792 27 4335 -1
3796 113 4335 -1
3794 46 4335 4338 4361 -1
3813 94 4323 4335 4349 4359 4384 -1
3814 47 4386 -1
3835 35 4335 -1
3843 18 4335 -1
3845 8 4315 -1
3854 82 4335 -1
3855 6 4335 -1
3872 15 4365 -1
3881 2 4335 -1
3897 9 4335 -1
3912 17 4323 -1
3916 42 4335 -1
3917 29 4384 -1
3918 4 4335 -1
3919 15 4315 -1
3956 85 4310 4323 4335 4365 4384 -1
3969 90 4323 4331 -1
3973 33 4303 4311 4331 -1
3976 145 4335 4338 -1
3980 2 4373 -1
3985 32 4335 -1
4001 28 4365 -1
4013 21 4315 -1
4027 6 4384 -1
4036 147 4335 4338 4341 -1
4041 68 4335 4355 -1
4044 89 4335 -1
4045 257 4310 4315 4338 -1
4046 89 4361 -1
4063 27 4310 4335 -1
4077 77 4384 -1
4065 131 4331 4365 4373 -1
4068 6 4323 -1
4070 111 4335 4338 -1
4072 29 4335 -1
4073 115 4310 4315 4323 -1
4074 33 4323 4384 -1
4099 155 4335 4355 4361 -1
4111 16 4331 -1
4076 86 4335 -1
4123 25 4323 -1
4124 50 4323 4332 4365 4385 -1
4136 26 4323 -1
4137 7 4323 -1
4138 64 4335 -1
4142 37 4359 -1
4144 76 4335 -1
4148 6 4349 -1
4152 43 4335 4351 -1
4164 3 4341 -1
4178 3 4351 -1
4189 11 4315 -1
3995 57 4310 4335 -1
4205 5 4335 -1
4211 65 4335 4373 4385 4386 -1
4213 3 4365 -1
4219 112 4335 -1
4222 41 4335 -1
4221 42 4323 -1
4269 3 4335 -1
4273 23 4349 4373 4384 -1
4276 52 4338 -1
4282 6 4335 -1
4297 38 4315 -1
4307 3 4349 -1
4315 29 4373 -1
4316 8 4335 -1
4324 8 4384 -1
4325 3 4384 -1
4345 2 4349 -1
4346 1 4349 -1
4340 1 4349 -1
4342 10 4349 4365 -1
4341 1 4349 -1
4343 7 4349 -1
4347 55 4349 -1
4344 3 4349 4373 4384 -1
4348 1 4349 -1
4353 80 4310 4335 4338 -1
4354 6 4335 -1
4360 1 4365 -1
4361 6 4365 -1
4364 39 4361 4365 -1
4362 1 4365 -1
4363 22 4365 -1
4368 1 4373 -1
4369 2 4373 -1
4371 6 4373 -1
4370 1 4373 -1
4372 1 4373 -1
4375 3 4384 -1
4377 11 4384 -1
4378 1 4384 -1
4383 4 4384 -1
4379 5 4384 -1
4380 1 4384 -1
4381 1 4384 -1
4382 1 4384 -1
4415 17 4335 -1
4416 11 4338 -1
4429 12 4335 -1
4441 202 4310 4315 4341 -1
4448 36 4355 -1
4485 12 4335 -1
4483 153 4310 -1
4488 50 4310 -1
4524 9 4335 -1
4536 81 4335 4338 -1
4550 100 4335 4355 -1
4557 16 4310 4338 -1
4564 33 4315 4335 -1
4586 9 4335 -1
4632 228 4310 4315 4338 4355 4361 -1
4653 114 4315 4335 4355 -1
4661 19 4335 -1
4662 46 4361 -1
4663 10 4335 -1
4686 57 4338 -1
4687 23 4335 -1
4688 59 4335 -1
4709 25 4338 -1
4715 11 4341 -1
4717 62 4310 -1
4718 46 4315 -1
4712 121 4310 4335 4361 -1
4726 15 4315 -1
4733 4 4335 -1
4739 11 4335 -1
4744 2 4335 -1
4756 34 4335 -1
4781 27 4335 -1
4824 101 4310 4335 4338 -1
4829 78 4315 -1
4832 7 4361 -1
4843 24 4335 -1
4846 34 4335 -1
4879 28 4341 -1
4891 7 4335 -1
4894 79 4310 4335 -1
4899 169 4310 4315 4335 4361 -1
4934 6 4335 -1
4935 1 4335 -1
4936 2 4335 -1
4948 214 4315 4335 4338 -1
4964 60 4310 -1
4967 361 4310 4315 4335 4338 4355 -1
4974 44 4310 4315 -1
4976 23 4310 -1
4980 16 4335 -1
4981 53 4335 -1
4982 43 4335 -1
4988 23 4310 -1
5002 115 4310 4315 -1
5006 28 4335 -1
5012 14 4335 -1
5017 9 4335 -1
5020 139 4335 -1
5028 43 4361 -1
5053 52 4335 -1
5079 271 4310 4335 4338 4361 -1
5096 14 4310 -1
5099 14 4335 -1
5106 33 4335 -1
5103 127 4361 -1
5123 69 4310 4335 4338 -1
5155 24 4315 -1
5166 48 4310 4361 -1
5171 41 4310 4335 -1
5172 29 4310 4335 -1
5175 35 4335 -1
5176 139 4310 4335 4338 -1
5177 101 4310 -1
5178 19 4310 -1
4310 278 4315 4338 4341 -1
5179 217 4310 4335 4338 4361 -1
5181 41 4335 -1
5184 68 4315 -1
5185 152 4335 -1
5188 211 4338 -1
5189 312 4310 4335 4338 4341 4361 -1
5190 80 4335 4355 -1
5191 10 4338 -1
5196 32 4315 -1
5201 15 4335 -1
5215 8 4310 -1
5217 21 4335 -1
5226 17 4310 -1
5243 19 4315 -1
5246 44 4361 -1
5254 33 4361 -1
5262 59 4310 -1
5263 75 4335 4338 -1
5267 2 4335 -1
5275 2 4315 -1
5276 9 4315 -1
5277 1 4315 -1
5278 1 4315 -1
5285 21 4335 -1
5301 61 4310 -1
5312 9 4335 -1
5321 32 4335 -1
5342 30 4310 -1
5404 40 4310 4335 4361 -1
5399 8 4310 -1
5423 48 4361 -1
5427 37 4310 -1
5445 63 4361 -1
5446 26 4361 -1
5452 17 4335 -1
5454 19 4335 4361 -1
5457 44 4310 -1
5484 22 4310 -1
5485 21 4310 -1
5487 30 4335 -1
5511 3 4335 -1
5524 389 4310 4341 4361 -1
5531 243 4310 4335 4341 -1
5528 6 4335 -1
5532 26 4335 -1
5193 18 4335 -1
5543 137 4310 -1
5550 11 4310 -1
5552 8 4338 -1
5553 46 4335 4338 -1
5562 13 4335 -1
5577 8 4335 -1
5582 105 4310 -1
5591 27 4335 -1
5606 28 4335 -1
5614 7 4335 -1
5616 15 4338 -1
5623 2 4335 -1
5626 4 4335 -1
5639 4 4335 -1
5644 21 4335 -1
5655 139 4310 4361 -1
5658 10 4335 -1
5668 4 4335 -1
5647 8 4335 -1
5666 5 4335 -1
5667 5 4335 -1
5669 1 4335 -1
5670 2 4335 -1
5671 3 4335 -1
5684 18 4338 -1
5692 21 4338 -1
5697 230 4338 -1
5746 1 4338 -1
5750 4 4338 -1
5747 2 4338 -1
5748 1 4338 -1
5749 2 4338 -1
5760 3 4310 -1
5773 75 4361 -1
5783 23 4310 -1
5787 32 4310 -1
5796 191 4310 4361 -1
5800 222 4310 -1
5802 385 4341 4361 -1
5806 83 4361 -1
5811 79 4361 -1
5814 144 4310 -1
5816 84 4361 -1
5817 75 4361 -1
5819 61 4310 -1
5821 22 4361 -1
5822 98 4341 4361 -1
5836 11 4310 -1
5857 92 4310 4361 -1
5872 27 4341 -1
5871 50 4310 -1
5932 33 4310 -1
5935 11 4310 -1
5961 11 4310 -1
5984 10 4310 -1
6020 25 4310 -1
6032 80 4361 -1
6043 39 4310 4341 -1
6044 2 4310 -1
6045 7 4310 -1
6046 2 4310 -1
6047 4 4310 -1
6048 1 4310 -1
6049 3 4310 -1
6050 1 4310 -1
6051 1 4310 -1
6052 1 4310 -1
6053 1 4310 -1
6221 31 4341 -1
6241 75 4341 -1
6270 88 4361 -1
6272 76 4361 -1
6280 52 4361 -1
6299 78 4361 -1
6305 190 4361 -1
6443 70 4361 -1
6461 6 4361 -1
6555 35 4361 -1
6563 58 4361 -1
6619 104 4361 -1
6615 160 4361 -1
6624 135 4341 4361 -1
6627 50 4361 -1
6714 100 4361 -1
6766 22 4361 -1
6789 11 4361 -1
6848 14 4361 -1
6913 44 4361 -1
6914 95 4361 -1
6906 49 4361 -1
6907 191 4341 4361 -1
6934 65 4361 -1
6941 57 4341 -1
6976 41 4361 -1
6991 18 4361 -1
7052 142 4341 4361 -1
7055 98 4341 -1
7057 118 4341 -1
6946 68 4341 -1
7092 93 4341 -1
7121 7 4361 -1
7188 14 4361 -1
7229 7 4341 -1
7231 101 4341 -1
7327 6 4361 -1
7342 1 4361 -1
7345 1 4361 -1
7343 12 4361 -1
7344 3 4361 -1
7441 3 4341 -1
7563 1 4341 -1
7564 31 4341 -1