6 302 1701 1716 1718 1752 1758 1768 1774 1783 1787 1788 1798 -1
9 81 1717 -1
11 743 1700 1701 1706 1707 1714 1716 1717 1718 1726 1729 1730 1732 1746 1747 1749 1752 1757 1758 1768 1769 1771 1772 1774 1780 1783 1787 1788 1791 1798 -1
14 114 1717 -1
15 50 1717 -1
20 187 1730 1758 1774 1783 1787 -1
21 76 1707 1717 1726 -1
24 309 1705 1717 1723 1729 1734 1754 1769 1772 1781 -1
33 24 1717 -1
36 227 1701 1707 1726 1769 1783 -1
42 89 1717 1783 -1
44 44 1717 -1
46 59 1758 -1
47 146 1717 1723 1726 1787 -1
53 39 1744 -1
29 150 1772 -1
59 94 1781 -1
60 9 1717 1726 -1
66 44 1717 1729 -1
72 164 1717 1718 -1
83 8 1749 -1
86 122 1718 -1
87 195 1717 1718 -1
103 68 1706 -1
68 275 1706 1792 -1
109 190 1718 1758 -1
110 95 1700 -1
122 213 1723 1729 1777 1792 -1
113 89 1701 1717 -1
127 132 1744 -1
128 80 1705 1714 1730 1780 1787 -1
138 72 1718 1726 -1
147 58 1705 1729 1730 1754 -1
154 61 1718 -1
161 32 1718 1754 -1
163 9 1726 -1
171 70 1726 1746 1768 1771 -1
172 123 1717 1734 1754 1757 1792 -1
173 334 1701 1707 1714 1717 1726 1730 1732 1746 1747 1752 1758 1772 1774 1783 1787 1788 1791 1798 -1
177 19 1718 -1
178 63 1733 1799 -1
180 54 1701 1754 -1
182 79 1718 1754 -1
166 93 1705 -1
203 31 1717 -1
204 12 1718 1787 -1
215 100 1700 1726 1732 1746 1747 1758 1768 1771 1774 1783 1788 1791 1798 -1
224 13 1793 -1
230 6 1701 -1
237 41 1798 -1
254 25 1718 -1
256 10 1701 -1
259 56 1717 -1
266 13 1723 1726 -1
269 30 1717 1726 -1
275 56 1717 1734 1792 -1
280 76 1718 1723 -1
282 39 1718 -1
296 10 1718 -1
290 71 1706 1717 1726 1734 1754 1757 1774 1788 -1
304 79 1717 1757 -1
306 244 1700 1701 1714 1732 -1
310 230 1717 1718 1723 1726 1746 1749 1754 1757 1774 -1
311 321 1700 1714 1717 1729 1734 1752 1754 1758 1769 1772 1774 1787 -1
312 227 1700 1701 1726 -1
313 54 1772 -1
315 77 1718 -1
316 3 1717 -1
317 140 1726 1774 1783 -1
319 199 1723 1799 -1
324 14 1757 -1
335 46 1729 -1
339 80 1717 -1
341 47 1771 -1
346 86 1744 1777 -1
371 117 1706 1726 -1
400 12 1723 -1
403 20 1705 1744 1746 -1
404 5 1744 1746 -1
407 145 1718 1723 1752 1758 1787 -1
423 7 1747 -1
425 79 1730 1777 -1
432 157 1706 1717 1723 1746 1769 -1
457 732 1705 1717 1726 1729 1733 1734 1752 1754 1757 1758 1768 1772 1774 1783 1788 1791 1798 1799 -1
493 3 1718 -1
546 142 1717 1734 1772 -1
556 121 1717 1729 -1
572 5 1717 -1
580 30 1733 -1
600 214 1717 -1
634 150 1707 1717 1723 1744 1757 1774 -1
646 17 1734 1754 1781 -1
643 46 1718 1758 -1
650 98 1734 -1
664 13 1718 -1
663 158 1754 1769 -1
667 19 1729 -1
665 7 1729 -1
686 83 1717 -1
689 47 1787 -1
695 118 1717 1718 1732 -1
704 81 1757 1787 -1
706 95 1718 1772 -1
707 123 1701 1718 1726 1774 -1
710 105 1705 1718 1734 1754 1768 1774 -1
712 19 1774 -1
722 264 1705 1717 1718 1733 1734 1744 1754 1777 1783 -1
697 100 1700 1757 -1
749 66 1744 -1
759 77 1717 -1
763 68 1717 1718 -1
764 34 1700 1734 1754 1772 -1
766 773 1705 1706 1717 1723 1733 1734 1754 1769 1772 1774 1777 1781 1799 -1
768 2 1717 -1
769 146 1717 1718 1726 1787 -1
771 7 1701 1726 -1
788 113 1700 -1
784 224 1706 1707 1729 1749 1752 1758 1769 1792 1793 -1
789 317 1749 1774 1780 1787 1799 -1
795 60 1717 1718 -1
798 16 1729 -1
804 6 1732 1744 1746 -1
805 90 1783 -1
810 34 1716 1718 1758 1793 -1
813 272 1705 1717 1723 1726 1730 1734 1744 1746 1754 -1
334 41 1774 -1
826 249 1705 1717 1718 1723 1732 1734 1749 1754 1757 1768 1772 1774 1781 1792 -1
825 165 1706 1754 1769 -1
836 26 1705 1723 1734 1754 -1
838 36 1717 1718 1732 1746 1747 1752 -1
841 61 1723 -1
844 45 1717 1723 1726 -1
842 30 1706 1726 -1
854 99 1770 -1
853 16 1726 -1
859 13 1700 -1
865 97 1717 -1
870 38 1746 1768 -1
879 122 1744 -1
469 10 1717 -1
904 119 1700 1716 1717 1718 1732 1746 1747 1749 1752 1757 1758 1768 1771 1774 1783 1787 1788 1791 1798 -1
907 9 1734 -1
915 7 1717 -1
918 17 1717 1793 -1
935 22 1717 1723 1726 1770 -1
937 46 1723 1754 1781 -1
941 80 1700 1701 1754 1768 1774 -1
944 5 1752 -1
948 29 1714 1726 -1
954 34 1717 1718 -1
960 22 1781 -1
961 16 1701 -1
971 72 1752 1758 1774 1780 -1
975 11 1714 -1
978 65 1718 -1
982 47 1730 -1
986 77 1730 1734 1758 -1
988 292 1700 1706 1734 1744 1754 1769 1777 1781 1792 -1
993 238 1700 1707 1717 1726 1730 1749 1758 1768 1772 1774 1787 1788 -1
994 45 1706 -1
996 297 1705 1723 1729 1734 1749 1783 1792 -1
998 30 1717 -1
1000 60 1734 1754 1781 -1
1006 138 1718 1747 1774 1783 1787 1788 1793 1798 -1
1023 9 1700 -1
1029 135 1758 1768 1774 1780 1783 1787 1788 1791 1798 -1
1034 33 1718 -1
1037 86 1734 1744 1758 1783 -1
1041 49 1758 -1
1042 41 1744 -1
1043 21 1717 1734 -1
1050 44 1714 1726 1758 1793 -1
1052 4 1781 -1
1055 196 1700 1744 1752 1758 1768 1774 -1
1062 156 1700 1705 1706 1714 1723 1734 1754 1772 -1
1063 29 1799 -1
872 29 1730 1780 -1
1075 74 1717 -1
1083 2 1783 -1
1089 8 1717 -1
1097 88 1700 -1
1098 305 1700 1714 1730 1734 1754 1772 1781 1783 -1
1111 60 1717 -1
1114 39 1718 1752 1770 1787 -1
1124 20 1772 -1
1125 37 1772 1783 -1
1128 13 1799 -1
1127 62 1701 1706 1734 1754 1758 -1
1129 62 1774 -1
1132 57 1729 -1
1133 399 1718 1729 1733 1752 1772 1780 1791 1799 -1
1135 115 1700 1717 1752 1758 1774 1781 1792 -1
1137 135 1700 1706 1723 1734 1754 1772 1781 -1
1151 472 1700 1705 1707 1714 1717 1723 1730 1732 1733 1746 1747 1749 1752 1754 1757 1758 1768 1769 1770 1772 1774 1781 1783 1788 1791 -1
922 149 1718 1768 1772 1774 1787 -1
1164 39 1707 -1
1166 599 1705 1717 1734 1744 1747 1749 1754 1757 1772 1781 1783 1787 1791 1799 -1
1167 158 1718 1730 1754 1774 1780 1793 -1
1185 43 1717 1718 1752 1758 1780 -1
1193 31 1798 -1
1200 107 1723 1754 1781 1792 -1
1201 35 1718 1726 1780 -1
1202 66 1700 1701 1717 1752 1758 1793 -1
1210 218 1707 1717 1730 1744 1749 1754 1758 1772 1777 1783 1787 1792 -1
1211 79 1701 1705 1772 1780 1787 1798 -1
1215 65 1734 1754 -1
1221 77 1754 1774 -1
1230 33 1700 1701 1774 -1
1236 103 1701 1734 1754 1783 -1
1243 5 1718 -1
1241 35 1758 -1
1247 77 1754 1757 -1
1253 51 1718 1729 1752 1787 1788 -1
1267 61 1700 1707 1717 1791 -1
1278 69 1772 1774 -1
1279 124 1716 1726 1732 1768 1774 1780 1787 -1
1281 10 1707 1772 -1
1286 65 1706 -1
1284 20 1723 1726 -1
1285 31 1723 1726 -1
1297 76 1705 -1
1305 290 1723 1734 1754 1769 1777 1781 1792 -1
1306 20 1726 -1
1319 181 1700 1706 1714 1729 1734 1754 1758 1768 1772 1774 1793 -1
1335 62 1716 1726 1732 1770 1772 1798 -1
1350 117 1700 1701 1717 1718 1726 1732 1757 1758 1768 1774 1783 1788 1791 1793 1798 -1
1352 121 1714 1717 1726 1746 1747 1752 1757 1758 1770 1774 1780 1783 1787 1791 -1
1353 30 1783 -1
1356 20 1718 1732 1780 -1
1362 4 1701 -1
1357 91 1701 1726 1734 1747 1758 1774 1792 -1
1375 4 1793 -1
1374 462 1705 1717 1730 1733 1746 1749 1757 1772 1774 1788 1792 1799 -1
1382 17 1777 -1
1377 33 1774 1783 -1
1378 14 1723 1726 -1
1380 63 1705 1754 1772 1774 1787 1792 -1
1381 52 1705 1780 -1
1386 61 1717 1772 1774 1791 -1
1394 9 1758 -1
1390 32 1705 -1
1395 199 1700 1701 1705 1714 1723 1729 1730 1734 1754 1781 1792 1798 -1
1407 3 1772 -1
1420 12 1752 1780 -1
1424 52 1792 -1
1428 183 1701 1714 1717 1726 1734 1746 1747 1752 1754 1757 1758 1772 1774 1781 1787 1788 1791 1793 1798 -1
1184 79 1705 1718 -1
1441 41 1752 1757 1768 1780 1783 1787 -1
1442 20 1774 1780 1787 -1
1462 48 1701 1717 -1
1465 8 1798 -1
1466 24 1701 1718 -1
1470 156 1700 1701 1744 1774 1799 -1
1471 72 1701 1726 1752 1758 1768 -1
1473 91 1730 1747 1754 1780 1783 1793 -1
1480 44 1700 1717 1758 1772 1780 1788 1791 1798 -1
1482 26 1701 -1
1483 52 1716 1717 1726 1758 1768 1774 1791 1798 -1
1487 117 1701 1707 1718 1726 1732 1746 1747 1752 1757 -1
1489 64 1700 1701 1768 1772 -1
1492 157 1700 1701 1726 1734 1747 1754 1772 1774 1783 -1
1495 10 1734 -1
1496 210 1700 1701 1718 1726 1734 1754 1772 1774 1780 1783 1791 1798 -1
1499 12 1774 -1
1500 48 1717 1718 -1
1501 38 1772 1787 1788 1793 -1
1506 41 1717 -1
1505 4 1717 -1
1521 99 1700 1706 1714 1744 1746 1747 1768 1772 1780 1787 1791 -1
1522 139 1700 1754 1758 1777 1780 1791 -1
1525 35 1717 1780 1788 1791 1793 1798 -1
1538 81 1700 1701 1726 1732 1734 1746 1747 1752 1768 1774 -1
1537 68 1729 1734 1754 -1
1542 244 1700 1783 1798 1799 -1
1552 81 1700 1707 1717 1734 1783 1788 -1
1553 20 1758 1780 1788 -1
1549 587 1700 1701 1705 1706 1714 1716 1717 1723 1726 1729 1730 1732 1733 1734 1744 1746 1747 1749 1754 1757 1768 1772 1774 1777 1780 1781 1783 1787 1792 1793 1798 1799 -1
1550 42 1729 -1
1555 79 1700 1701 1718 1768 1774 1780 -1
1565 8 1749 1798 -1
1566 46 1705 1734 -1
1569 3 1718 1793 -1
1582 13 1718 1752 1774 -1
1583 87 1706 1754 1757 1787 -1
1587 5 1718 -1
1585 102 1700 1723 1726 1754 1772 1787 -1
1592 30 1792 -1
1594 114 1701 1707 1714 1717 1718 1726 1732 1746 1747 1752 1758 1770 1774 1783 1788 1791 -1
1596 29 1772 -1
1599 3 1774 -1
1608 355 1700 1701 1707 1714 1717 1718 1723 1730 1732 1734 1746 1747 1749 1752 1754 1757 1758 1772 1781 1787 1788 1791 1792 1798 -1
1610 12 1726 1747 -1
1614 73 1717 1734 1774 1780 1787 -1
1615 162 1707 1716 1717 1726 1730 1732 1746 1747 1752 1757 1758 1768 1770 1772 1774 1780 1787 1788 1791 1798 -1
1619 4 1726 -1
1621 80 1700 1714 1729 1734 1749 1754 1783 -1
1622 50 1700 1701 1772 1788 -1
1631 6 1758 -1
1639 36 1783 -1
1644 48 1717 1787 -1
1661 66 1754 -1
1662 6 1718 -1
1564 27 1700 1701 1772 1783 -1
1689 2 1787 -1
1691 50 1723 1769 -1
1701 112 1700 1723 1734 1754 -1
1694 1 1701 -1
1695 1 1701 -1
1696 4 1701 -1
1697 70 1701 -1
1698 1 1701 -1
1699 1 1701 -1
1700 93 1701 1714 1770 1772 1787 -1
1705 47 1707 1723 -1
1706 4 1705 -1
1707 34 1705 1723 -1
1715 1 1718 -1
1716 6 1718 1747 -1
1717 96 1718 1744 1752 -1
1719 10 1726 1772 -1
1720 14 1726 -1
1721 1 1726 -1
1722 14 1726 -1
1723 1 1726 -1
1688 25 1723 1726 -1
1724 1 1726 -1
1725 1 1726 -1
1728 1 1716 -1
1729 19 1754 -1
1732 18 1730 1772 -1
1730 45 1732 1772 -1
1731 1 1732 -1
1733 42 1799 -1
1734 55 1754 -1
1741 9 1723 -1
1746 7 1744 1788 -1
1742 6 1746 1780 -1
1743 1 1746 -1
1744 8 1746 -1
1745 1 1746 -1
1748 76 1747 -1
1749 68 1783 -1
1758 2 1788 -1
1753 1 1758 -1
1754 23 1729 1758 -1
1755 1 1758 -1
1756 89 1700 1717 1749 1758 1780 1783 1787 1788 1791 1798 -1
1757 16 1730 1758 1783 1788 1791 -1
1761 2 1770 -1
1762 47 1774 -1
1766 27 1700 1768 1791 -1
1767 97 1706 1768 1772 1774 1777 1780 -1
1770 1 1771 -1
1769 67 1754 1770 1781 -1
1772 141 1700 1723 1730 1757 1774 1780 1783 1787 1791 1798 -1
1759 5 1780 -1
1773 1 1774 -1
1775 1 1777 -1
1778 8 1780 1791 -1
1782 2 1781 -1
1751 35 1717 1730 1734 1787 -1
1783 57 1700 1749 1754 -1
1789 11 1783 -1
1790 2 1791 -1
1792 31 1757 1787 1793 -1
1795 44 1717 1798 -1
679 3 1798 -1
1796 38 1798 -1
1797 1 1798 -1
1800 20 1787 -1
1808 129 1700 1705 1717 1723 1734 1772 1783 -1
1814 105 1734 1754 1781 -1
1820 90 1734 1754 1792 -1
1823 49 1717 1749 -1
1835 73 1792 -1
1837 28 1754 -1
1829 2 1717 -1
1838 57 1707 1714 1730 1757 1772 -1
1847 47 1787 -1
1848 16 1787 -1
1868 22 1714 1749 1783 1787 -1
1869 3 1717 -1
1870 1 1717 -1
1874 9 1717 -1
1875 33 1705 1717 1730 -1
1871 1 1717 -1
1872 5 1717 -1
1876 3 1717 -1
1873 1 1717 -1
1885 44 1777 -1
1918 20 1700 -1
1919 112 1714 1734 1749 1757 1783 1787 -1
1922 204 1705 1706 1717 1723 1734 1754 1781 1792 -1
1925 22 1717 -1
1962 31 1757 1787 -1
1966 18 1706 1723 -1
1967 31 1723 1734 1754 -1
1972 181 1706 1734 1754 1781 1792 1799 -1
1977 34 1707 1772 -1
1980 47 1700 1772 1777 -1
1985 56 1700 1734 1749 1754 -1
1986 17 1772 1787 -1
1991 66 1705 1723 1734 1754 1792 -1
1992 16 1700 -1
1997 88 1700 1707 1717 1730 1749 1757 1772 1783 1787 -1
1794 26 1706 -1
2001 39 1700 1783 -1
2009 63 1707 1717 -1
2050 4 1730 -1
2052 14 1717 -1
2062 121 1700 1707 1714 1717 1749 1754 1757 1772 1783 -1
2063 21 1707 1730 -1
2065 50 1772 -1
2069 17 1717 -1
2068 4 1783 -1
2072 121 1700 1707 1717 1723 1730 1749 1757 1772 1787 -1
2081 1 1707 -1
2082 1 1707 -1
2085 28 1792 -1
2093 55 1717 1772 1792 -1
2096 2 1730 -1
2099 22 1700 -1
2102 45 1769 1777 -1
2109 47 1744 -1
2114 39 1706 1734 1754 1777 1781 -1
2116 20 1723 -1
2118 113 1700 1714 1769 1772 1792 -1
2120 122 1700 1714 1772 1781 1783 -1
2130 8 1723 -1
2133 129 1700 1705 1717 1723 1772 -1
2135 146 1729 1792 -1
2141 2 1772 -1
2145 145 1705 1734 -1
2152 4 1757 -1
2156 41 1700 1772 -1
2159 18 1749 1783 -1
2169 32 1705 1772 -1
2170 2 1772 -1
2171 16 1772 -1
2172 29 1772 -1
2173 1 1772 -1
2176 17 1792 -1
2186 61 1705 1769 -1
2209 31 1787 -1
2210 17 1749 1787 -1
2215 15 1714 -1
2216 1 1714 -1
2217 11 1714 -1
2225 34 1700 -1
2230 49 1700 1792 -1
2231 66 1706 -1
2229 143 1717 1729 1734 1754 1792 -1
2233 36 1717 -1
2235 1 1783 -1
2236 75 1734 1754 1781 1783 1792 -1
2237 241 1706 1729 1734 1744 1754 1769 1781 -1
2241 14 1700 -1
2242 3 1749 -1
2252 22 1744 -1
2255 31 1700 -1
2256 247 1705 1723 1744 1777 -1
2257 49 1734 -1
2258 95 1733 -1
2264 58 1729 -1
2274 48 1700 -1
2286 6 1700 -1
2290 120 1744 1777 -1
2297 164 1700 1723 1734 1754 1792 -1
2298 48 1792 -1
2322 19 1700 -1
2323 111 1729 1744 1777 -1
2326 252 1706 1729 1744 1769 1777 -1
2328 215 1700 1723 -1
2272 31 1700 1792 -1
2357 12 1700 1754 -1
2365 77 1705 1706 1754 1792 -1
2369 189 1799 -1
2371 124 1705 1734 1754 1781 1792 -1
2372 7 1700 -1
2379 45 1744 1777 -1
2398 62 1706 1734 -1
2399 2 1700 -1
2410 34 1700 1799 -1
2411 141 1700 1754 1777 -1
2414 6 1700 -1
2416 37 1723 -1
2435 35 1723 -1
2472 75 1705 1723 1734 1754 1781 -1
2473 103 1705 1723 1734 1754 1781 1792 -1
2476 35 1705 1734 1754 -1
2485 324 1705 1723 1729 1754 1769 1792 -1
2488 21 1769 -1
2497 38 1744 -1
2504 100 1769 1799 -1
2506 46 1706 -1
2507 69 1781 -1
2510 68 1792 -1
2541 37 1754 -1
2542 93 1723 -1
2546 34 1734 -1
2547 105 1777 1792 -1
2549 70 1734 1754 -1
2550 26 1717 -1
899 24 1723 -1
2566 32 1792 -1
2557 77 1705 1723 1769 -1
2559 82 1729 1734 1744 1754 1792 -1
2560 180 1744 1754 1777 -1
2564 50 1799 -1
2565 893 1705 1706 1723 1729 1734 1744 1754 1769 1777 1781 1792 1799 -1
2570 1 1717 -1
2576 146 1705 1781 -1
2578 12 1717 -1
2592 13 1799 -1
2593 32 1734 1754 -1
2474 142 1705 1723 1734 1754 1781 1792 -1
2608 14 1723 -1
2613 25 1777 -1
2618 53 1734 -1
2619 46 1754 1781 -1
2627 1 1717 -1
2626 3 1717 -1
2646 39 1734 -1
2651 269 1706 1729 1744 1754 1769 1777 -1
2653 113 1734 -1
2655 49 1792 -1
2658 307 1729 1744 1769 1777 -1
2659 12 1744 -1
2674 103 1734 1754 -1
2699 74 1706 1744 -1
2700 168 1706 1744 1777 -1
2686 156 1777 1792 -1
2702 80 1734 -1
2688 618 1706 1733 1734 1744 1754 1769 1777 1781 1792 1799 -1
2704 75 1723 1754 -1
2660 164 1734 1744 1754 1781 -1
2689 38 1799 -1
2667 126 1799 -1
2690 26 1754 -1
2691 44 1799 -1
2693 149 1744 1792 -1
2696 64 1799 -1
2697 45 1769 -1
2719 21 1729 -1
2724 10 1777 -1
2727 33 1754 -1
2747 79 1729 1744 -1
2752 7 1744 -1
2765 29 1729 -1
2768 40 1705 1723 -1
2774 46 1705 1706 -1
2775 35 1799 -1
2790 173 1706 1744 1754 1777 -1
2792 18 1723 -1
2815 11 1734 -1
2822 43 1723 -1
2654 104 1744 1781 1792 -1
2799 8 1777 -1
2830 6 1723 -1
2845 3 1723 -1
2846 1 1723 -1
2847 1 1723 -1
2848 1 1723 -1
2849 1 1723 -1
2850 1 1723 -1
2851 44 1723 1754 -1
2852 2 1723 -1
2853 1 1723 -1
2859 139 1769 1777 -1
2866 6 1705 -1
2871 282 1706 1769 1777 1781 -1
2872 87 1705 1706 -1
2883 28 1799 -1
2900 29 1705 1706 1754 -1
2904 18 1734 1754 -1
2909 57 1754 -1
2912 33 1734 1754 1769 -1
2913 11 1705 -1
2916 1 1705 -1
2917 2 1705 -1
2918 3 1705 -1
2919 2 1705 -1
2923 35 1734 -1
2932 62 1777 -1
2914 4 1754 -1
2940 123 1744 -1
2948 26 1734 1754 1781 -1
2953 10 1706 -1
2964 70 1734 -1
2967 238 1729 1734 1754 1769 -1
2968 55 1754 -1
2972 357 1733 1769 1799 -1
2987 9 1734 1754 -1
3000 43 1744 -1
3009 51 1733 -1
3006 31 1792 -1
3010 123 1706 1734 1744 1754 1799 -1
2707 103 1733 -1
3015 44 1733 -1
3018 19 1754 -1
3020 52 1734 1754 1781 1792 -1
3024 52 1754 -1
3026 175 1706 1729 1754 1792 1799 -1
3031 50 1734 1754 -1
3032 216 1744 1777 1792 1799 -1
3033 45 1734 1781 -1
2713 200 1706 1729 1777 -1
3056 44 1744 -1
3055 52 1754 -1
3059 32 1734 1754 -1
3047 12 1781 1792 -1
2356 57 1706 1734 -1
3062 42 1734 1754 1781 1792 -1
2976 7 1777 -1
3072 25 1754 1781 1792 -1
3075 2 1754 -1
3081 20 1754 -1
3084 62 1777 -1
3089 4 1754 -1
3092 81 1769 -1
3098 37 1754 1781 -1
3095 37 1734 1754 1781 -1
2842 124 1744 1754 -1
3109 9 1734 -1
3110 21 1734 -1
3111 1 1734 -1
3125 16 1792 -1
3142 49 1744 -1
3144 88 1729 1777 1792 -1
3153 1 1781 -1
3154 1 1781 -1
3168 79 1777 -1
3175 41 1777 -1
3180 24 1744 -1
3181 3 1799 -1
3188 20 1706 -1
3192 56 1729 -1
3199 13 1729 -1
3239 3 1706 -1
3258 95 1777 -1
3291 58 1744 -1
3304 31 1744 -1
3313 5 1777 -1
3290 36 1706 -1
3333 15 1744 -1
3343 13 1706 -1
3352 273 1706 1729 1769 1799 -1
3394 156 1706 1729 1777 -1
3402 122 1729 1744 -1
3404 89 1799 -1
3435 4 1744 -1
3447 271 1799 -1
3449 314 1733 1769 1799 -1
3451 98 1729 -1
3452 131 1769 1799 -1
3453 319 1733 1769 1799 -1
3454 148 1706 1729 1769 -1
3455 68 1769 -1
3456 241 1729 1769 1799 -1
3457 166 1706 1729 1799 -1
3458 69 1744 -1
3459 92 1799 -1
3470 21 1744 -1
3479 102 1729 1744 -1
3477 53 1706 -1
3488 16 1706 -1
3498 114 1799 -1
3512 9 1706 -1
3523 28 1744 -1
3526 6 1706 -1
3527 64 1706 1777 -1
3569 42 1777 -1
3601 52 1799 -1
3610 4 1744 -1
3611 22 1744 -1
3614 205 1733 1769 1799 -1
3615 144 1706 1729 1769 -1
3622 22 1706 1744 -1
3624 64 1733 1744 -1
3630 32 1729 -1
3633 48 1777 -1
3634 82 1799 -1
3635 63 1729 -1
3639 12 1777 -1
3641 212 1769 -1
3642 362 1733 -1
3646 9 1777 -1
3647 13 1706 -1
3658 39 1729 -1
3659 38 1706 1729 -1
3660 87 1769 1777 -1
3661 36 1706 1729 -1
3666 144 1729 1799 -1
3678 17 1777 -1
3682 75 1744 1777 -1
3691 95 1799 -1
3702 1 1744 -1
3703 1 1744 -1
3704 1 1744 -1
3705 3 1744 -1
3706 1 1744 -1
3707 1 1744 -1
3724 93 1729 -1
3786 99 1777 -1
3787 232 1799 -1
3796 113 1733 1769 -1
3794 46 1769 -1
3803 10 1769 -1
3835 35 1799 -1
3882 1 1706 -1
3917 29 1729 -1
3965 89 1769 -1
3969 90 1729 1799 -1
4001 28 1729 -1
4036 147 1769 -1
2981 44 1799 -1
4044 89 1769 -1
4045 257 1733 1769 -1
4046 89 1769 -1
4077 77 1799 -1
4065 131 1729 1769 -1
4070 111 1733 -1
4072 29 1769 -1
4074 33 1729 -1
4142 37 1729 -1
4151 84 1769 1799 -1
4211 65 1729 -1
4219 112 1769 -1
4276 52 1733 -1
4315 29 1729 -1
4353 80 1799 -1
4355 50 1733 -1
4366 2 1729 -1
2028 1 1729 -1
4441 202 1769 -1
4536 81 1733 -1
4547 45 1769 -1
4550 100 1733 1799 -1
4632 228 1799 -1
4653 114 1799 -1
4662 46 1769 -1
4682 14 1769 -1
4688 59 1769 -1
4718 46 1799 -1
4712 121 1799 -1
4725 36 1769 -1
4824 101 1733 1799 -1
4829 78 1799 -1
4898 11 1769 -1
4899 169 1733 1799 -1
4948 214 1799 -1
4963 13 1769 -1
4967 361 1733 1799 -1
4969 1 1769 -1
4970 8 1769 -1
4971 1 1769 -1
4972 2 1769 -1
4973 8 1769 -1
4974 44 1769 -1
5020 139 1799 -1
5079 271 1799 -1
5118 13 1799 -1
5119 18 1799 -1
5171 41 1799 -1
5176 139 1733 1799 -1
4310 278 1799 -1
5179 217 1733 -1
5180 49 1733 -1
5184 68 1733 1799 -1
5188 211 1733 -1
5189 312 1799 -1
5190 80 1799 -1
5203 15 1799 -1
5296 16 1799 -1
5428 3 1799 -1
5457 44 1799 -1
5468 10 1799 -1
5462 19 1733 -1
5675 8 1733 -1
5691 49 1733 -1
5761 9 1733 -1