11 743 2004 2007 2014 2055 2060 2062 2066 2071 2073 2076 2079 2085 2091 2095 2097 -1
14 114 2016 2066 -1
15 50 2066 -1
21 76 2085 -1
24 309 2004 2055 2060 2062 2066 -1
36 227 2066 2071 -1
42 89 2004 -1
44 44 2066 -1
47 146 2007 2062 2066 2079 2091 -1
59 94 2062 2066 -1
62 17 2091 2092 2095 -1
66 44 2014 2062 -1
72 164 2066 -1
86 122 2016 -1
71 109 2095 -1
87 195 2053 2066 -1
94 80 2062 -1
103 68 2014 -1
68 275 2001 2066 2072 -1
122 213 2014 2066 -1
127 132 2066 2072 -1
128 80 2062 2069 -1
136 99 2066 -1
147 58 2016 2095 -1
172 123 2016 2062 2066 -1
173 334 2062 2066 2071 2073 2079 2085 2091 2095 2097 -1
74 69 2004 -1
178 63 2073 -1
166 93 2066 -1
197 11 2060 -1
224 13 2066 -1
231 50 2097 -1
255 86 2066 -1
259 56 2060 -1
270 14 2079 -1
275 56 2053 -1
280 76 2004 2071 -1
291 35 2066 -1
290 71 2004 -1
249 15 2055 -1
306 244 2066 2079 2097 -1
308 142 2004 2066 -1
310 230 2066 2079 2097 -1
311 321 2062 2071 2079 -1
315 77 2014 -1
319 199 2004 -1
193 21 2066 -1
403 20 2053 -1
407 145 2066 2073 2097 -1
325 25 2066 -1
417 9 2066 -1
432 157 2066 2079 2091 -1
412 21 2066 -1
457 732 2001 2004 2071 2091 -1
546 142 2055 2071 2072 2073 -1
556 121 2004 -1
559 4 2076 -1
588 22 2062 -1
600 214 2004 2060 2066 -1
495 6 2014 -1
626 31 2066 -1
634 150 2071 2073 2079 -1
635 66 2066 2073 -1
647 32 2062 -1
650 98 2053 -1
663 158 2066 -1
695 118 2066 -1
704 81 2066 -1
706 95 2060 2062 -1
707 123 2053 -1
708 51 2066 -1
722 264 2053 2066 2097 -1
727 32 2066 -1
742 93 2095 2097 -1
763 68 2095 2097 -1
764 34 2071 -1
766 773 2001 2004 2014 2016 2066 2071 2076 -1
762 50 2066 -1
769 146 2062 -1
788 113 2062 2066 -1
784 224 2053 2060 2062 2066 2076 2091 2095 2097 -1
789 317 2062 2091 -1
795 60 2053 -1
801 6 2055 -1
805 90 2066 -1
813 272 2016 2066 2071 2073 2076 2079 -1
822 11 2016 -1
826 249 2016 2053 2055 2066 2076 -1
825 165 2066 -1
831 12 2085 2091 2095 -1
837 4 2071 -1
838 36 2053 -1
841 61 2014 -1
854 99 2072 2091 2095 -1
852 39 2053 2066 -1
859 13 2062 -1
865 97 2016 2060 2066 -1
873 5 2062 -1
879 122 2072 -1
900 5 2007 -1
920 10 2069 -1
787 12 2060 -1
928 21 2066 -1
935 22 2079 -1
937 46 2071 -1
943 30 2071 -1
946 110 2066 2076 2083 -1
947 27 2066 -1
950 9 2001 -1
961 16 2069 2073 -1
975 11 2071 -1
986 77 2066 -1
988 292 2016 2066 2097 -1
993 238 2062 2066 2069 2071 2073 2097 -1
996 297 2014 2062 2066 2071 2091 2095 -1
1006 138 2066 2073 2085 2097 -1
1035 12 2062 -1
1037 86 2066 -1
1042 41 2073 -1
1050 44 2053 -1
1062 156 2071 2085 -1
872 29 2073 -1
1086 8 2097 -1
1097 88 2066 -1
1098 305 2016 2062 2066 2071 2072 2079 2095 -1
1111 60 2060 2062 2066 2073 2085 -1
1124 20 2062 -1
1125 37 2066 -1
1127 62 2062 2076 -1
1132 57 2014 2016 -1
1133 399 2014 2066 -1
1135 115 2073 2076 -1
1137 135 2071 2073 -1
1143 14 2062 -1
1151 472 2001 2004 2014 2016 2062 2066 2071 2073 2085 2091 2095 2097 -1
922 149 2004 2066 -1
1164 39 2076 -1
1165 13 2066 -1
1166 599 2004 2007 2014 2053 2055 2062 2066 2076 -1
1167 158 2004 2069 -1
1169 29 2091 -1
1185 43 2004 -1
1200 107 2053 2066 -1
1201 35 2066 -1
1202 66 2053 2066 -1
1203 22 2055 -1
1210 218 2062 2066 2073 2076 2079 2085 2091 2095 2097 -1
1211 79 2007 2062 2066 -1
1215 65 2066 -1
1221 77 2097 -1
1230 33 2066 -1
1233 14 2066 -1
1236 103 2066 2097 -1
1241 35 2066 -1
1248 21 2066 -1
1253 51 2071 -1
1267 61 2014 2016 2085 2097 -1
1279 124 2062 -1
1286 65 2079 -1
1284 20 2007 2079 -1
1285 31 2066 2079 -1
1297 76 2053 2069 2072 -1
1305 290 2016 -1
1319 181 2066 2073 2095 2097 -1
1326 6 2004 -1
1335 62 2076 -1
1336 8 2014 2091 -1
1350 117 2062 -1
1352 121 2004 2055 2060 2066 2073 -1
1353 30 2071 -1
1355 3 2066 -1
1374 462 2001 2066 2071 2095 -1
1378 14 2071 2079 -1
1380 63 2062 2066 2073 -1
1381 52 2016 2066 -1
1386 61 2071 2085 -1
1395 199 2062 2066 2071 2072 2076 2085 2097 -1
1403 3 2079 -1
1424 52 2073 -1
1428 183 2004 2007 2060 2066 2073 2085 2091 2095 -1
1184 79 2053 2066 -1
1441 41 2062 2073 2097 -1
1462 48 2066 -1
1466 24 2073 -1
1471 72 2072 -1
1473 91 2004 2007 2060 2097 -1
1482 26 2066 -1
1487 117 2069 2073 -1
1489 64 2007 2055 2060 2062 2066 -1
1492 157 2066 2073 -1
1496 210 2001 2066 2071 2073 -1
1506 41 2062 -1
1507 2 2062 -1
1521 99 2062 2066 -1
1522 139 2062 2066 -1
1538 81 2066 -1
1537 68 2066 -1
1542 244 2071 -1
1552 81 2066 2073 -1
1547 28 2066 -1
1549 587 2001 2007 2016 2062 2066 2071 2072 2073 2076 2085 2091 2097 -1
1555 79 2066 -1
1566 46 2071 2073 2079 -1
1583 87 2053 2073 -1
1585 102 2053 2066 2076 2079 2091 -1
1592 30 2073 -1
1594 114 2062 2066 2097 -1
1571 24 2066 2071 -1
1608 355 2004 2060 2066 2071 2072 2073 2076 2079 2083 2091 2097 -1
1614 73 2071 -1
1615 162 2007 2055 2066 2069 2073 2079 2083 2095 2097 -1
1621 80 2071 -1
1639 36 2016 2071 2079 2091 2095 -1
1644 48 2004 2091 2097 -1
1661 66 2066 2069 -1
1658 9 2053 -1
1668 5 2091 -1
1693 6 2062 2073 -1
1697 70 2072 -1
1700 93 2066 2071 2073 2076 -1
1705 47 2071 -1
1707 34 2076 -1
1717 96 2004 2053 2062 2066 -1
1722 14 2079 -1
1729 19 2014 -1
1730 45 2016 2072 -1
1734 55 2066 -1
1738 3 2085 -1
1749 68 2062 2072 -1
1754 23 2066 -1
1756 89 2062 2071 2073 -1
1766 27 2062 -1
1767 97 2066 2097 -1
1772 141 2066 2069 2071 2083 2095 -1
1751 35 2016 -1
1783 57 2062 2066 2071 -1
1792 31 2055 2060 2073 2095 -1
1795 44 2016 -1
1811 43 2001 -1
1803 19 2071 -1
1808 129 2004 2066 -1
1814 105 2001 -1
1816 10 2066 -1
1820 90 2053 2062 -1
1822 11 2073 -1
1835 73 2066 -1
1837 28 2060 2073 2076 2091 -1
1838 57 2060 2066 2071 2073 2079 2095 2097 -1
1847 47 2066 -1
1848 16 2053 2062 -1
1868 22 2071 2085 2091 -1
1869 3 2062 -1
1885 44 2016 -1
1886 4 2091 -1
1896 51 2066 -1
1899 6 2066 -1
1918 20 2062 2066 -1
1919 112 2007 2055 2060 2062 2066 2069 2071 2073 2085 2091 -1
1922 204 2053 -1
1925 22 2004 -1
1928 7 2060 2066 -1
1948 14 2004 2069 -1
1962 31 2095 -1
1966 18 2079 -1
1965 9 2079 -1
1972 181 2016 2062 -1
1977 34 2004 2062 2076 -1
1980 47 2073 -1
1982 29 2004 2062 -1
1985 56 2062 -1
1990 36 2066 -1
1991 66 2097 -1
1997 88 2004 2062 2066 2071 2073 2079 2085 2095 2097 -1
1794 26 2071 -1
2001 39 2004 2071 -1
2002 1 2004 -1
2009 63 2014 2083 2091 -1
2010 27 2095 -1
2012 3 2014 -1
2014 10 2095 -1
698 11 2066 -1
2054 3 2055 2066 -1
2059 4 2060 -1
2062 121 2066 2071 2073 2079 2085 2091 2095 2097 -1
2063 21 2079 -1
2064 2 2066 -1
2065 50 2066 -1
2069 17 2076 -1
2068 4 2069 -1
2071 7 2066 2073 -1
2070 1 2073 -1
2072 121 2062 2073 2091 2097 -1
2084 10 2085 2091 2092 2095 -1
2085 28 2076 2091 2095 -1
2086 1 2095 -1
2087 1 2095 -1
2088 6 2085 2091 2095 -1
2089 1 2095 -1
2090 1 2095 -1
2091 8 2095 -1
2092 7 2085 2091 2095 -1
2093 55 2095 -1
2099 22 2062 2085 2091 2092 -1
2109 47 2066 -1
2114 39 2016 -1
2117 23 2066 -1
2118 113 2071 -1
2120 122 2001 2071 -1
2133 129 2062 2076 -1
2135 146 2014 -1
2145 145 2066 -1
2152 4 2085 -1
2156 41 2071 -1
2159 18 2071 2091 -1
2160 26 2066 -1
2174 65 2066 -1
2184 3 2085 -1
2193 12 2062 -1
2196 3 2085 -1
2197 4 2085 -1
2198 3 2085 2091 -1
2199 1 2085 -1
2210 17 2066 -1
2225 34 2071 -1
2227 4 2071 -1
2236 75 2071 -1
2237 241 2014 2016 2091 -1
2238 1 2091 -1
2240 108 2066 2071 -1
2249 38 2071 -1
2250 3 2071 -1
2251 25 2071 -1
2256 247 2053 2066 2072 2076 -1
2258 95 2066 -1
2297 164 2066 2072 -1
2323 111 2066 -1
2326 252 2016 2066 -1
2328 215 2053 2062 2066 2076 -1
2365 77 2053 2066 -1
2369 189 2014 -1
2371 124 2053 -1
2375 49 2066 -1
2376 26 2066 -1
2378 4 2062 -1
2381 71 2062 2066 -1
2379 45 2062 -1
2380 1 2062 -1
2411 141 2016 2066 -1
2472 75 2076 -1
2485 324 2014 2016 2066 -1
2504 100 2066 -1
2506 46 2016 2066 -1
2535 47 2066 -1
2542 93 2016 2066 -1
2546 34 2066 -1
2566 32 2066 -1
2557 77 2053 -1
2559 82 2053 2066 -1
2560 180 2016 2066 -1
2564 50 2066 -1
2565 893 2014 2016 2053 2066 -1
2576 146 2001 2053 -1
2585 60 2066 -1
2594 45 2001 2066 -1
2474 142 2066 -1
2605 64 2001 -1
2618 53 2066 -1
2647 18 2053 -1
2651 269 2001 2016 2066 -1
2653 113 2016 2066 -1
2658 307 2014 -1
2659 12 2066 -1
2663 2 2076 -1
2672 13 2076 -1
2674 103 2016 -1
2680 6 2076 -1
2700 168 2016 -1
2686 156 2016 -1
2703 61 2016 -1
2688 618 2001 2014 2016 2066 -1
2660 164 2066 -1
2693 149 2066 -1
2697 45 2066 -1
2746 25 2066 -1
2760 23 2066 -1
2768 40 2053 -1
2778 22 2053 -1
2811 19 2066 -1
2819 18 2016 -1
2654 104 2053 -1
2834 5 2072 -1
2831 39 2001 -1
2859 139 2014 -1
2866 6 2053 -1
2871 282 2016 2066 -1
2900 29 2066 -1
2905 4 2053 -1
2903 8 2053 -1
2904 18 2053 -1
2912 33 2072 -1
2913 11 2066 -1
2940 123 2016 -1
2958 47 2066 -1
2964 70 2066 -1
2967 238 2014 2016 2066 -1
2972 357 2001 -1
2985 4 2016 -1
2988 55 2016 -1
2991 7 2066 -1
3005 28 2066 -1
2707 103 2066 -1
3015 44 2001 -1
3024 52 2066 -1
3026 175 2016 2066 -1
3031 50 2016 -1
3032 216 2066 -1
3033 45 2016 -1
2713 200 2016 2066 -1
3057 48 2016 -1
3059 32 2016 -1
3060 4 2014 -1
3073 34 2066 -1
3081 20 2066 -1
3087 8 2016 -1
3088 37 2066 -1
3101 2 2072 -1
2842 124 2016 2066 -1
3108 8 2016 -1
3144 88 2016 -1
3147 6 2066 -1
3150 10 2066 -1
3189 10 2066 -1
3192 56 2016 2072 -1
3256 19 2066 -1
3276 79 2072 -1
3349 9 2016 -1
3352 273 2066 -1
3379 19 2016 -1
3381 180 2016 -1
3392 33 2066 -1
3394 156 2066 -1
3396 2 2016 -1
3390 60 2001 -1
3439 88 2016 -1
3449 314 2001 2014 -1
3451 98 2066 -1
3453 319 2001 -1
3454 148 2014 -1
3455 68 2014 -1
3456 241 2001 2014 -1
3457 166 2066 -1
3461 101 2066 -1
3462 54 2014 -1
3479 102 2066 -1
3478 42 2001 -1
3488 16 2066 -1
3498 114 2001 -1
3521 29 2066 -1
3522 71 2001 -1
3386 12 2066 -1
3535 5 2016 -1
3536 6 2016 -1
3541 81 2066 -1
3562 40 2066 -1
3568 147 2066 -1
3601 52 2001 -1
3597 13 2066 -1
3614 205 2001 2066 -1
3615 144 2066 -1
3630 32 2066 -1
3631 91 2066 -1
3633 48 2066 -1
3635 63 2066 -1
3641 212 2066 -1
3642 362 2001 -1
3645 40 2066 -1
3659 38 2066 -1
3660 87 2066 -1
3661 36 2066 -1
3667 6 2066 -1
3682 75 2066 -1
3714 15 2066 -1
3724 93 2066 -1
3728 85 2001 2066 -1
3729 11 2066 -1
3720 11 2066 -1
3767 16 2066 -1
3786 99 2001 2066 -1
3787 232 2014 -1
3798 23 2066 -1
3804 5 2066 -1
3815 20 2014 -1
3854 82 2066 -1
3872 15 2066 -1
3917 29 2014 -1
3956 85 2066 -1
3976 145 2001 -1
3977 14 2066 -1
3985 32 2066 -1
4013 21 2066 -1
4034 4 2072 -1
4036 147 2001 2066 -1
4037 15 2014 -1
4042 21 2066 -1
4077 77 2014 -1
4065 131 2014 -1
4068 6 2066 -1
4070 111 2001 -1
4074 33 2066 -1
4076 86 2066 -1
4123 25 2066 -1
4124 50 2066 2072 -1
4127 41 2066 -1
4128 9 2066 -1
4138 64 2001 -1
4144 76 2066 -1
4155 5 2066 -1
4189 11 2066 -1
4190 2 2066 -1
4194 2 2066 -1
4191 20 2066 -1
4192 7 2066 -1
4195 1 2066 -1
4276 52 2001 -1
4338 40 2001 -1
4353 80 2001 -1
4355 50 2001 2014 -1
4547 45 2014 -1
4687 23 2014 -1
4688 59 2014 -1
4718 46 2001 -1
4756 34 2001 2014 -1
4760 7 2014 -1
4824 101 2001 -1
4893 5 2014 -1
4898 11 2014 -1
4899 169 2001 2014 -1
4900 1 2014 -1
4901 2 2014 -1
4948 214 2001 -1
4967 361 2001 -1
4981 53 2001 -1
5079 271 2001 -1
5118 13 2001 -1
5176 139 2001 -1
4310 278 2001 -1
5179 217 2001 -1
5180 49 2001 -1
5189 312 2001 -1
5190 80 2001 -1
5196 32 2001 -1
5419 9 2001 -1
5427 37 2001 -1
5487 30 2001 -1
5495 4 2001 -1
5531 243 2001 -1
5691 49 2001 -1
5733 1 2001 -1