6 302 6227 -1
20 187 6229 6262 -1
24 309 6229 6272 -1
28 133 6251 -1
44 44 6262 -1
47 146 6227 -1
27 102 6246 -1
72 164 6229 -1
87 195 6296 -1
68 275 6229 6262 -1
109 190 6272 6296 -1
136 99 6262 6299 -1
173 334 6269 -1
237 41 6229 -1
258 6 6262 -1
260 6 6262 -1
311 321 6299 -1
336 31 6221 -1
383 45 6296 -1
395 42 6227 -1
407 145 6246 -1
425 79 6241 6255 -1
432 157 6227 -1
449 9 6221 -1
457 732 6218 6221 6227 6229 6243 6261 6270 6272 6296 6299 -1
553 22 6299 -1
600 214 6229 -1
634 150 6227 -1
695 118 6251 6262 -1
722 264 6299 -1
737 232 6221 6227 6280 6299 -1
763 68 6262 -1
766 773 6221 6227 6229 6241 6243 6251 6262 6272 6296 6299 -1
769 146 6229 -1
788 113 6255 -1
789 317 6229 6246 6262 -1
825 165 6218 6229 6246 6251 -1
837 4 6229 -1
854 99 6251 -1
856 91 6299 -1
852 39 6255 -1
896 26 6299 -1
996 297 6246 6262 -1
1009 44 6251 -1
1037 86 6299 -1
1041 49 6262 6270 -1
1064 16 6243 -1
1074 95 6221 6299 -1
1075 74 6229 -1
1098 305 6241 6270 6296 6299 -1
1133 399 6226 6229 6246 6262 -1
1151 472 6226 6229 -1
1166 599 6218 6221 6246 6251 6255 6262 6270 6299 -1
1204 61 6299 -1
1244 2 6262 -1
1286 65 6227 -1
1360 22 6262 -1
1374 462 6241 6299 -1
1385 35 6299 -1
1395 199 6227 6229 -1
1470 156 6229 6246 6251 6262 -1
1471 72 6272 6299 -1
1497 28 6229 -1
1506 41 6296 -1
1542 244 6227 6229 6241 6243 6246 6261 -1
1549 587 6299 -1
1608 355 6246 -1
1612 68 6270 -1
1661 66 6218 6296 -1
1701 112 6221 6229 -1
1697 70 6255 -1
1720 14 6227 -1
1722 14 6227 -1
1688 25 6227 -1
1762 47 6221 6299 -1
1796 38 6221 6270 -1
1799 48 6221 -1
1803 19 6226 -1
1823 49 6272 -1
1835 73 6229 -1
1874 9 6229 -1
1915 33 6246 6251 -1
1931 15 6227 -1
1982 29 6270 -1
2135 146 6218 6262 -1
2145 145 6221 6299 -1
2186 61 6229 6299 -1
2215 15 6296 -1
2226 28 6299 -1
2231 66 6251 -1
2237 241 6229 -1
2249 38 6299 -1
2256 247 6296 -1
2258 95 6229 6251 -1
2264 58 6243 -1
2294 9 6229 -1
2322 19 6227 -1
2323 111 6255 -1
2328 215 6296 -1
2369 189 6227 6235 -1
2376 26 6218 -1
2412 3 6243 -1
2452 42 6280 -1
2485 324 6227 6229 -1
2504 100 6296 -1
2511 8 6241 -1
2542 93 6229 -1
2565 893 6227 6241 6243 6270 6272 6299 -1
2599 9 6251 -1
2623 108 6261 6279 -1
2658 307 6243 -1
2677 40 6272 -1
2688 618 6221 6226 6227 6229 6246 6251 6262 6272 6296 -1
2704 75 6229 -1
2660 164 6262 -1
2667 126 6218 6229 -1
2744 39 6229 6246 6251 -1
2765 29 6227 -1
2790 173 6235 6246 6255 -1
2467 4 6221 -1
2908 12 6251 -1
2972 357 6235 6246 6251 6272 -1
3028 189 6261 -1
3032 216 6218 6251 6272 -1
3291 58 6246 -1
3348 25 6299 -1
3381 180 6218 6221 6227 6243 6262 6272 -1
3447 271 6218 6225 6241 6246 6255 6261 6262 6270 6272 6299 -1
3449 314 6218 6229 6246 6251 6262 6296 -1
3453 319 6272 6296 -1
3457 166 6235 -1
3459 92 6221 6272 6299 -1
3469 23 6262 -1
3479 102 6218 -1
3483 20 6251 -1
3478 42 6227 -1
3498 114 6299 -1
3522 71 6246 -1
3586 156 6226 6227 6251 6270 6272 6296 -1
3601 52 6251 -1
3614 205 6227 6229 -1
3634 82 6218 6251 6262 -1
3635 63 6243 -1
3641 212 6227 6229 6272 -1
3642 362 6218 6221 6226 6229 6246 6251 6255 6262 6269 6296 6299 -1
3658 39 6227 -1
3662 10 6299 -1
3571 45 6227 -1
3752 15 6241 -1
3786 99 6262 -1
3787 232 6246 6251 6255 6262 -1
3792 27 6296 -1
3910 33 6270 -1
3920 6 6299 -1
3922 7 6299 -1
3965 89 6270 -1
3976 145 6257 6261 6269 6278 -1
3985 32 6296 -1
4013 21 6218 -1
4036 147 6229 -1
4040 104 6269 6278 -1
4041 68 6255 -1
4045 257 6229 -1
4046 89 6241 6270 -1
4071 17 6296 -1
4073 115 6218 -1
4099 155 6299 -1
4144 76 6221 6246 6255 6262 6296 6299 -1
4276 52 6229 -1
4338 40 6229 -1
4353 80 6229 6262 6296 -1
4364 39 6246 -1
4416 11 6229 -1
4437 70 6299 -1
4438 6 6257 -1
4455 22 6270 -1
4483 153 6221 6225 6243 6269 -1
4550 100 6251 6255 -1
4574 40 6262 -1
4598 71 6246 6261 6270 6299 -1
4600 15 6229 -1
4632 228 6218 6227 6246 6251 6255 6262 6299 -1
4673 96 6218 -1
4717 62 6221 6272 -1
4712 121 6255 6262 6269 6270 -1
4746 18 6296 -1
4764 53 6221 6229 6243 -1
4781 27 6246 -1
4879 28 6243 -1
4894 79 6225 6226 6246 6255 6261 6269 -1
4899 169 6246 6251 6299 -1
4924 10 6251 -1
4967 361 6218 6221 6225 6226 6227 6229 6235 6246 6251 6257 6272 6296 -1
4970 8 6229 -1
4988 23 6246 -1
4989 7 6262 -1
4994 19 6299 -1
5002 115 6221 6296 -1
5022 172 6218 6229 6246 6251 6255 6262 -1
5020 139 6229 6251 6278 -1
5028 43 6218 -1
5053 52 6229 6299 -1
5079 271 6221 6272 6299 -1
5106 33 6227 -1
5102 54 6227 -1
5103 127 6227 -1
5110 84 6246 6251 6255 -1
4828 168 6218 6262 6272 -1
5121 9 6296 -1
5123 69 6299 -1
5125 54 6229 6246 6251 6296 -1
5171 41 6221 -1
5173 122 6270 6299 -1
4795 73 6218 6270 -1
5177 101 6221 6229 6251 6262 6296 -1
4310 278 6243 6296 6299 -1
5179 217 6221 6229 6246 6251 6255 6262 6270 6272 6296 6299 -1
5185 152 6218 6221 6227 6229 6251 6272 6299 -1
5188 211 6221 6227 6262 6272 6299 -1
5189 312 6218 6226 6229 6246 6251 6261 6262 6269 6278 6296 -1
5194 10 6262 -1
5196 32 6251 -1
5217 21 6299 -1
5254 33 6299 -1
5255 8 6255 -1
5262 59 6246 6262 -1
5301 61 6218 6229 -1
5321 32 6255 -1
5339 10 6255 -1
5360 15 6251 -1
5391 37 6218 -1
5404 40 6255 6299 -1
5439 66 6218 6255 6261 -1
5457 44 6251 6261 -1
5482 12 6229 -1
5487 30 6246 -1
5524 389 6221 6227 6241 6243 6251 6270 6272 6296 6299 -1
5531 243 6218 6243 6246 6251 6255 6262 6272 6296 6299 -1
5532 26 6229 -1
5543 137 6227 6246 6251 6272 6296 6299 -1
5549 10 6229 -1
5582 105 6218 6221 6299 -1
5589 11 6218 6246 6296 -1
5591 27 6218 6246 6262 -1
5616 15 6229 -1
5617 22 6246 -1
5630 36 6221 6235 6246 6251 6255 6269 6278 -1
5644 21 6251 6255 6262 -1
5655 139 6226 6235 6269 6299 -1
5691 49 6255 -1
5692 21 6299 -1
5696 50 6229 6255 6299 -1
5697 230 6218 6221 6227 6246 6251 6255 6262 6270 6272 6296 -1
5704 4 6226 -1
5714 44 6229 -1
5757 1 6218 -1
5760 3 6299 -1
5768 13 6251 -1
5769 4 6299 -1
5775 42 6270 -1
5772 15 6299 -1
5773 75 6227 6272 -1
5776 14 6262 -1
5783 23 6255 -1
5787 32 6229 -1
5796 191 6218 6227 6229 6270 6272 6299 -1
5798 12 6261 -1
5799 23 6218 6296 -1
5800 222 6221 6227 6243 6270 6272 6299 -1
5802 385 6218 6227 6243 6270 6272 6299 -1
5806 83 6243 6296 6299 -1
5805 16 6251 -1
5809 21 6218 6296 -1
5811 79 6299 -1
5812 41 6218 6246 6251 6262 6296 -1
5814 144 6221 6299 -1
5816 84 6221 6246 -1
5817 75 6255 6299 -1
5818 67 6246 6251 6255 6262 6296 -1
5820 20 6241 -1
5822 98 6251 6299 -1
5824 41 6246 6299 -1
5829 12 6246 -1
5857 92 6227 6272 -1
5862 24 6272 -1
5871 50 6272 -1
5923 3 6227 -1
5935 11 6226 6235 -1
5999 20 6246 -1
6000 10 6270 -1
6006 68 6272 -1
6020 25 6226 6255 -1
6024 17 6218 6251 -1
6023 30 6218 6261 -1
6032 80 6243 -1
6072 54 6241 -1
6097 26 6299 -1
6094 11 6229 -1
6108 4 6229 -1
6110 1 6246 -1
6126 11 6229 -1
6134 7 6296 -1
6156 22 6218 6221 -1
6170 14 6251 -1
6200 6 6246 -1
6192 2 6262 -1
6213 3 6229 -1
6218 53 6299 -1
6220 18 6262 6299 -1
6221 31 6296 -1
6229 19 6227 -1
6227 2 6229 -1
6230 2 6229 -1
6228 1 6229 -1
6232 3 6218 -1
6239 5 6218 -1
6241 75 6299 -1
6242 5 6251 -1
6244 1 6246 -1
6245 8 6246 -1
6243 35 6246 -1
6252 2 6255 -1
6253 1 6255 -1
6254 1 6255 -1
6258 1 6259 -1
6263 4 6262 -1
6264 1 6262 -1
6265 1 6262 -1
6266 1 6267 -1
6270 88 6272 6299 -1
6280 52 6299 -1
6291 1 6296 -1
6292 1 6296 -1
6293 1 6296 -1
6294 1 6296 -1
6297 1 6296 -1
6295 3 6296 -1
6299 78 6218 6270 -1
6305 190 6218 6221 6227 6299 -1
6339 3 6218 -1
6359 81 6221 6227 6272 6299 -1
6360 35 6218 -1
6351 1 6218 -1
6371 1 6218 -1
6327 108 6270 6299 -1
6398 29 6270 -1
6443 70 6270 6299 -1
6483 28 6299 -1
6503 4 6221 -1
6555 35 6299 -1
6563 58 6299 -1
6577 10 6227 -1
6552 29 6221 6243 -1
6596 177 6241 6299 -1
6618 91 6270 6272 -1
6619 104 6227 6243 6272 6299 -1
6615 160 6270 6272 6299 -1
6624 135 6241 6243 6299 -1
6625 3 6227 -1
6626 9 6221 -1
6649 26 6227 6272 -1
6665 29 6221 -1
6666 6 6221 6299 -1
6703 1 6221 -1
6711 7 6299 -1
6714 100 6243 6299 -1
6611 15 6270 -1
6758 10 6243 -1
6774 24 6243 6272 -1
6789 11 6299 -1
6859 11 6272 -1
6620 93 6227 6270 6272 -1
6902 28 6241 -1
6913 44 6270 -1
6914 95 6243 6270 -1
6906 49 6299 -1
6907 191 6241 6243 6299 -1
6926 1 6227 -1
6927 1 6227 -1
6934 65 6270 -1
6935 2 6272 -1
6941 57 6241 -1
6959 5 6243 -1
6993 81 6243 -1
7052 142 6241 6243 -1
7045 36 6241 -1
7055 98 6241 6243 -1
7057 118 6241 6243 -1
7080 70 6243 6270 -1
7086 123 6243 -1
7092 93 6243 -1
5015 14 6299 -1
7099 18 6270 -1
7120 18 6241 -1
7129 11 6299 -1
7188 14 6299 -1
7203 1 6270 -1
7231 101 6241 6243 -1
7237 15 6243 -1
7239 21 6243 -1
7280 89 6241 6299 -1
7293 4 6299 -1
7295 13 6299 -1
7294 39 6243 -1
7327 6 6299 -1
7281 12 6299 -1
7332 1 6299 -1
7335 15 6299 -1
7336 1 6299 -1
7337 1 6299 -1
7350 21 6243 -1
7402 5 6241 -1
7482 1 6243 -1
7483 1 6243 -1
7598 33 6241 -1
7614 39 6241 -1
7639 1 6280 -1
7638 1 6280 -1
7679 26 6241 -1