11 743 3529 3537 3557 3562 3568 -1
14 114 3562 -1
20 187 3516 -1
24 309 3537 3568 3586 -1
36 227 3537 3562 3586 -1
46 59 3506 -1
53 39 3568 -1
27 102 3537 -1
86 122 3529 3537 3576 -1
71 109 3529 3562 3576 -1
87 195 3516 -1
103 68 3537 -1
68 275 3506 3537 3557 3586 -1
122 213 3516 3520 3537 3541 3568 3580 3587 -1
113 89 3537 3586 -1
127 132 3516 3520 3537 3549 3562 3567 3580 3587 -1
157 44 3506 -1
172 123 3506 3516 3529 3580 3587 -1
173 334 3537 -1
180 54 3567 3587 -1
182 79 3537 -1
166 93 3562 -1
204 12 3516 -1
265 31 3587 -1
290 71 3516 -1
306 244 3529 3537 3562 3567 -1
308 142 3562 -1
311 321 3506 -1
319 199 3537 3547 -1
150 28 3568 -1
346 86 3520 3537 3541 3557 3562 3580 -1
383 45 3529 3537 -1
407 145 3580 -1
425 79 3580 -1
449 9 3548 -1
457 732 3529 3537 3557 3562 3568 3586 -1
465 17 3562 -1
546 142 3516 3562 -1
556 121 3537 -1
583 26 3576 -1
582 34 3557 -1
600 214 3568 -1
634 150 3516 3554 3580 -1
635 66 3516 -1
695 118 3516 3537 3580 -1
710 105 3516 3537 -1
722 264 3580 -1
737 232 3568 -1
742 93 3568 -1
749 66 3537 -1
759 77 3520 3537 3587 -1
763 68 3529 -1
766 773 3506 3516 3537 3541 3547 3549 3554 3555 3557 3562 3580 3586 3587 -1
769 146 3554 -1
788 113 3516 -1
784 224 3568 3587 -1
789 317 3537 3554 3586 -1
798 16 3568 -1
808 4 3557 -1
813 272 3520 3537 3557 3580 3587 -1
822 11 3537 -1
826 249 3506 3516 -1
825 165 3537 3548 3562 3568 3587 -1
838 36 3516 3548 -1
856 91 3506 3516 3541 -1
865 97 3554 -1
879 122 3516 3537 3557 3562 3568 -1
947 27 3549 -1
974 36 3580 3587 -1
988 292 3506 3529 3537 3538 3541 3547 3548 3557 3567 3580 3587 -1
993 238 3537 -1
994 45 3529 3537 -1
996 297 3537 3554 3557 3562 -1
1000 60 3586 -1
1006 138 3568 -1
1009 44 3529 -1
1032 39 3587 -1
1037 86 3516 -1
1041 49 3586 -1
1055 196 3516 3520 3541 3554 3580 -1
1062 156 3529 -1
1063 29 3568 -1
872 29 3587 -1
1097 88 3554 3562 3580 -1
1098 305 3529 3537 3580 -1
1125 37 3516 -1
1133 399 3537 3554 3557 3568 3586 -1
1137 135 3537 -1
1142 48 3516 -1
1151 472 3537 -1
1166 599 3506 3516 3537 3538 3541 3554 3557 3562 3580 3586 3587 -1
1167 158 3541 -1
1196 9 3557 -1
1204 61 3537 -1
1210 218 3537 3557 3580 3586 3587 -1
1247 77 3537 -1
1248 21 3562 -1
1259 45 3506 3529 -1
1282 8 3557 -1
1286 65 3537 -1
1296 9 3537 -1
1297 76 3516 3580 -1
1305 290 3506 3516 3529 3538 3541 3548 3557 3567 3580 3587 -1
1367 40 3506 3520 3537 3548 3587 -1
1368 33 3557 -1
1374 462 3506 3529 3554 3562 -1
1381 52 3537 -1
1384 37 3506 3537 3587 -1
1390 32 3516 -1
1419 41 3516 3548 -1
1470 156 3516 3537 3580 3587 -1
1492 157 3537 3568 -1
1496 210 3562 3586 -1
1522 139 3520 -1
1538 81 3580 -1
1537 68 3568 -1
1542 244 3537 3554 3586 -1
1553 20 3568 -1
1549 587 3529 3537 3541 3562 3568 3580 3587 -1
1550 42 3568 -1
1566 46 3537 -1
1585 102 3520 3580 -1
1592 30 3516 -1
1596 29 3562 -1
1608 355 3520 3547 3562 -1
1621 80 3568 -1
1622 50 3580 -1
1623 39 3580 -1
1661 66 3548 -1
1667 55 3537 -1
1647 19 3587 -1
1691 50 3562 -1
1701 112 3516 3537 3586 -1
1717 96 3516 3587 -1
1688 25 3537 -1
1734 55 3537 -1
1748 76 3548 3562 -1
1749 68 3516 3538 3562 -1
1767 97 3541 -1
1769 67 3537 -1
1783 57 3537 3562 3580 -1
1803 19 3537 -1
1808 129 3516 -1
1813 41 3557 -1
1814 105 3516 -1
1820 90 3557 -1
1821 7 3516 3548 -1
1838 57 3562 -1
1872 5 3529 -1
1891 36 3568 -1
1899 6 3516 -1
1922 204 3516 3537 -1
1925 22 3587 -1
1947 15 3541 3562 -1
1951 29 3549 -1
1967 31 3520 3537 3580 3587 -1
1972 181 3516 3529 3562 3580 3587 -1
1980 47 3557 -1
1990 36 3562 -1
2001 39 3554 -1
2065 50 3587 -1
2083 2 3548 -1
2109 47 3562 -1
2114 39 3576 -1
2116 20 3529 -1
2118 113 3580 -1
2120 122 3538 3548 -1
2129 44 3529 3557 3568 -1
2135 146 3537 3568 -1
2145 145 3537 3587 -1
2160 26 3562 -1
2174 65 3516 -1
2209 31 3580 3587 -1
2210 17 3562 -1
2217 11 3562 3568 -1
2230 49 3541 -1
2229 143 3520 3537 3568 3580 3587 -1
2237 241 3529 3537 3541 3557 3568 3580 -1
2240 108 3580 -1
2252 22 3520 3576 -1
2256 247 3520 3547 3555 3562 3576 3587 -1
2258 95 3568 3586 -1
2290 120 3516 3520 3529 3537 3541 3547 3548 3556 3557 3567 3568 3580 3587 -1
2289 14 3568 -1
2297 164 3516 3529 3537 3562 3568 3576 3587 -1
2299 67 3541 3580 -1
2323 111 3516 3541 3562 3580 -1
2326 252 3506 3516 3520 3529 3537 3538 3541 3548 3557 3562 3567 3568 3580 3587 -1
2328 215 3529 3537 3562 3568 3587 -1
2332 36 3548 3556 3562 -1
2364 14 3538 -1
2365 77 3516 3580 -1
2369 189 3541 3554 -1
2371 124 3516 3537 -1
2379 45 3541 -1
2384 72 3516 -1
2387 66 3554 -1
2398 62 3516 3555 3580 -1
2410 34 3586 -1
2411 141 3506 3529 3537 3538 3548 3580 3587 -1
2416 37 3587 -1
2485 324 3516 3529 3537 3557 3562 3568 3580 3587 -1
2497 38 3529 3547 3548 -1
2504 100 3568 -1
2506 46 3541 -1
2508 13 3562 -1
2510 68 3516 3529 3557 -1
2542 93 3580 3587 -1
2546 34 3567 -1
2547 105 3516 3557 3580 3587 -1
2548 12 3568 -1
2566 32 3529 3562 -1
2559 82 3516 3562 3568 3580 -1
2560 180 3506 3516 3520 3537 3557 3567 3580 -1
2564 50 3537 -1
2565 893 3506 3516 3520 3529 3537 3538 3541 3547 3548 3557 3562 3567 3568 3576 3580 3587 -1
2576 146 3516 -1
2587 12 3568 -1
2585 60 3537 3562 3580 -1
2594 45 3562 3580 -1
2595 49 3537 3586 -1
2474 142 3562 -1
2605 64 3568 -1
2612 29 3555 3587 -1
2613 25 3541 -1
2617 22 3580 -1
2618 53 3562 -1
2623 108 3516 3547 3549 3586 -1
2651 269 3506 3516 3541 3547 3548 3562 3567 3576 3580 -1
2653 113 3516 3529 3537 3548 3568 3580 3587 -1
2657 44 3516 3562 3567 3568 3580 -1
2658 307 3537 3541 3557 3580 3587 -1
2674 103 3562 -1
2699 74 3580 3587 -1
2700 168 3506 3516 3520 3529 3538 3548 3556 3557 3580 3587 -1
2686 156 3506 3516 3520 3538 3547 -1
2687 13 3548 -1
2702 80 3516 3537 3538 -1
2703 61 3516 3538 -1
2688 618 3506 3516 3520 3529 3537 3538 3541 3547 3548 3549 3554 3555 3557 3562 3568 3576 3580 3586 3587 -1
2704 75 3538 -1
2660 164 3506 3516 3529 3537 3541 3580 3587 -1
2689 38 3529 -1
2667 126 3554 3586 -1
2691 44 3568 -1
2693 149 3516 3529 3537 3549 3562 3568 3580 3587 -1
2706 18 3537 3587 -1
2696 64 3537 3568 -1
2697 45 3537 3562 -1
2698 15 3516 3548 -1
2711 13 3537 3548 3549 -1
2719 21 3562 -1
2727 33 3516 3529 -1
2737 16 3516 -1
2740 28 3520 -1
2747 79 3516 3529 3568 3576 3580 -1
2746 25 3562 -1
2775 35 3568 -1
2790 173 3516 3520 3537 3548 3549 3555 3576 3580 -1
2804 16 3537 3580 3587 -1
2811 19 3562 -1
2544 11 3568 -1
2819 18 3516 3548 -1
2654 104 3529 3537 3541 3556 3562 3567 -1
2831 39 3529 -1
2832 50 3568 -1
2838 21 3516 3587 -1
2859 139 3557 3562 3568 -1
2871 282 3537 3557 3562 3568 -1
2872 87 3557 3562 -1
2923 35 3516 3537 3568 -1
2932 62 3537 3557 3568 -1
2935 36 3537 -1
2939 7 3529 -1
2940 123 3557 -1
2941 11 3549 -1
2958 47 3516 -1
2967 238 3520 3529 3538 3562 3568 3580 3587 -1
2968 55 3516 3557 3562 -1
2972 357 3537 3557 3562 3568 -1
2974 15 3562 -1
2986 3 3537 -1
2988 55 3537 -1
2991 7 3562 -1
2995 10 3537 3567 -1
3000 43 3568 -1
3009 51 3547 -1
3005 28 3529 3562 3580 -1
3010 123 3520 3529 3537 3549 3557 3580 3587 -1
2707 103 3516 3537 3568 -1
3018 19 3537 3557 -1
3020 52 3516 -1
3024 52 3562 3580 -1
3026 175 3529 3537 3548 3562 3568 3587 -1
3028 189 3529 3557 3567 3568 3576 3580 -1
3031 50 3516 3537 3567 3580 -1
3032 216 3516 3520 3541 3557 3567 3568 3587 -1
3033 45 3568 3580 -1
3034 38 3568 -1
2713 200 3506 3516 3520 3529 3548 3557 3562 3568 3576 3580 3587 -1
3037 7 3580 -1
3040 7 3576 -1
3044 6 3516 -1
3056 44 3516 3520 3548 3567 3587 -1
3053 9 3516 -1
3055 52 3587 -1
3057 48 3587 -1
3059 32 3537 -1
2976 7 3541 -1
3081 20 3516 -1
3084 62 3537 3555 3557 3562 3568 -1
3094 5 3537 -1
2842 124 3506 3520 3538 3580 3587 -1
3120 8 3520 -1
3127 15 3541 3557 -1
3144 88 3529 3557 3567 3568 -1
3148 26 3516 3562 -1
3168 79 3516 3557 3562 3568 -1
3173 7 3529 3537 -1
3175 41 3529 3537 3541 -1
3180 24 3506 3516 3529 3537 -1
3188 20 3555 3567 -1
3189 10 3587 -1
3192 56 3537 -1
3196 22 3529 -1
3202 8 3516 -1
3209 41 3520 -1
3225 13 3516 -1
3239 3 3555 -1
3252 37 3516 3562 3587 -1
3258 95 3520 3541 3547 3557 3568 3587 -1
3274 69 3537 -1
3275 14 3516 -1
3276 79 3529 3562 -1
3284 20 3506 3516 3556 3557 -1
3291 58 3506 3516 3562 3587 -1
3301 15 3576 -1
3304 31 3516 3529 3557 3580 -1
3290 36 3587 -1
3317 15 3568 -1
3333 15 3587 -1
3343 13 3541 -1
3345 35 3586 -1
3349 9 3580 3587 -1
3350 55 3516 -1
3352 273 3516 3529 3537 3557 3562 3567 3568 -1
3374 4 3516 -1
3375 43 3516 3520 3557 3562 -1
3377 4 3587 -1
3378 41 3562 -1
3379 19 3516 -1
3380 42 3506 3516 3520 -1
3384 3 3580 -1
3392 33 3529 3555 -1
3394 156 3516 3529 3537 3541 3548 3562 3568 -1
3402 122 3516 3537 -1
3036 7 3516 3592 -1
3404 89 3529 3548 3586 3587 -1
3390 60 3537 -1
3406 4 3541 -1
3439 88 3516 3538 3548 3556 3567 3587 -1
3447 271 3537 -1
3449 314 3537 3557 -1
3450 27 3557 -1
3452 131 3537 3586 -1
3453 319 3537 3557 3568 -1
3454 148 3537 3557 3568 -1
3455 68 3537 -1
3456 241 3537 3568 -1
3457 166 3537 3541 3547 3555 3568 -1
3458 69 3520 3529 3537 3586 -1
3461 101 3557 -1
3462 54 3557 -1
3469 23 3529 3567 3587 -1
3470 21 3580 3587 -1
3479 102 3537 3538 3568 3580 3587 -1
3480 18 3541 -1
3481 17 3538 -1
3477 53 3506 3529 3557 3587 -1
3478 42 3586 -1
3496 10 3562 -1
3498 114 3586 -1
3510 1 3516 -1
3515 3 3516 3538 3587 -1
3511 1 3516 -1
3512 9 3516 -1
3513 4 3516 -1
3514 1 3516 -1
3519 48 3529 3568 -1
3520 1 3529 -1
3521 29 3529 3568 -1
3522 71 3529 3554 3557 -1
3523 28 3520 3529 -1
3524 1 3529 -1
3525 16 3529 3541 -1
3526 6 3529 -1
3527 64 3529 3576 -1
3532 5 3548 -1
3536 6 3520 -1
3541 81 3562 3576 -1
3543 3 3548 -1
3553 8 3587 -1
3555 14 3537 -1
3556 14 3541 -1
3561 4 3562 -1
3562 40 3537 3541 3580 -1
3568 147 3537 3557 3562 -1
3569 42 3537 3541 3557 3580 -1
3579 2 3580 -1
3578 2 3580 -1
3581 1 3587 -1
3582 1 3587 -1
3583 4 3587 -1
3584 1 3587 -1
3585 2 3587 -1
3586 156 3587 -1
3591 13 3568 -1
3590 1 3591 -1
3595 2 3537 -1
3614 205 3537 3554 3557 3562 3568 3586 -1
3615 144 3541 3557 3562 3568 -1
3624 64 3568 -1
3625 4 3520 -1
3629 4 3537 -1
3630 32 3562 -1
3631 91 3562 3568 -1
3633 48 3557 3576 -1
3635 63 3562 3568 -1
3639 12 3537 -1
3641 212 3537 3562 3568 -1
3642 362 3586 -1
3645 40 3562 3568 -1
3651 1 3537 -1
3652 1 3537 -1
3658 39 3537 3568 -1
3659 38 3568 -1
3660 87 3557 3562 3568 -1
3661 36 3555 3562 3568 -1
3666 144 3554 3557 3562 3568 3586 -1
3674 2 3557 -1
3682 75 3541 3562 -1
3691 95 3537 3557 3568 -1
3714 15 3562 -1
3719 14 3541 3562 -1
3724 93 3555 3562 3568 -1
3571 45 3586 -1
3729 11 3562 -1
3731 15 3557 -1
3748 30 3537 -1
3720 11 3562 3568 -1
3777 11 3568 -1
3785 18 3562 -1
3786 99 3541 3562 -1
2975 2 3541 -1
3787 232 3537 3554 3557 3568 -1
3796 113 3537 3568 -1
3794 46 3537 3568 -1
3798 23 3586 -1
3800 3 3568 -1
3806 45 3554 -1
3813 94 3537 3562 3568 -1
3814 47 3568 -1
3823 2 3541 -1
3824 1 3541 -1
3839 5 3562 -1
3845 8 3554 -1
3854 82 3537 3562 -1
3862 2 3562 -1
3863 5 3537 -1
3648 9 3576 -1
3894 1 3576 -1
3897 9 3568 -1
3916 42 3586 -1
3917 29 3568 -1
3949 30 3562 -1
3956 85 3537 3568 -1
3965 89 3568 -1
3969 90 3537 -1
3973 33 3562 -1
3976 145 3537 -1
3977 14 3562 -1
3991 7 3562 -1
4001 28 3568 -1
4007 15 3562 -1
4036 147 3562 3586 -1
4040 104 3562 3586 -1
4039 9 3562 -1
4041 68 3554 -1
2981 44 3537 3568 -1
4044 89 3537 -1
4045 257 3537 3586 -1
4059 4 3562 -1
4061 1 3562 -1
4062 4 3562 -1
4063 27 3562 3568 -1
4077 77 3537 3562 3568 -1
4078 2 3562 -1
4064 1 3562 -1
4065 131 3562 3568 -1
4066 5 3562 3568 -1
4067 1 3562 -1
4068 6 3562 -1
4069 1 3562 -1
4079 4 3562 -1
4070 111 3562 3586 -1
4071 17 3562 -1
4072 29 3557 3562 -1
4073 115 3537 3562 -1
4074 33 3562 -1
4075 1 3562 -1
4098 8 3568 -1
4124 50 3537 3568 -1
4137 7 3568 -1
4138 64 3568 -1
4141 5 3568 -1
4144 76 3586 -1
4151 84 3537 3568 3586 -1
4152 43 3568 -1
3995 57 3586 -1
4211 65 3537 3568 -1
4212 53 3537 -1
4214 9 3568 -1
4261 24 3537 3568 -1
4275 5 3537 -1
4273 23 3568 -1
4276 52 3586 -1
4292 4 3568 -1
4312 5 3568 -1
4313 5 3568 -1
4314 4 3568 -1
4315 29 3568 -1
4316 8 3568 -1
4317 3 3568 -1
4318 3 3568 -1
4319 4 3568 -1
4320 2 3568 -1
4321 1 3568 -1
4338 40 3537 3554 -1
4347 55 3554 -1
4355 50 3537 -1
4364 39 3554 -1
4428 12 3537 -1
4433 24 3557 -1
4437 70 3557 -1
4441 202 3537 -1
4483 153 3537 -1
4509 11 3537 -1
4527 14 3537 -1
4531 14 3557 -1
4535 5 3537 -1
4547 45 3537 -1
4557 16 3586 -1
4563 11 3554 -1
4574 40 3586 -1
4587 27 3537 -1
4632 228 3554 3586 -1
4653 114 3537 -1
4665 9 3537 -1
4671 7 3554 -1
4686 57 3554 -1
4709 25 3586 -1
4746 18 3537 -1
4824 101 3537 3586 -1
4859 30 3537 -1
4879 28 3537 -1
4899 169 3537 3586 -1
4937 17 3537 -1
4943 31 3537 -1
4947 10 3537 -1
4948 214 3537 3554 -1
4963 13 3537 -1
4964 60 3537 3586 -1
4967 361 3537 3586 -1
4973 8 3537 -1
4974 44 3537 3586 -1
4981 53 3586 -1
4982 43 3537 -1
5020 139 3554 -1
5024 4 3537 -1
5036 4 3537 -1
5039 7 3537 -1
5040 3 3537 -1
5059 26 3537 -1
5060 3 3537 -1
5061 13 3537 -1
5062 1 3537 -1
5063 1 3537 -1
5079 271 3586 -1
4828 168 3586 -1
5123 69 3586 -1
5176 139 3586 -1
5177 101 3586 -1
4310 278 3586 -1
5180 49 3586 -1
5189 312 3586 -1
5191 10 3554 -1
5246 44 3586 -1
5296 16 3554 -1
5316 24 3586 -1
5342 30 3586 -1
5343 2 3586 -1
5264 7 3554 -1
5427 37 3586 -1
5437 26 3586 -1
5452 17 3554 -1
5474 8 3554 -1
5484 22 3586 -1
5524 389 3586 -1
5543 137 3586 -1
5624 28 3586 -1
5655 139 3586 -1
5697 230 3586 -1
5714 44 3586 -1
5770 6 3586 -1
5796 191 3586 -1
5819 61 3586 -1
5836 11 3586 -1
5857 92 3586 -1
5883 2 3586 -1
5981 6 3586 -1
5982 4 3586 -1
5983 1 3586 -1
5984 10 3586 -1
5985 1 3586 -1
5986 1 3586 -1
5987 1 3586 -1
5988 4 3586 -1
5989 1 3586 -1
5990 1 3586 -1