11 743 5026 5037 5055 5073 5092 -1
24 309 5026 5037 5055 -1
36 227 5022 -1
44 44 5055 -1
53 39 5079 -1
58 38 5079 -1
72 164 5022 5061 5079 -1
86 122 5028 -1
71 109 5058 5079 -1
87 195 5020 5022 5028 5055 5072 -1
99 24 5022 5055 -1
104 30 5022 -1
68 275 5002 5022 5061 5079 5096 -1
109 190 5002 5022 5028 5079 5096 -1
110 95 5079 -1
113 89 5002 5022 5072 -1
126 25 5022 -1
155 28 5079 -1
173 334 5026 5028 5037 5055 -1
166 93 5002 -1
255 86 5073 -1
265 31 5083 -1
310 230 5072 -1
311 321 5020 5022 -1
319 199 5002 5020 5026 5072 5073 5075 -1
335 46 5083 -1
395 42 5028 -1
425 79 5079 -1
432 157 5073 -1
412 21 5055 -1
457 732 5002 5012 5020 5022 5037 5045 5055 5058 5061 5072 5092 -1
634 150 5002 -1
663 158 5092 -1
722 264 5022 -1
737 232 5002 5012 5028 5037 5064 5096 -1
742 93 5002 5073 -1
759 77 5072 -1
763 68 5037 5073 -1
766 773 5002 5022 5026 5033 5037 5055 5058 5061 5072 5073 5075 5079 5092 5096 -1
789 317 5022 5026 5055 5058 5072 5073 5083 5092 -1
791 41 5079 -1
805 90 5022 -1
813 272 5026 5092 -1
825 165 5020 -1
840 7 5002 -1
856 91 5002 5083 -1
852 39 5079 -1
909 12 5079 -1
948 29 5083 -1
982 47 5073 -1
988 292 5022 -1
993 238 5064 -1
996 297 5022 5079 -1
1024 41 5055 -1
1037 86 5022 5079 -1
1041 49 5022 -1
1044 9 5055 -1
1051 46 5022 -1
1055 196 5002 5022 -1
1063 29 5037 -1
1074 95 5002 5037 -1
1098 305 5002 5020 5079 -1
1127 62 5037 5055 -1
1133 399 5020 5022 5026 5043 5044 5045 5055 5058 5061 5073 5083 5092 -1
1137 135 5026 -1
1151 472 5028 5061 -1
1166 599 5002 5012 5020 5022 5079 5083 -1
1193 31 5002 -1
1200 107 5022 5073 -1
1204 61 5026 5045 -1
1210 218 5073 -1
1215 65 5079 -1
1286 65 5002 -1
1285 31 5020 -1
1358 18 5028 -1
1374 462 5002 5012 5020 5022 5028 5072 5079 5083 5092 -1
1381 52 5026 -1
1385 35 5012 5022 -1
1428 183 5002 -1
1470 156 5055 -1
1471 72 5012 5022 5079 -1
1496 210 5055 -1
1542 244 5002 5061 5072 5079 5092 -1
1549 587 5020 5061 5073 -1
1566 46 5026 -1
1592 30 5055 -1
1608 355 5083 -1
1612 68 5012 -1
1614 73 5022 -1
1639 36 5072 5083 -1
1661 66 5022 5092 -1
1658 9 5055 -1
1667 55 5020 5022 5064 5079 -1
1701 112 5028 5079 -1
1700 93 5092 -1
1717 96 5022 -1
1734 55 5002 -1
1795 44 5073 5083 5092 -1
1811 43 5028 -1
1879 13 5002 -1
1891 36 5083 -1
1915 33 5083 -1
1922 204 5026 5055 5073 5083 5092 -1
1982 29 5002 5037 -1
1990 36 5037 -1
2001 39 5022 -1
2009 63 5028 -1
2010 27 5020 5079 -1
2118 113 5092 -1
2120 122 5072 5079 -1
2135 146 5002 -1
2145 145 5020 5058 5079 5092 -1
2223 15 5022 -1
2225 34 5022 -1
2237 241 5061 5092 -1
2240 108 5079 -1
2257 49 5072 -1
2258 95 5072 -1
2297 164 5055 5061 -1
2323 111 5079 -1
2326 252 5083 5092 -1
2369 189 5020 5022 5037 5055 5079 5083 -1
2381 71 5020 5079 -1
2384 72 5022 5061 5079 -1
2387 66 5061 -1
2410 34 5079 -1
2444 6 5022 -1
2452 42 5079 -1
2456 31 5028 -1
2485 324 5002 5020 5022 5026 5028 5061 5096 -1
2504 100 5079 5092 -1
2506 46 5055 -1
2508 13 5083 -1
2516 44 5037 -1
2535 47 5020 -1
2547 105 5072 5073 -1
2549 70 5022 5079 -1
2560 180 5096 -1
2565 893 5002 5012 5020 5022 5026 5028 5037 5055 5058 5073 5079 5092 5096 -1
2474 142 5055 -1
2623 108 5002 5083 -1
2619 46 5079 -1
2651 269 5079 5092 -1
2653 113 5026 -1
2655 49 5079 -1
2658 307 5020 5022 5026 5028 5044 5045 5058 5083 5092 5096 -1
2674 103 5002 -1
2708 9 5083 -1
2699 74 5092 -1
2702 80 5044 5055 5092 -1
2688 618 5026 5055 5061 5072 5073 5092 -1
2704 75 5072 -1
2660 164 5020 -1
2689 38 5055 5092 -1
2693 149 5026 -1
2696 64 5026 -1
2737 16 5073 -1
2744 39 5020 -1
2760 23 5002 5083 -1
2774 46 5079 -1
2831 39 5079 -1
2851 44 5022 5037 -1
2871 282 5022 5026 5055 5073 -1
2875 6 5020 -1
2883 28 5020 -1
2935 36 5055 5058 5083 5092 -1
2940 123 5020 5079 -1
2941 11 5058 -1
2967 238 5026 5055 5058 5073 5083 5092 -1
2968 55 5072 5073 -1
2972 357 5026 5055 5061 5073 5092 -1
2983 28 5022 5058 -1
2988 55 5058 5092 -1
3009 51 5072 -1
3010 123 5022 5072 -1
2707 103 5055 5073 -1
3026 175 5026 5055 -1
3027 39 5079 -1
3028 189 5043 5083 -1
3032 216 5020 5022 -1
3056 44 5045 -1
3057 48 5055 -1
3059 32 5026 -1
3084 62 5079 -1
3086 8 5026 -1
3088 37 5064 -1
2003 63 5022 -1
3150 10 5043 -1
3175 41 5026 -1
3192 56 5026 -1
3191 68 5073 -1
3209 41 5026 5058 5072 -1
3258 95 5022 -1
3274 69 5022 5028 5079 -1
3276 79 5026 -1
3292 8 5002 -1
3321 18 5073 -1
3345 35 5037 -1
3352 273 5083 5092 -1
3366 63 5020 -1
3378 41 5022 -1
3380 42 5002 -1
3381 180 5002 5012 5022 5028 -1
3392 33 5092 -1
3402 122 5026 5033 5083 5092 -1
3390 60 5072 -1
3417 30 5026 -1
3443 20 5022 5079 -1
3447 271 5002 5020 5043 5044 5055 5058 5061 5079 -1
3449 314 5020 5026 5044 5055 5058 5061 5072 5073 5083 5092 -1
3452 131 5020 5055 5061 5083 5092 -1
3453 319 5020 5022 5026 5028 5033 5044 5055 5058 5061 5072 5073 5079 5092 -1
3454 148 5026 5055 -1
3455 68 5026 5055 5073 5083 5092 -1
3456 241 5002 5020 5026 5028 5033 5055 5079 5092 -1
3457 166 5026 5044 5073 5092 -1
3458 69 5002 5055 5073 5083 -1
3459 92 5061 -1
3460 22 5073 5083 -1
3461 101 5075 -1
3466 17 5020 5073 -1
3472 15 5083 -1
3498 114 5022 5061 5072 -1
3522 71 5020 5073 -1
3527 64 5012 -1
3542 5 5058 -1
3587 15 5022 -1
3586 156 5020 5022 5037 5079 -1
3607 24 5022 -1
3614 205 5022 5026 5044 5055 5072 5073 5079 5083 5092 -1
3631 91 5022 5055 5072 -1
3634 82 5002 5022 5028 -1
3639 12 5055 -1
3641 212 5022 5033 5037 5073 5079 -1
3642 362 5002 5012 5020 5022 5037 5061 5072 5079 -1
3655 9 5055 -1
3660 87 5092 -1
3691 95 5020 -1
3571 45 5028 -1
3728 85 5020 5083 -1
3748 30 5026 -1
3786 99 5002 5020 5072 -1
3787 232 5002 5022 5028 5055 5083 -1
3792 27 5083 -1
3796 113 5020 5026 5055 5058 5061 5072 5073 5083 5092 -1
3794 46 5026 5072 -1
3806 45 5072 -1
3813 94 5079 -1
3830 20 5073 -1
3835 35 5020 -1
3843 18 5043 5058 -1
3854 82 5026 5055 5061 5072 -1
3910 33 5020 5022 5079 -1
3916 42 5020 5079 -1
3956 85 5022 -1
3960 23 5072 -1
3965 89 5022 5079 -1
3969 90 5012 5026 5058 -1
3976 145 5002 5020 5045 5075 5083 -1
3982 20 5079 -1
3985 32 5002 -1
4036 147 5022 5028 5037 5061 5072 5083 -1
4040 104 5020 5064 -1
2981 44 5022 5073 -1
4044 89 5058 -1
4045 257 5002 5026 5055 5061 5072 5073 5092 -1
4046 89 5012 5083 -1
4056 23 5055 -1
4065 131 5026 5037 -1
4070 111 5020 5026 5055 5061 5083 -1
4073 115 5061 -1
4099 155 5022 5028 5033 5058 5083 -1
4110 4 5055 -1
4076 86 5072 -1
4124 50 5022 -1
4127 41 5055 5058 -1
4140 12 5064 -1
4144 76 5020 -1
4145 2 5061 -1
4151 84 5055 -1
4162 16 5037 5055 -1
4191 20 5002 -1
4192 7 5012 -1
3995 57 5061 -1
4211 65 5055 5073 5083 5092 -1
4219 112 5022 5026 5073 5092 -1
4222 41 5083 -1
4224 17 5022 -1
4221 42 5002 -1
4261 24 5026 5055 -1
4266 11 5061 -1
4275 5 5026 -1
4276 52 5072 -1
4297 38 5002 -1
4315 29 5033 -1
4338 40 5045 -1
4335 32 5028 5033 5037 5079 -1
4342 10 5073 5092 -1
4347 55 5064 -1
4353 80 5020 -1
4355 50 5020 -1
4364 39 5045 5083 -1
4428 12 5092 -1
4441 202 5002 5022 5028 5055 5073 5092 -1
4442 18 5073 5092 -1
4447 14 5002 -1
4456 4 5028 -1
4468 18 5020 -1
4476 16 5064 -1
4483 153 5002 5055 5058 5079 -1
4488 50 5037 -1
4509 11 5073 5092 -1
4527 14 5044 5083 -1
4536 81 5022 5037 5043 5044 5045 5055 5058 5072 5073 -1
4547 45 5044 5055 5058 5083 -1
4550 100 5037 5072 -1
4557 16 5072 -1
4563 11 5092 -1
4564 33 5002 -1
4574 40 5079 -1
4592 6 5026 -1
4598 71 5002 5028 5072 5096 -1
4632 228 5002 5012 5020 5022 5079 5083 5092 -1
4652 8 5020 -1
4653 114 5020 -1
4662 46 5083 -1
4673 96 5083 5092 -1
4681 20 5055 -1
4686 57 5020 5083 5092 -1
4688 59 5026 -1
4709 25 5037 5055 -1
4715 11 5020 -1
4718 46 5026 5033 -1
4712 121 5002 5028 -1
4725 36 5073 5075 5092 -1
4739 11 5028 -1
4751 4 5083 -1
4756 34 5058 5083 5092 -1
4760 7 5055 -1
4764 53 5022 -1
4781 27 5028 -1
4792 62 5020 5022 5028 5079 -1
4813 46 5037 -1
4818 28 5022 5058 -1
4824 101 5020 5072 5079 -1
4829 78 5002 5079 5083 5092 -1
4859 30 5026 5055 -1
4846 34 5092 -1
4894 79 5083 -1
4898 11 5044 -1
4899 169 5055 5061 5072 5073 5092 -1
4924 10 5079 -1
4929 9 5083 -1
4937 17 5026 5055 -1
4943 31 5092 -1
4947 10 5026 5055 5058 5073 -1
4948 214 5020 5026 5028 5055 5072 5092 5096 -1
4963 13 5092 -1
4964 60 5055 5073 5092 -1
4966 25 5002 5072 5083 -1
4967 361 5002 5020 5026 5037 5055 5058 5061 5072 5073 5083 5092 -1
4974 44 5055 -1
4980 16 5020 -1
4981 53 5002 5037 5073 5079 -1
4982 43 5058 5083 5092 -1
4988 23 5026 5092 -1
5002 115 5037 5061 -1
5006 28 5083 -1
5008 27 5073 5083 -1
5009 14 5026 -1
5010 4 5079 -1
5017 9 5012 5020 -1
5022 172 5020 5037 -1
5019 1 5022 -1
5020 139 5022 5073 5075 -1
5024 4 5026 -1
5028 43 5022 5079 -1
5037 18 5055 -1
5039 7 5073 -1
5043 2 5092 -1
5051 8 5055 -1
5052 1 5055 -1
5053 52 5022 5028 5055 5079 -1
5054 2 5055 -1
5057 1 5058 -1
5069 5 5002 -1
5068 10 5096 -1
5072 3 5073 -1
5079 271 5002 5020 5037 5061 -1
5080 3 5096 -1
5081 5 5083 -1
5084 1 5083 -1
5085 4 5083 -1
5086 1 5092 -1
5087 1 5092 -1
5088 1 5092 -1
5089 8 5092 -1
5090 3 5092 -1
5091 1 5092 -1
5096 14 5072 -1
5106 33 5022 -1
5102 54 5012 5022 5028 5079 -1
5103 127 5002 5022 5028 5064 5079 -1
4828 168 5020 -1
5118 13 5020 -1
5123 69 5020 -1
5050 11 5020 -1
5166 48 5079 5096 -1
5172 29 5020 5028 5079 -1
5173 122 5012 -1
4795 73 5012 5079 5096 -1
5176 139 5020 5072 -1
5177 101 5002 5079 -1
5178 19 5096 -1
4310 278 5002 5020 5028 5061 5072 5096 -1
5179 217 5002 5012 5020 5022 5072 5079 -1
5180 49 5061 -1
5184 68 5020 -1
5185 152 5002 5020 5022 5037 -1
5187 31 5061 -1
5188 211 5002 5037 5061 5072 -1
5189 312 5022 5079 5096 -1
5191 10 5020 -1
5194 10 5072 -1
5196 32 5079 -1
5201 15 5079 -1
5203 15 5020 -1
5217 21 5020 -1
5226 17 5079 -1
5262 59 5020 -1
5276 9 5079 -1
5295 22 5079 -1
5317 18 5020 -1
5320 11 5028 -1
5342 30 5096 -1
5264 7 5061 -1
5360 15 5072 -1
5404 40 5020 5072 -1
5419 9 5072 -1
5439 66 5002 -1
5445 63 5022 5061 5079 -1
5452 17 5037 -1
5472 16 5022 5028 -1
5484 22 5020 -1
5485 21 5022 -1
5487 30 5079 -1
5524 389 5002 5012 5020 5022 5028 5037 5079 5096 -1
5531 243 5002 5012 -1
5528 6 5020 -1
5536 3 5020 -1
5543 137 5061 5079 5096 -1
5549 10 5020 -1
5553 46 5037 5072 5096 -1
5565 3 5020 -1
5569 1 5020 -1
5582 105 5002 5037 -1
5605 11 5028 5037 -1
5606 28 5061 5072 -1
5612 66 5002 5022 -1
5617 22 5020 5022 -1
5626 4 5072 -1
5651 1 5061 -1
5655 139 5002 5012 -1
5675 8 5072 -1
5684 18 5072 -1
5691 49 5020 5061 -1
5696 50 5002 -1
5697 230 5002 5022 5037 5072 5079 -1
5702 10 5028 -1
5714 44 5072 -1
5738 14 5022 -1
5741 13 5020 -1
5751 1 5072 -1
5752 1 5072 -1
5753 4 5072 -1
5775 42 5012 5079 -1
5772 15 5020 -1
5773 75 5002 5079 -1
5783 23 5061 -1
5785 2 5061 -1
5796 191 5002 5022 5028 5037 -1
5800 222 5002 5012 5022 5096 -1
5802 385 5002 5012 5022 5028 5037 5079 5096 -1
5806 83 5022 -1
5810 29 5022 5037 -1
5811 79 5012 -1
5812 41 5022 -1
5814 144 5002 5020 5028 5037 5064 5079 5096 -1
5816 84 5012 5079 -1
5817 75 5002 5020 -1
5819 61 5037 -1
5822 98 5002 5079 -1
5827 15 5037 -1
5857 92 5022 5028 -1
5070 4 5096 -1
5871 50 5079 -1
5932 33 5002 -1
5934 42 5037 -1
5952 14 5079 -1
5998 81 5002 5022 -1
5999 20 5079 -1
6000 10 5022 -1
6006 68 5020 5022 5079 -1
6020 25 5079 -1
6032 80 5002 -1
6082 18 5002 5079 -1
6097 26 5079 -1
6127 3 5028 -1
6133 4 5037 -1
6151 13 5022 -1
6170 14 5037 -1
6174 10 5022 5079 -1
6218 53 5022 5079 -1
6220 18 5012 -1
6229 19 5012 -1
6241 75 5002 -1
6243 35 5002 5079 -1
6270 88 5012 -1
6272 76 5020 5079 -1
6280 52 5028 -1
6299 78 5020 -1
6305 190 5002 5022 5037 5079 -1
6320 23 5079 -1
6346 17 5002 -1
6359 81 5002 5037 5079 -1
6360 35 5012 -1
6327 108 5002 5012 -1
6398 29 5002 -1
6414 21 5022 -1
6422 11 5020 -1
6443 70 5002 5020 5022 -1
6458 28 5028 -1
6483 28 5002 -1
6486 85 5002 -1
6487 4 5037 -1
6491 4 5002 -1
6494 101 5002 5022 5028 5079 -1
6501 17 5079 -1
6502 12 5022 -1
6510 54 5002 5020 5022 -1
6518 33 5002 -1
6523 33 5079 -1
6460 58 5020 5079 -1
6550 9 5079 -1
6555 35 5002 5079 -1
5273 12 5079 -1
6560 43 5079 -1
6563 58 5002 5079 -1
6552 29 5002 5022 5079 -1
6595 12 5020 -1
6596 177 5002 5028 5064 5079 5096 -1
6598 6 5002 -1
6612 7 5012 -1
6618 91 5002 5012 5022 -1
6619 104 5002 5012 5020 -1
6615 160 5012 -1
6616 18 5012 -1
6624 135 5002 5028 -1
6627 50 5028 -1
6626 9 5002 -1
6665 29 5028 5037 -1
6676 6 5079 -1
6702 10 5079 -1
6706 3 5002 -1
6714 100 5002 5028 -1
6727 1 5002 -1
6728 1 5002 -1
6611 15 5020 -1
6752 1 5037 -1
6753 4 5037 -1
4401 9 5022 -1
6772 77 5020 -1
6774 24 5079 -1
6784 42 5002 5028 5079 -1
6848 14 5020 -1
6855 14 5079 -1
6859 11 5022 -1
6620 93 5012 -1
6885 19 5079 -1
6900 31 5022 -1
6914 95 5012 5022 -1
6906 49 5012 -1
6907 191 5002 5022 5028 5064 5079 -1
2415 4 5012 -1
6934 65 5012 -1
6941 57 5012 5022 5028 -1
5529 39 5022 5079 -1
6943 1 5020 -1
6945 18 5012 -1
6951 47 5079 -1
6976 41 5002 5079 -1
6991 18 5012 -1
6993 81 5079 -1
7021 15 5079 5096 -1
7026 13 5096 -1
7029 2 5079 -1
7052 142 5002 5022 5028 -1
7054 40 5002 -1
7047 161 5022 5079 5096 -1
7055 98 5002 5022 5028 5079 5096 -1
7056 37 5064 -1
7049 27 5096 -1
7057 118 5002 5022 5079 -1
7080 70 5002 5012 5022 -1
6946 68 5002 5028 -1
7086 123 5022 5096 -1
7090 11 5002 -1
7092 93 5002 5022 5079 -1
5015 14 5002 -1
7100 15 5012 -1
7104 15 5002 -1
7132 30 5002 -1
7153 12 5022 -1
7164 4 5012 -1
7225 47 5022 5079 -1
7231 101 5028 5079 -1
7236 23 5002 5079 -1
7237 15 5064 -1
7241 21 5028 -1
7280 89 5079 5096 -1
7298 2 5079 -1
7171 9 5079 -1
7294 39 5002 5079 -1
7335 15 5002 -1
7352 15 5079 -1
7378 38 5022 5079 -1
7386 25 5022 -1
7391 52 5022 -1
7400 15 5022 5079 -1
7405 18 5028 5096 -1
7409 10 5002 -1
7393 12 5002 -1
7449 39 5079 -1
4532 8 5096 -1
7490 27 5002 5028 -1
7546 3 5028 -1
7564 31 5002 5028 -1
7415 6 5079 -1
7570 3 5096 -1
7578 28 5020 5022 5079 5096 -1
7580 19 5002 -1
7588 8 5079 -1
7598 33 5028 -1
7614 39 5002 5028 5079 -1
7623 3 5028 -1
7625 6 5028 -1
7626 1 5028 -1
7601 3 5002 -1
7675 25 5020 5096 -1
7677 12 5022 -1
7679 26 5022 5079 -1
7682 36 5020 -1
7727 30 5022 -1
7733 45 5022 5064 5079 -1
7744 50 5022 5079 -1
7755 13 5064 5079 -1
7771 3 5079 -1
7772 20 5064 -1
7774 35 5022 -1
7775 11 5096 -1
7790 4 5022 -1
7791 4 5079 -1
7808 12 5079 5096 -1
7818 23 5022 5079 5096 -1
6709 2 5064 -1
7837 2 5079 -1
7842 2 5079 -1
7843 2 5079 -1
7844 1 5079 -1
7845 2 5079 -1
7848 1 5079 -1
7865 24 5022 5096 -1
7882 11 5096 -1
7900 27 5064 -1
7903 4 5022 -1
7907 12 5022 -1
7945 5 5022 -1
7948 2 5096 -1
7964 11 5020 5022 5096 -1
7974 1 5096 -1
7975 1 5096 -1
7976 1 5096 -1
7980 15 5022 -1
8053 20 5022 -1
8061 5 5022 -1
8066 3 5022 -1
8085 16 5022 -1
8091 1 5022 -1
8092 5 5022 -1
8093 1 5022 -1
8094 4 5022 -1
8095 1 5022 -1
8096 1 5022 -1
8162 9 5064 -1
8189 4 5064 -1
8199 1 5064 -1