24 309 5412 5423 5484 -1
36 227 5412 5459 -1
37 20 5412 -1
42 89 5423 -1
44 44 5439 -1
47 146 5412 -1
29 150 5404 -1
58 38 5412 -1
59 94 5404 -1
27 102 5412 5459 -1
72 164 5459 -1
86 122 5421 5449 -1
71 109 5421 5449 -1
87 195 5412 5415 5421 5439 5449 5459 5484 -1
90 72 5412 5449 -1
99 24 5412 -1
103 68 5412 5452 -1
68 275 5404 5412 5415 5423 5430 5437 5445 5449 5457 5459 5463 5484 -1
109 190 5404 5423 5465 5479 5484 -1
122 213 5412 5449 5454 5459 -1
113 89 5484 -1
127 132 5404 5412 5449 -1
136 99 5445 5482 5484 -1
139 37 5459 -1
147 58 5412 5430 -1
173 334 5484 -1
178 63 5412 -1
203 31 5423 -1
216 8 5412 -1
290 71 5412 -1
306 244 5404 5445 5457 -1
311 321 5404 5412 5449 5463 -1
305 7 5412 -1
319 199 5423 5430 5459 -1
335 46 5421 5482 -1
336 31 5412 -1
371 117 5412 5459 -1
395 42 5479 -1
405 19 5412 -1
407 145 5412 5484 -1
425 79 5404 5487 -1
432 157 5430 5459 5466 -1
457 732 5404 5412 5437 5439 5449 5452 5454 5459 5463 5479 5482 5484 -1
465 17 5449 -1
546 142 5484 -1
553 22 5466 -1
556 121 5412 5423 -1
583 26 5421 5449 -1
582 34 5412 -1
600 214 5404 5423 5449 5452 5484 -1
633 55 5469 5479 -1
634 150 5404 5437 5459 -1
667 19 5421 -1
689 47 5412 5452 -1
695 118 5487 -1
704 81 5412 -1
710 105 5412 -1
722 264 5454 5484 -1
727 32 5412 -1
730 34 5412 -1
737 232 5404 5412 5466 -1
697 100 5412 5449 -1
749 66 5412 5445 -1
759 77 5423 5430 -1
763 68 5412 5430 -1
766 773 5404 5412 5423 5430 5432 5437 5439 5445 5459 5465 5466 5479 -1
769 146 5412 -1
788 113 5415 -1
789 317 5412 5430 5449 5463 5470 -1
825 165 5412 5423 5426 5454 5459 5484 5487 -1
865 97 5412 5423 5482 -1
896 26 5465 -1
898 10 5412 -1
943 30 5412 -1
946 110 5412 -1
947 27 5412 -1
950 9 5454 5459 -1
967 16 5466 -1
971 72 5452 -1
982 47 5432 -1
988 292 5417 -1
994 45 5412 -1
996 297 5412 5423 5449 5452 5454 5463 5484 -1
1037 86 5484 -1
1041 49 5404 -1
1055 196 5412 -1
872 29 5499 -1
1075 74 5423 5452 5484 -1
1097 88 5412 5449 5452 -1
1098 305 5415 5432 5466 -1
1111 60 5412 5423 -1
1128 13 5449 -1
1132 57 5404 5421 5449 -1
1133 399 5404 5412 5437 5482 5484 -1
1151 472 5423 5430 5437 5445 5454 5459 -1
1164 39 5412 5479 -1
1166 599 5404 5412 5415 5423 5430 5449 5452 5454 5482 5484 -1
1169 29 5423 5449 -1
1200 107 5404 5412 -1
1207 26 5479 -1
1210 218 5423 5430 -1
1247 77 5449 -1
1286 65 5459 -1
1305 290 5404 -1
1353 30 5423 -1
1360 22 5412 -1
1358 18 5484 -1
1374 462 5404 5412 5423 5445 5449 5452 5454 5463 5465 5482 5484 -1
1377 33 5412 -1
1393 4 5484 -1
1395 199 5445 -1
1184 79 5412 -1
1462 48 5412 5449 -1
1470 156 5412 5439 5449 -1
1473 91 5445 -1
1492 157 5412 -1
1496 210 5412 5452 5459 5484 -1
1537 68 5412 -1
1542 244 5404 5415 5437 5479 5482 -1
1552 81 5412 -1
1549 587 5412 5430 5445 5449 5452 5454 5459 5482 5484 -1
1530 11 5459 -1
1621 80 5466 -1
1623 39 5479 -1
1644 48 5412 -1
1667 55 5404 5465 -1
1647 19 5412 -1
1691 50 5463 -1
1701 112 5412 5445 -1
1697 70 5412 5449 -1
1707 34 5465 -1
1733 42 5449 -1
1789 11 5452 -1
1799 48 5412 5459 5463 -1
1811 43 5445 -1
1807 8 5484 -1
1808 129 5459 5482 -1
1814 105 5412 5454 -1
1823 49 5423 5439 -1
1847 47 5412 5449 -1
1874 9 5452 -1
1879 13 5423 -1
1888 36 5412 -1
1914 2 5445 -1
1915 33 5412 5459 5487 -1
1937 13 5423 -1
1951 29 5423 -1
1961 5 5484 -1
1972 181 5430 5439 5449 5463 -1
2001 39 5452 5459 -1
2009 63 5421 -1
2010 27 5466 -1
2033 22 5452 5484 -1
2102 45 5459 -1
2115 16 5459 -1
2118 113 5412 5459 -1
2120 122 5412 -1
2135 146 5404 5412 5449 5454 5459 5463 5484 -1
2145 145 5404 5412 5463 -1
2186 61 5404 5423 -1
2210 17 5412 -1
2215 15 5463 -1
2217 11 5426 -1
2225 34 5412 -1
2231 66 5412 -1
2237 241 5412 5430 5449 5459 5482 -1
2246 8 5412 -1
2249 38 5404 5432 5439 -1
2256 247 5412 5423 5457 -1
2257 49 5459 -1
2258 95 5437 5466 5482 -1
2264 58 5454 -1
2277 8 5412 -1
2297 164 5412 -1
2323 111 5412 5415 5449 -1
2369 189 5404 5412 5415 5452 5454 5457 5467 5484 -1
2371 124 5412 5459 -1
2375 49 5415 -1
2376 26 5482 -1
2381 71 5449 5452 -1
2384 72 5459 5482 -1
2387 66 5404 5412 5430 5449 -1
2398 62 5412 -1
2410 34 5412 5415 5459 -1
2411 141 5484 -1
2440 50 5412 -1
2452 42 5432 -1
2485 324 5404 5412 5430 5445 5452 5454 5459 5482 5484 -1
2504 100 5412 5449 5484 -1
2507 69 5445 -1
2510 68 5412 -1
2516 44 5459 5463 -1
2535 47 5412 -1
2547 105 5487 -1
2549 70 5412 5459 -1
2560 180 5406 -1
2565 893 5404 5406 5412 5421 5423 5430 5432 5449 5452 5454 5459 5465 5466 5484 -1
2576 146 5459 -1
2587 12 5459 -1
2585 60 5412 -1
2592 13 5484 -1
2594 45 5412 -1
2595 49 5484 -1
2599 9 5412 -1
2605 64 5404 5449 5459 -1
2613 25 5484 -1
2623 108 5412 5415 5457 5484 -1
2651 269 5412 5445 -1
2655 49 5412 5423 5449 -1
2658 307 5406 5466 -1
2674 103 5430 -1
2680 6 5454 -1
2686 156 5479 -1
2702 80 5457 5484 -1
2688 618 5404 5412 5423 5426 5430 5437 5445 5449 5452 5454 5457 5459 5470 5484 -1
2704 75 5445 5482 -1
2660 164 5423 5459 5482 -1
2689 38 5412 5452 5454 -1
2667 126 5437 5439 5449 5452 5463 5482 5484 -1
2691 44 5404 5459 -1
2693 149 5449 -1
2694 18 5412 -1
2696 64 5452 5459 -1
2744 39 5482 -1
2760 23 5412 5449 5482 -1
2765 29 5452 5482 -1
2775 35 5412 -1
2785 1 5423 -1
2790 173 5404 5412 5423 5449 5487 -1
2802 9 5484 -1
2811 19 5412 5459 -1
2822 43 5412 -1
2831 39 5454 5459 -1
2851 44 5412 5445 5449 -1
2889 14 5430 5449 -1
2903 8 5404 -1
2909 57 5412 5470 -1
2958 47 5412 -1
2967 238 5445 5459 -1
2968 55 5459 -1
2972 357 5404 5412 5415 5423 5430 5449 5459 5463 5467 5484 -1
2988 55 5445 5459 5487 -1
3007 15 5484 -1
3002 5 5412 -1
3010 123 5412 5445 5449 -1
2707 103 5404 5432 5445 5459 -1
3015 44 5439 5445 5459 -1
3026 175 5412 5452 -1
3027 39 5457 -1
3028 189 5412 5415 5442 5459 5467 -1
3032 216 5426 5430 5449 5452 -1
3034 38 5412 -1
3035 13 5412 5482 -1
3073 34 5412 -1
3088 37 5452 -1
3092 81 5412 5457 5459 5465 5484 -1
3110 21 5459 -1
3168 79 5412 5454 -1
3175 41 5423 -1
3192 56 5452 -1
3191 68 5412 5415 5430 5449 5459 5463 5465 5484 -1
3238 28 5484 -1
3256 19 5412 5423 -1
3258 95 5412 -1
3274 69 5421 5423 5459 -1
3275 14 5459 -1
3292 8 5404 -1
3297 51 5404 -1
3315 13 5457 -1
3321 18 5412 5479 -1
3333 15 5482 -1
3345 35 5459 -1
3348 25 5432 -1
3352 273 5412 5423 5430 5449 5457 5467 -1
3355 3 5432 -1
3366 63 5449 5454 5459 -1
3375 43 5421 -1
3378 41 5412 5459 -1
3381 180 5432 5465 5484 -1
3393 10 5459 -1
3394 156 5412 5417 -1
3402 122 5412 5449 5463 -1
3404 89 5430 5439 5465 5482 -1
3390 60 5454 5459 -1
3439 88 5412 -1
3447 271 5417 5432 5449 5459 5463 5479 -1
3449 314 5404 5412 5415 5417 5423 5430 5432 5437 5439 5445 5449 5452 5454 5459 5463 -1
3452 131 5412 5449 5454 5459 -1
3453 319 5412 5415 5430 5445 5454 5457 5459 5463 5467 5471 5484 -1
3456 241 5412 5421 5430 5449 5459 5499 -1
3457 166 5415 5426 5430 5432 5437 5467 5479 -1
3458 69 5412 5421 5499 -1
3459 92 5415 5437 5449 5484 -1
3461 101 5449 5452 5454 5457 5463 -1
3462 54 5484 -1
3479 102 5459 5482 -1
3483 20 5430 5484 -1
3478 42 5454 -1
3498 114 5412 5423 5449 5452 5454 5459 5463 5482 -1
3519 48 5459 -1
3522 71 5454 5457 -1
3527 64 5484 -1
3563 3 5479 -1
3568 147 5404 5459 5484 -1
3569 42 5484 -1
3586 156 5423 5479 5484 -1
3593 26 5404 5452 -1
3600 12 5430 -1
3601 52 5412 -1
3614 205 5412 5430 5454 5459 5463 -1
3624 64 5459 -1
3631 91 5412 5449 -1
3633 48 5404 -1
3634 82 5423 5449 5463 -1
3641 212 5404 5412 5415 5437 5439 5449 5452 5454 5459 5484 -1
3642 362 5404 5415 5423 5437 5439 5459 5479 5482 5487 5499 -1
3643 44 5452 -1
3658 39 5459 -1
3666 144 5430 5445 5449 5459 5463 5484 -1
3692 8 5423 5452 5484 -1
3691 95 5404 5449 5459 5481 -1
3723 7 5412 -1
3728 85 5412 5417 5430 5449 -1
3729 11 5484 -1
3752 15 5412 -1
3770 22 5432 -1
3785 18 5484 -1
3786 99 5412 5423 5445 5452 5454 5463 -1
3787 232 5412 5415 5445 5449 5452 5454 5457 5482 5484 -1
3792 27 5484 -1
3796 113 5459 -1
3794 46 5423 5484 -1
3806 45 5423 5484 -1
3813 94 5404 5445 5454 5459 -1
3830 20 5412 5463 5479 -1
3835 35 5430 5449 5454 -1
3854 82 5412 5430 5445 5459 5463 -1
3877 13 5484 -1
3885 2 5466 -1
3889 2 5499 -1
3916 42 5454 5459 -1
3917 29 5449 -1
3922 7 5412 -1
3956 85 5412 5484 5499 -1
3960 23 5412 5423 5484 -1
3965 89 5437 -1
3969 90 5412 5484 -1
3976 145 5430 5463 5465 5481 5484 -1
3982 20 5412 -1
3989 2 5404 -1
3983 4 5452 -1
4008 7 5484 -1
4013 21 5412 -1
4036 147 5404 5423 5430 5445 5449 5452 5454 5459 -1
4040 104 5404 5459 -1
4041 68 5412 5439 5459 -1
2981 44 5430 5432 5459 5463 -1
4045 257 5404 5437 5439 5445 5479 5484 -1
4046 89 5432 5484 -1
4063 27 5412 -1
4077 77 5412 5430 5449 5463 -1
4065 131 5415 -1
4070 111 5445 5449 5454 5459 -1
4071 17 5412 -1
4073 115 5412 5430 5452 5457 5467 5470 -1
4082 15 5463 -1
4099 155 5412 5423 5449 5459 5463 5484 -1
4116 12 5484 -1
4138 64 5484 -1
4144 76 5449 5457 5463 -1
4151 84 5459 -1
4186 6 5445 -1
4191 20 5412 -1
4192 7 5484 -1
3995 57 5437 5457 5459 -1
4211 65 5445 -1
4219 112 5459 -1
4221 42 5459 5484 -1
4263 1 5445 -1
4269 3 5404 -1
4276 52 5423 5430 -1
4295 17 5459 -1
4297 38 5412 5415 5463 5499 -1
4315 29 5412 5449 -1
4319 4 5412 5484 -1
4338 40 5412 5423 5449 -1
4333 2 5412 -1
4335 32 5412 -1
4347 55 5466 -1
4353 80 5412 5423 5445 5449 5454 5459 5482 5484 -1
4355 50 5412 5415 5459 -1
4400 5 5412 -1
4433 24 5404 -1
4437 70 5432 -1
4441 202 5404 5412 5421 5423 5439 5445 -1
4448 36 5412 -1
4459 4 5404 -1
4476 16 5457 -1
4483 153 5426 5459 5467 5484 -1
4488 50 5412 -1
4489 15 5412 -1
4530 9 5412 -1
4536 81 5412 -1
4547 45 5459 -1
4550 100 5412 5423 5430 5434 5452 5463 5465 5467 5484 -1
4557 16 5445 -1
4564 33 5452 5459 -1
4574 40 5412 5459 -1
4576 10 5463 -1
4598 71 5404 5415 5482 -1
4600 15 5445 5482 -1
4602 2 5445 -1
4487 31 5412 5484 -1
4632 228 5404 5423 5437 5439 5457 5466 5484 5487 -1
4653 114 5423 5454 5459 5463 5484 -1
4661 19 5459 -1
4662 46 5452 5454 5459 -1
4647 11 5412 -1
4666 24 5482 -1
4673 96 5423 5439 5479 -1
4671 7 5459 -1
4686 57 5404 5412 5415 5449 5452 5454 5463 5484 -1
4709 25 5459 -1
4715 11 5457 -1
2621 8 5412 -1
4717 62 5439 5463 -1
4718 46 5415 5434 5449 5459 -1
4712 121 5449 5452 5459 5463 -1
4746 18 5484 -1
4756 34 5457 5459 -1
4748 38 5430 -1
4764 53 5454 5479 5484 -1
4781 27 5479 5484 -1
4792 62 5459 5465 5466 -1
4814 20 5459 -1
4813 46 5439 5479 -1
4818 28 5484 -1
4824 101 5432 5459 -1
4829 78 5412 5423 5430 5442 5449 5452 5457 5465 5467 -1
4840 4 5482 -1
4843 24 5423 5449 5452 5484 -1
4846 34 5484 -1
4894 79 5415 5459 5467 5469 5482 -1
4898 11 5434 -1
4899 169 5430 5437 5445 5449 5452 5459 5463 5479 5484 -1
4924 10 5404 -1
4915 6 5404 -1
4929 9 5417 -1
4943 31 5432 -1
4948 214 5412 5423 5426 5430 5449 5454 5459 5463 5465 5484 -1
4964 60 5404 5412 5459 -1
4966 25 5459 -1
4967 361 5404 5412 5423 5430 5432 5437 5439 5445 5459 5463 5465 5467 5479 -1
4938 12 5412 5452 -1
4974 44 5463 -1
4981 53 5430 -1
4982 43 5454 5459 -1
4988 23 5404 5459 -1
5002 115 5404 5432 5459 5484 -1
5006 28 5412 5459 -1
5008 27 5449 5484 -1
5013 7 5449 -1
5022 172 5404 5415 5423 5439 5482 5487 -1
5020 139 5412 5415 5417 5423 5430 5449 5452 5463 5484 -1
5029 26 5423 5430 5449 5459 5484 -1
5059 26 5432 -1
5061 13 5499 -1
5068 10 5452 5454 -1
5079 271 5404 5415 5437 5439 5449 5454 5459 5466 5499 -1
5081 5 5484 -1
5090 3 5459 -1
5096 14 5412 -1
5106 33 5412 5459 -1
5102 54 5484 -1
5103 127 5465 -1
5110 84 5412 5415 5423 5430 5439 5457 5487 -1
4828 168 5404 5415 5434 5439 5449 5452 5457 5465 5470 5481 -1
5118 13 5412 5459 -1
5119 18 5463 -1
5123 69 5412 5449 5459 5466 -1
5125 54 5445 5482 5484 -1
5050 11 5452 5484 -1
5140 51 5457 -1
5150 13 5459 -1
5151 3 5430 -1
5153 5 5437 -1
5155 24 5430 -1
5160 12 5452 -1
5171 41 5459 -1
5172 29 5421 5459 -1
5173 122 5404 5421 5465 5484 -1
5175 35 5452 5454 5459 5484 -1
4795 73 5406 5439 5459 -1
5176 139 5412 5423 5426 5430 5449 5452 5454 5459 5463 5482 5484 -1
5177 101 5423 5437 5439 5457 -1
4310 278 5404 5412 5417 5423 5439 5445 5449 5452 5459 5463 5482 5484 5499 -1
5179 217 5404 5423 5437 5439 5445 5454 5459 5487 -1
5180 49 5445 5454 5459 5482 -1
5181 41 5459 5482 5484 -1
5184 68 5412 5430 5449 5459 5463 -1
5185 152 5439 5459 5479 -1
5187 31 5457 5459 5482 -1
5188 211 5445 5454 5459 5479 -1
5189 312 5404 5412 5417 5423 5426 5430 5437 5445 5449 5454 5457 5459 5463 5465 5466 5467 5471 5481 5487 -1
5190 80 5412 5423 5430 5454 5459 5463 5465 5467 5469 5470 5481 -1
5191 10 5423 -1
5194 10 5457 -1
5199 22 5459 -1
5200 15 5412 5463 5465 -1
5201 15 5412 5459 -1
5203 15 5434 5463 -1
5207 13 5465 -1
5217 21 5404 5459 -1
5222 1 5479 -1
5233 24 5430 -1
5243 19 5423 5430 -1
5246 44 5467 -1
5250 14 5412 5484 -1
5254 33 5412 -1
5262 59 5404 5459 5482 -1
5263 75 5445 5449 5454 5482 5499 -1
5282 4 5449 -1
5284 2 5412 -1
5285 21 5452 -1
5286 10 5415 5426 5442 -1
5301 61 5404 5454 5459 5479 -1
5313 12 5412 5484 -1
5316 24 5459 -1
5317 18 5423 5459 -1
5321 32 5449 5482 5484 5487 -1
5332 6 5412 5459 -1
5334 7 5449 5454 -1
5336 3 5412 -1
5339 10 5484 -1
5342 30 5459 -1
5347 2 5423 -1
5264 7 5463 -1
5360 15 5412 5430 -1
5366 2 5459 -1
5378 17 5432 -1
5382 19 5430 5449 -1
5390 2 5423 -1
5391 37 5449 5459 -1
5404 40 5412 5454 5482 5487 -1
5397 1 5412 -1
5398 2 5412 -1
5405 4 5412 -1
5399 8 5412 -1
5400 4 5412 -1
5401 3 5412 -1
5406 1 5412 -1
5413 1 5414 -1
5415 1 5423 -1
5416 1 5417 -1
5418 1 5423 -1
5424 2 5423 -1
5419 9 5423 -1
5421 4 5423 -1
5422 1 5423 -1
5427 37 5430 5459 -1
5428 3 5430 -1
5429 1 5430 -1
5445 63 5437 5449 5482 -1
5446 26 5445 5449 5465 -1
5447 2 5449 -1
5448 3 5449 -1
5454 19 5452 5459 -1
5455 8 5482 -1
5457 44 5487 -1
5460 1 5463 -1
5461 1 5463 -1
5468 10 5484 -1
5472 16 5452 -1
5474 8 5484 -1
5480 3 5484 -1
5479 28 5454 -1
5482 12 5445 -1
5484 22 5459 -1
5485 21 5484 -1
5487 30 5445 -1
5462 19 5484 -1
5499 3 5452 -1
5501 3 5452 -1
5500 1 5452 -1
5524 389 5404 5406 5423 5439 5459 5465 5466 5479 5484 -1
5531 243 5404 5423 5437 5454 5459 5479 5487 -1
5534 14 5459 -1
5193 18 5482 -1
5540 3 5459 -1
5543 137 5423 5437 -1
5548 1 5484 -1
5549 10 5484 -1
5550 11 5484 -1
5551 8 5459 5484 -1
5554 1 5484 -1
5552 8 5484 -1
5553 46 5484 -1
5555 1 5484 -1
5562 13 5404 -1
5582 105 5432 5439 5479 -1
5589 11 5459 -1
5591 27 5487 -1
5596 30 5459 -1
5606 28 5445 5459 -1
5612 66 5404 -1
5616 15 5404 -1
5620 7 5459 -1
5627 3 5454 -1
5624 28 5445 -1
5639 4 5454 -1
5644 21 5439 -1
5668 4 5404 -1
5675 8 5459 -1
5691 49 5437 5445 5457 5482 -1
5696 50 5437 5439 5479 5487 -1
5697 230 5423 5439 5457 5479 5484 -1
5702 10 5454 -1
5703 1 5454 -1
5708 7 5459 -1
5707 4 5459 -1
5709 11 5459 -1
5710 1 5459 -1
5711 1 5459 -1
5712 1 5459 -1
5713 1 5459 -1
5714 44 5459 -1
5750 4 5415 5437 -1
5749 2 5457 -1
5768 13 5415 -1
5781 1 5445 -1
5783 23 5404 5457 -1
5796 191 5404 5465 5484 -1
5799 23 5439 -1
5800 222 5421 5432 5465 5466 -1
5802 385 5404 5406 5432 5465 5466 5479 5484 -1
5806 83 5406 5421 -1
5804 33 5457 -1
5805 16 5423 5479 5487 -1
5812 41 5415 5423 -1
5814 144 5432 -1
5816 84 5423 -1
5817 75 5404 5421 5484 -1
5818 67 5415 5423 5487 -1
5819 61 5404 5457 5482 -1
5822 98 5421 5432 5466 -1
5827 15 5404 -1
5829 12 5415 -1
5839 41 5439 5457 -1
5836 11 5482 -1
5855 8 5482 -1
5857 92 5421 -1
5861 2 5482 -1
5868 3 5482 -1
5873 6 5457 5482 -1
5874 1 5482 -1
5875 1 5482 -1
5876 1 5482 -1
5877 7 5482 -1
5878 1 5482 -1
5896 10 5499 -1
5897 2 5499 -1
5899 2 5457 -1
5871 50 5457 -1
5932 33 5437 5479 5487 -1
5934 42 5437 -1
5935 11 5487 -1
5950 4 5457 -1
5958 3 5487 -1
5981 6 5479 -1
5998 81 5404 5439 -1
6006 68 5404 -1
6004 6 5484 -1
6023 30 5415 5439 5479 -1
6043 39 5437 -1
6044 2 5484 -1
6072 54 5421 -1
6068 32 5421 -1
6069 5 5404 -1
6075 18 5437 -1
6094 11 5423 -1
6108 4 5437 -1
6116 2 5487 -1
6126 11 5404 -1
6133 4 5437 -1
6134 7 5423 -1
6152 1 5437 -1
6153 1 5437 -1
6155 1 5404 -1
6158 1 5404 -1
6156 22 5404 5439 -1
6157 3 5404 -1
6176 3 5415 -1
6200 6 5484 -1
6220 18 5479 -1
6236 1 5415 -1
6241 75 5465 -1
6245 8 5465 5487 -1
6243 35 5484 -1
6263 4 5423 -1
6280 52 5404 -1
6286 3 5423 -1
6287 1 5423 -1
6288 1 5423 -1
6299 78 5421 -1
6305 190 5404 5479 -1
6323 44 5432 -1
6360 35 5484 -1
6327 108 5404 5479 5484 -1
6429 1 5439 -1
6428 3 5439 -1
6486 85 5404 5432 -1
6504 7 5479 -1
6510 54 5465 -1
6516 1 5479 -1
6560 43 5404 -1
6563 58 5421 5465 -1
6596 177 5421 5465 5466 -1
6618 91 5432 5465 -1
6619 104 5404 5421 5432 5465 -1
6615 160 5404 5432 5484 -1
6616 18 5404 -1
6624 135 5404 5432 5465 -1
6627 50 5465 5484 -1
6665 29 5465 -1
6714 100 5404 5421 5432 -1
6766 22 5432 -1
6772 77 5432 -1
6779 3 5484 -1
6784 42 5484 -1
6833 1 5404 -1
6620 93 5404 5432 5484 -1
6885 19 5404 -1
6913 44 5484 -1
6905 1 5484 -1
6914 95 5404 5406 5484 -1
6915 2 5484 -1
6906 49 5404 5432 5484 -1
6907 191 5404 5421 5432 5465 5466 5484 -1
6908 1 5484 -1
6909 1 5484 -1
2415 4 5484 -1
6910 1 5484 -1
6916 54 5406 5484 -1
6917 3 5484 -1
6911 5 5484 -1
6912 3 5484 -1
6918 29 5404 5466 5484 -1
6934 65 5404 -1
6941 57 5432 -1
5529 39 5465 -1
6993 81 5466 -1
7021 15 5466 -1
7052 142 5404 5406 5421 5465 5466 -1
7054 40 5421 -1
7046 21 5465 -1
7047 161 5421 5466 -1
7055 98 5465 -1
7049 27 5466 -1
7057 118 5406 5466 -1
6946 68 5421 -1
7086 123 5404 5406 5432 -1
7100 15 5432 -1
7104 15 5404 5432 -1
7113 12 5466 -1
6994 19 5432 -1
7220 1 5404 -1
7221 1 5404 -1
7225 47 5406 -1
7231 101 5465 -1
7266 6 5432 -1
7280 89 5466 -1
7282 2 5432 -1
7283 1 5432 -1
7284 2 5432 -1
7285 1 5432 -1
7286 1 5432 -1
7287 1 5432 -1
7378 38 5465 -1
7386 25 5421 -1
7391 52 5466 -1
7490 27 5421 -1
7493 4 5421 -1
7546 3 5421 -1
7564 31 5465 -1
7580 19 5421 -1
7598 33 5421 5466 -1
7614 39 5466 -1
7623 3 5465 -1
7953 1 5466 -1