3 23 567 581 584 586 590 -1
25 90 514 545 549 560 590 592 -1
4 29 560 -1
6 302 538 545 549 560 564 566 567 579 581 584 586 589 590 592 -1
7 24 524 -1
8 182 506 514 524 538 549 560 564 566 567 581 584 586 587 589 590 592 -1
9 81 506 517 559 560 579 592 -1
10 86 549 587 -1
11 743 506 514 545 549 559 560 575 579 587 -1
12 65 538 564 -1
14 114 517 524 538 560 564 566 567 581 584 589 -1
15 50 560 589 -1
17 45 524 590 592 -1
18 12 549 -1
19 39 564 581 584 589 590 592 -1
20 187 564 567 590 592 -1
21 76 549 590 592 -1
23 74 549 586 587 590 -1
24 309 545 549 560 579 589 -1
28 133 514 584 587 590 -1
33 24 538 545 -1
36 227 549 560 579 -1
35 65 545 -1
38 14 589 -1
39 41 549 -1
26 95 560 564 566 567 581 584 590 -1
42 89 545 549 564 -1
46 59 564 566 590 -1
47 146 545 560 -1
48 21 564 -1
49 15 517 -1
51 24 589 -1
29 150 524 538 549 587 589 -1
55 64 514 549 -1
56 24 515 -1
57 13 549 -1
59 94 549 564 584 -1
27 102 566 567 584 586 590 -1
72 164 514 549 566 567 584 586 589 590 592 -1
75 31 514 515 545 549 -1
76 2 514 -1
78 41 517 524 566 567 -1
79 53 514 515 -1
77 25 524 -1
80 59 560 590 -1
81 18 506 517 524 -1
83 8 517 -1
67 17 515 -1
86 122 538 549 564 -1
71 109 549 560 564 -1
87 195 515 545 549 579 -1
89 29 545 -1
90 72 549 559 560 -1
94 80 549 -1
100 5 560 -1
98 8 514 -1
31 15 506 517 -1
103 68 506 579 -1
115 3 506 -1
104 30 515 -1
106 9 579 -1
107 4 517 -1
110 95 506 517 524 -1
111 29 517 -1
121 9 524 -1
113 89 524 -1
127 132 549 584 -1
132 29 549 -1
135 7 589 -1
136 99 584 -1
138 72 560 566 590 592 -1
140 30 590 592 -1
142 25 579 -1
143 94 559 566 567 590 -1
151 74 549 -1
152 21 514 567 581 586 589 -1
154 61 549 -1
158 7 514 -1
171 70 545 559 575 579 -1
173 334 559 560 575 579 587 -1
178 63 560 564 590 -1
179 17 549 -1
182 79 590 -1
166 93 545 -1
187 37 545 -1
32 4 517 -1
199 17 579 -1
201 21 549 -1
192 19 549 586 -1
125 29 517 -1
215 100 506 517 559 -1
221 10 590 -1
223 19 590 -1
230 6 559 -1
231 50 549 560 -1
236 39 581 586 590 592 -1
237 41 560 581 587 -1
255 86 549 564 567 581 -1
259 56 579 -1
269 30 549 -1
275 56 590 -1
280 76 566 567 579 -1
282 39 560 564 566 567 579 590 592 -1
296 10 560 -1
306 244 549 566 567 587 -1
308 142 545 549 579 -1
310 230 549 587 -1
311 321 506 -1
312 227 545 549 575 579 -1
316 3 559 -1
317 140 545 579 -1
319 199 587 590 592 -1
326 12 549 -1
335 46 589 -1
150 28 566 567 584 587 589 590 592 -1
336 31 590 -1
339 80 549 560 -1
340 30 564 -1
345 9 567 581 -1
356 18 579 -1
352 9 506 -1
193 21 549 -1
365 8 515 -1
371 117 567 590 -1
372 4 515 -1
101 16 517 -1
383 45 560 -1
399 6 560 579 -1
406 34 538 560 -1
407 145 506 579 -1
415 4 549 -1
325 25 560 590 -1
416 2 560 -1
426 41 506 514 515 517 524 538 560 566 567 586 589 592 -1
432 157 559 -1
412 21 560 -1
440 8 538 560 -1
447 15 514 -1
211 2 517 -1
454 9 506 517 524 -1
457 732 506 545 559 575 587 -1
460 3 514 -1
461 4 515 -1
463 6 517 -1
465 17 514 -1
467 12 517 -1
164 8 590 -1
479 8 545 549 -1
488 4 549 -1
489 5 514 524 -1
499 14 560 -1
507 1 506 -1
513 4 514 -1
511 3 514 -1
509 1 514 -1
516 1 517 -1
519 1 524 -1
520 1 524 -1
525 1 524 -1
521 5 524 -1
522 1 524 -1
523 1 524 -1
445 4 524 -1
530 7 549 -1
542 7 549 -1
560 8 559 -1
553 22 560 -1
554 6 560 -1
555 3 560 -1
556 121 560 -1
557 1 560 -1
558 1 560 -1
559 4 560 -1
567 2 584 -1
568 1 567 -1
569 1 567 -1
570 4 567 581 -1
571 1 567 -1
572 5 567 -1
573 1 567 -1
574 5 567 587 -1
582 34 589 -1
584 5 590 -1
587 18 589 -1
588 22 587 589 -1
590 8 579 -1
591 2 592 -1
600 214 549 579 -1
614 10 549 -1
615 35 587 -1
626 31 579 -1
634 150 545 579 -1
635 66 587 -1
647 32 545 587 -1
644 27 549 -1
649 40 549 -1
652 2 549 -1
659 14 545 -1
673 5 549 565 -1
695 118 549 -1
704 81 545 579 -1
706 95 549 579 -1
707 123 579 -1
708 51 545 -1
696 6 587 -1
732 4 549 -1
733 8 549 -1
749 66 559 -1
761 8 565 -1
763 68 579 -1
764 34 549 -1
766 773 549 579 -1
769 146 559 579 -1
773 1 549 -1
774 1 549 -1
736 4 549 -1
775 2 549 -1
776 1 549 -1
788 113 545 -1
795 60 579 -1
805 90 579 -1
813 272 559 579 -1
820 16 559 -1
334 41 545 -1
826 249 575 -1
838 36 506 -1
844 45 545 579 -1
852 39 545 579 -1
861 16 579 -1
870 38 559 579 -1
904 119 506 559 575 587 -1
916 4 559 -1
920 10 545 -1
921 6 545 -1
787 12 565 -1
928 21 579 -1
935 22 506 -1
941 80 579 -1
946 110 579 -1
959 12 545 -1
978 65 545 -1
993 238 506 579 587 -1
996 297 587 -1
998 30 579 -1
1006 138 579 -1
1016 1 565 -1
1017 1 565 -1
1018 5 565 -1
1019 1 565 -1
1022 14 545 -1
1029 135 579 -1
1034 33 579 -1
1038 6 545 -1
1050 44 575 -1
1055 196 579 -1
1075 74 579 -1
1086 8 579 -1
1099 8 559 -1
1127 62 559 579 -1
1129 62 545 -1
1133 399 545 -1
1135 115 545 579 -1
1137 135 579 -1
1141 2 545 -1
1142 48 579 -1
1143 14 579 -1
1151 472 587 -1
922 149 579 587 -1
1167 158 506 -1
1201 35 545 -1
1202 66 559 587 -1
1211 79 506 579 -1
1221 77 545 587 -1
1234 16 545 -1
1245 10 545 -1
1246 8 545 -1
1248 21 545 -1
1267 61 579 -1
1279 124 575 579 -1
1285 31 579 -1
1290 16 545 -1
1294 1 545 -1
1295 1 545 -1
1296 9 545 -1
1297 76 545 -1
1319 181 506 579 -1
1335 62 579 -1
1350 117 559 579 -1
1352 121 559 -1
1357 91 579 -1
1374 462 559 579 -1
1385 35 579 -1
1386 61 559 579 -1
1395 199 579 587 -1
1428 183 506 559 579 -1
1471 72 579 -1
1473 91 579 -1
1483 52 579 -1
1487 117 559 575 579 -1
1489 64 579 -1
1492 157 575 579 -1
1496 210 506 579 -1
1500 48 506 -1
1501 38 506 -1
1506 41 559 -1
1521 99 579 -1
1525 35 579 -1
1538 81 506 559 -1
1549 587 506 525 579 -1
1555 79 506 579 -1
1594 114 559 575 579 -1
1605 10 559 -1
1608 355 506 559 575 587 -1
1614 73 579 -1
1615 162 506 559 575 579 -1
1664 3 579 -1
1732 18 559 -1
1730 45 559 -1
1756 89 587 -1
1760 1 559 -1
1761 2 559 -1
1762 47 559 -1
1919 112 587 -1
1922 204 587 -1
1997 88 587 -1
2062 121 587 -1
2116 20 587 -1
2251 25 587 -1
2266 1 587 -1
2906 6 554 -1
3028 189 525 -1
3593 26 554 -1
3594 2 554 -1
4476 16 525 -1
4527 14 525 -1
5013 7 525 -1
5176 139 525 -1