3 23 28 30 39 54 -1
25 90 3 6 8 19 23 28 29 30 33 35 50 54 55 75 80 86 94 -1
4 29 8 10 28 30 38 55 56 75 -1
5 23 6 8 10 23 30 33 38 50 54 55 61 75 89 93 -1
6 302 3 8 10 19 23 28 29 30 33 34 35 38 39 50 54 55 56 61 80 86 89 93 94 -1
7 24 6 28 30 32 35 38 54 55 61 75 93 -1
8 182 6 10 19 23 28 30 33 34 36 39 49 50 54 55 56 61 75 80 86 89 -1
9 81 8 10 23 28 30 33 34 54 55 56 61 75 80 86 94 -1
10 86 3 6 8 19 23 28 30 33 34 38 50 54 89 93 -1
11 743 6 8 10 15 19 23 28 29 30 33 34 35 36 38 49 50 54 55 56 61 72 75 86 89 93 95 -1
12 65 8 28 30 56 72 80 -1
13 11 28 30 -1
14 114 3 10 23 28 30 32 49 54 55 56 61 75 95 -1
15 50 8 23 28 30 32 33 38 49 54 55 56 61 95 -1
16 15 28 30 -1
17 45 3 8 10 28 30 32 33 35 50 54 55 95 -1
18 12 30 36 55 -1
19 39 3 6 23 28 30 33 38 50 54 55 61 89 -1
20 187 3 6 19 30 33 34 36 50 54 55 56 61 75 80 89 -1
21 76 28 30 35 54 61 75 86 89 -1
22 2 30 -1
23 74 29 30 33 38 39 50 55 80 94 -1
24 309 3 8 15 19 28 30 33 34 35 36 50 54 72 -1
54 7 3 28 -1
28 133 3 6 8 19 29 33 34 35 38 49 50 54 55 56 61 75 80 86 94 -1
33 24 8 28 38 50 54 56 -1
34 5 3 6 39 54 -1
36 227 15 28 35 38 50 54 55 80 86 89 -1
35 65 3 33 39 50 54 -1
37 20 50 54 -1
38 14 54 55 56 75 -1
39 41 6 8 23 28 29 33 35 50 54 80 -1
40 11 33 54 55 -1
26 95 3 6 19 23 28 33 34 38 39 50 54 55 56 80 89 93 -1
41 30 3 28 33 54 56 75 -1
42 89 19 23 28 34 50 54 55 56 75 80 -1
43 4 54 -1
44 44 15 54 -1
45 8 8 54 55 -1
46 59 3 36 54 56 -1
47 146 3 8 10 19 28 39 50 54 55 56 61 72 80 93 94 -1
48 21 28 54 86 94 -1
49 15 28 54 -1
50 14 23 28 54 61 -1
51 24 33 39 54 55 56 72 80 93 -1
52 1 54 -1
53 39 15 28 54 -1
29 150 3 8 10 23 28 33 39 50 54 55 56 75 86 93 95 -1
55 64 6 8 28 29 36 38 56 61 75 80 86 94 -1
56 24 6 28 49 61 -1
57 13 55 61 -1
58 38 15 23 28 50 55 61 75 80 89 93 94 -1
59 94 3 15 28 33 49 56 61 86 -1
60 9 61 -1
62 17 6 -1
27 102 6 15 19 28 34 55 93 -1
63 1 6 -1
64 1 6 -1
65 2 6 89 -1
66 44 6 28 55 56 -1
72 164 8 15 28 39 56 89 -1
73 13 3 8 28 75 95 -1
75 31 8 28 32 56 94 -1
76 2 8 -1
78 41 8 28 49 56 -1
79 53 8 29 50 55 75 93 94 -1
77 25 8 28 49 -1
80 59 8 29 33 50 55 75 86 -1
81 18 8 28 32 55 93 -1
83 8 33 -1
91 2 33 55 -1
67 17 33 56 75 -1
84 1 33 -1
85 1 33 -1
86 122 15 33 35 50 55 56 -1
71 109 19 33 35 50 55 75 80 86 93 94 -1
87 195 8 15 28 29 33 35 36 55 56 72 75 86 -1
88 1 33 -1
89 29 15 33 35 56 86 -1
90 72 15 23 28 29 33 35 39 55 72 75 86 -1
92 5 93 -1
82 1 93 -1
94 80 3 19 23 28 39 56 80 86 93 -1
95 2 10 -1
99 24 10 -1
96 2 10 28 -1
100 5 10 34 -1
98 8 10 56 86 -1
31 15 28 49 75 95 -1
102 5 95 -1
103 68 28 75 80 95 -1
115 3 95 -1
116 2 95 -1
104 30 28 55 75 94 95 -1
105 3 94 95 -1
106 9 28 55 95 -1
68 275 8 15 32 56 72 75 95 -1
117 1 95 -1
118 1 95 -1
119 1 95 -1
107 4 95 -1
108 2 95 -1
109 190 95 -1
110 95 29 49 95 -1
111 29 3 39 80 86 95 -1
120 8 15 28 95 -1
112 1 95 -1
121 9 95 -1
122 213 15 95 -1
113 89 8 15 28 29 32 56 75 94 95 -1
123 1 95 -1
124 3 95 -1
114 1 95 -1
130 13 56 86 -1
126 25 29 55 75 86 -1
127 132 3 15 28 35 -1
128 80 28 29 86 -1
129 4 55 -1
132 29 19 35 56 -1
136 99 15 19 56 80 -1
138 72 3 19 28 36 55 86 89 -1
139 37 3 8 28 49 75 86 -1
140 30 34 39 56 80 -1
142 25 34 -1
143 94 3 19 28 29 35 36 80 -1
147 58 28 -1
151 74 28 29 80 86 -1
152 21 28 35 50 55 56 75 -1
153 1 50 -1
154 61 15 23 28 29 39 50 80 -1
155 28 15 50 75 89 -1
156 4 50 -1
157 44 23 29 50 56 -1
158 7 28 75 -1
161 32 28 55 75 -1
162 4 89 -1
165 3 39 -1
171 70 23 35 -1
172 123 23 -1
175 1 55 -1
173 334 15 35 86 -1
74 69 28 29 35 49 55 56 75 86 -1
176 39 19 29 35 -1
177 19 56 -1
178 63 3 72 -1
180 54 3 80 -1
182 79 56 86 -1
166 93 28 35 75 86 -1
187 37 28 29 36 86 -1
32 4 75 -1
201 21 36 55 75 80 -1
202 6 28 -1
205 12 86 -1
208 6 28 -1
192 19 28 39 56 75 94 -1
125 29 28 29 35 36 55 -1
216 8 86 -1
215 100 28 35 94 -1
221 10 28 -1
222 4 28 -1
223 19 3 28 80 -1
224 13 28 -1
225 1 28 -1
226 25 28 55 72 -1
240 5 28 -1
227 5 28 35 -1
228 6 28 -1
242 2 28 -1
243 2 28 -1
244 4 28 56 -1
245 3 28 56 -1
246 1 28 -1
247 11 28 -1
230 6 28 -1
231 50 28 35 86 94 -1
232 23 28 34 -1
233 1 28 -1
234 1 28 -1
235 2 28 -1
236 39 28 80 94 -1
237 41 28 56 75 -1
248 1 28 -1
238 3 28 -1
239 1 28 -1
169 3 28 80 -1
257 8 19 -1
254 25 55 75 -1
255 86 29 35 36 56 -1
256 10 80 -1
259 56 29 -1
263 22 80 -1
265 31 29 32 35 49 75 -1
269 30 3 86 -1
273 7 34 -1
275 56 15 28 75 80 94 -1
280 76 15 56 -1
282 39 19 34 -1
284 7 3 19 -1
287 1 34 -1
288 1 34 -1
289 1 34 -1
291 35 72 -1
292 6 3 -1
295 5 56 -1
290 71 35 -1
302 13 75 94 -1
249 15 15 28 -1
303 3 80 94 -1
304 79 29 86 -1
306 244 8 29 36 86 -1
307 5 55 75 -1
308 142 15 29 35 36 86 -1
310 230 35 36 56 86 -1
311 321 15 29 35 56 72 86 -1
312 227 8 29 36 86 -1
313 54 29 35 56 -1
315 77 8 36 72 -1
317 140 29 35 36 -1
319 199 8 15 39 -1
329 6 80 -1
330 1 80 -1
323 1 80 -1
324 14 80 -1
326 12 39 80 -1
331 4 80 94 -1
327 8 80 -1
251 8 32 80 94 -1
328 13 75 80 -1
333 2 55 94 -1
335 46 15 56 94 -1
150 28 56 94 -1
336 31 15 28 75 86 -1
339 80 35 36 86 -1
340 30 86 -1
341 47 28 -1
342 2 55 -1
344 3 75 -1
348 21 86 -1
345 9 39 56 -1
356 18 55 -1
351 11 86 -1
352 9 75 -1
353 6 56 -1
193 21 86 -1
364 14 75 -1
365 8 56 75 -1
366 14 28 49 -1
367 5 75 -1
371 117 15 29 56 72 86 -1
376 37 35 36 86 -1
386 3 8 -1
101 16 28 56 75 -1
383 45 15 56 -1
395 42 35 -1
403 20 75 -1
405 19 56 -1
407 145 15 72 -1
415 4 35 -1
414 3 39 -1
423 7 56 -1
426 41 28 32 39 49 56 75 -1
430 5 49 -1
432 157 36 -1
439 8 86 -1
440 8 28 49 -1
443 1 28 -1
447 15 28 75 -1
444 2 28 55 -1
451 1 28 -1
448 1 28 -1
449 9 28 -1
446 1 28 -1
450 1 28 -1
211 2 28 -1
454 9 8 28 49 75 -1
455 4 28 -1
457 732 15 35 56 64 72 -1
460 3 28 75 -1
461 4 28 75 -1
462 4 28 75 -1
463 6 28 32 -1
467 12 32 -1
468 1 32 -1
164 8 35 -1
479 8 86 -1
488 4 86 -1
489 5 75 -1
494 3 75 -1
497 2 8 -1
498 2 8 75 -1
499 14 8 86 -1
502 4 86 -1
504 1 49 -1
513 4 8 -1
530 7 86 -1
534 4 55 -1
536 5 39 75 -1
539 2 75 -1
540 1 75 -1
541 3 49 55 75 -1
542 7 15 75 -1
543 1 55 -1
544 2 55 -1
545 24 35 55 -1
546 142 55 -1
551 1 55 -1
218 2 55 -1
547 1 55 -1
548 1 55 -1
549 4 55 -1
550 1 55 -1
552 2 49 -1
556 121 15 35 86 -1
561 4 56 -1
570 4 56 -1
583 26 56 86 -1
582 34 56 -1
586 13 86 -1
587 18 35 -1
588 22 35 -1
590 8 36 -1
595 2 39 -1
593 1 39 -1
596 1 39 -1
594 1 39 -1
597 2 86 -1
600 214 15 29 35 36 72 86 -1
620 14 86 -1
626 31 35 86 -1
633 55 86 -1
634 150 15 35 -1
635 66 29 35 -1
647 32 35 -1
643 46 72 -1
644 27 35 86 -1
645 16 29 72 -1
650 98 36 -1
659 14 35 86 -1
663 158 35 36 56 72 86 -1
665 7 56 -1
639 31 86 -1
673 5 86 -1
674 16 86 -1
689 47 86 -1
691 24 36 -1
695 118 15 36 56 86 -1
701 4 15 -1
705 28 35 -1
706 95 35 36 56 -1
707 123 35 86 -1
708 51 29 -1
710 105 15 35 56 -1
715 23 35 -1
722 264 36 72 86 -1
727 32 72 -1
730 34 35 86 -1
733 8 86 -1
738 8 8 86 -1
742 93 72 86 -1
697 100 15 72 -1
749 66 86 -1
321 27 35 86 -1
754 2 56 -1
759 77 35 36 72 86 -1
761 8 29 -1
763 68 15 -1
766 773 15 72 86 -1
762 50 15 -1
769 146 56 -1
788 113 15 72 86 -1
782 9 8 -1
784 224 35 56 -1
789 317 35 56 72 -1
791 41 15 35 -1
794 18 86 -1
803 6 35 -1
805 90 35 -1
808 4 8 -1
810 34 35 -1
812 3 36 -1
813 272 72 86 -1
816 29 15 72 -1
334 41 29 36 56 86 -1
823 15 29 -1
826 249 56 -1
825 165 15 72 -1
841 61 56 -1
842 30 56 -1
854 99 15 72 -1
852 39 15 86 -1
859 13 86 -1
865 97 15 35 72 86 -1
870 38 86 -1
871 59 35 -1
879 122 35 -1
895 6 86 -1
896 26 86 -1
898 10 86 -1
904 119 35 -1
905 2 86 -1
909 12 86 -1
910 2 86 -1
911 27 86 -1
912 9 86 -1
913 3 86 -1
923 1 86 -1
915 7 86 -1
916 4 86 -1
917 1 86 -1
918 17 86 -1
919 1 86 -1
920 10 86 -1
921 6 86 -1
924 1 86 -1
787 12 15 86 -1
941 80 35 56 -1
943 30 35 -1
946 110 35 56 72 -1
949 8 56 -1
954 34 56 -1
956 42 56 -1
971 72 35 -1
974 36 15 -1
978 65 35 56 -1
984 7 15 -1
985 6 35 -1
986 77 35 72 -1
993 238 35 56 -1
994 45 15 35 -1
996 297 15 56 -1
1006 138 35 -1
1022 14 35 -1
1029 135 35 -1
1034 33 15 -1
1037 86 15 -1
1041 49 15 -1
1050 44 35 -1
1051 46 15 -1
1055 196 15 56 -1
1062 156 35 -1
1063 29 35 -1
1064 16 15 -1
1075 74 15 35 -1
1097 88 15 56 -1
1098 305 56 -1
1106 2 15 -1
1111 60 15 72 -1
1125 37 72 -1
1128 13 35 -1
1127 62 35 -1
1132 57 56 -1
1133 399 15 72 -1
1137 135 56 64 72 -1
1142 48 15 -1
1143 14 56 -1
1151 472 15 56 72 -1
922 149 35 -1
1160 24 35 -1
1164 39 15 -1
1166 599 15 56 72 -1
1167 158 35 56 -1
1179 10 15 -1
1185 43 56 -1
1190 4 15 -1
1193 31 15 35 72 -1
1200 107 56 -1
1201 35 35 -1
1202 66 56 -1
1210 218 35 56 72 -1
1215 65 15 72 -1
1228 11 15 -1
1234 16 35 -1
1235 20 35 -1
1237 6 35 -1
1241 35 35 -1
1242 11 72 -1
1247 77 15 -1
1253 51 64 -1
1259 45 35 -1
1278 69 35 -1
1279 124 35 -1
1286 65 35 72 -1
1285 31 15 72 -1
1291 34 35 -1
1292 7 35 -1
1297 76 35 -1
1305 290 35 56 -1
1326 6 56 -1
1331 6 35 -1
1332 1 35 -1
1359 3 15 -1
1374 462 56 72 -1
1384 37 56 -1
1395 199 15 -1
1428 183 64 -1
1184 79 56 72 -1
1442 20 64 -1
1462 48 56 -1
1470 156 15 56 72 -1
1471 72 56 -1
1492 157 72 -1
1496 210 15 -1
1497 28 15 -1
1499 12 56 -1
1500 48 56 -1
1501 38 64 -1
1522 139 15 -1
1538 81 15 -1
1537 68 56 -1
1542 244 15 -1
1552 81 15 56 -1
1553 20 56 -1
1549 587 15 56 64 -1
1603 16 15 -1
1571 24 56 -1
1608 355 15 -1
1614 73 15 -1
1615 162 56 64 -1
1530 11 72 -1
1622 50 15 -1
1644 48 15 56 -1
1661 66 15 -1
1674 8 72 -1
1701 112 15 56 72 -1
1696 4 56 -1
1697 70 15 -1
1707 34 72 -1
1717 96 15 56 72 -1
1730 45 15 -1
1733 42 15 -1
1749 68 64 -1
1767 97 15 -1
1772 141 56 -1
1751 35 15 56 -1
1783 57 15 -1
1792 31 56 -1
1800 20 15 -1
1808 129 72 -1
1820 90 56 -1
1835 73 15 -1
1847 47 15 -1
1875 33 56 -1
1915 33 15 -1
1919 112 56 -1
1922 204 72 -1
1924 5 15 -1
1962 31 56 -1
1979 2 15 -1
1991 66 56 -1
1992 16 56 -1
1997 88 56 -1
2016 13 15 -1
2033 22 72 -1
2062 121 72 -1
2072 121 56 -1
2127 3 15 -1
2133 129 56 -1
2135 146 15 -1
2144 23 15 -1
2160 26 15 -1
2172 29 15 -1
2178 3 15 -1
2225 34 15 -1
2231 66 15 -1
2233 36 56 -1
2237 241 15 -1
2240 108 15 -1
2256 247 15 56 -1
2276 32 15 72 -1
2297 164 15 -1
2299 67 56 -1
2323 111 15 72 -1
2340 4 56 -1
2272 31 56 -1
2365 77 15 -1
2368 17 15 -1
2369 189 15 -1
2384 72 15 72 -1
2387 66 72 -1
2398 62 72 -1
2410 34 15 -1
2435 35 56 -1
2440 50 15 -1
2456 31 72 -1
2472 75 56 -1
2504 100 15 -1
2507 69 15 -1
2535 47 15 -1
2542 93 72 -1
2566 32 15 -1
2557 77 56 -1
2567 5 15 -1
2564 50 15 72 -1
2565 893 56 -1
2569 5 56 -1
2576 146 56 -1
2587 12 72 -1
2585 60 15 -1
2593 32 56 -1
2594 45 15 -1
2595 49 15 -1
2474 142 56 -1
2617 22 15 -1
2623 108 15 -1
2619 46 15 -1
2647 18 56 -1
2651 269 15 -1
2655 49 15 72 -1
2657 44 15 -1
2658 307 72 -1
2702 80 72 -1
2688 618 72 -1
2660 164 72 -1
2667 126 15 -1
2693 149 15 -1
2744 39 15 72 -1
2752 7 15 -1
2757 5 56 -1
2760 23 15 72 -1
2774 46 15 -1
2775 35 15 -1
2790 173 15 -1
2544 11 15 -1
2851 44 15 -1
2871 282 72 -1
2932 62 15 -1
2940 123 15 -1
2951 19 72 -1
2972 357 15 -1
3000 43 72 -1
3004 3 15 -1
3026 175 72 -1
3027 39 15 -1
3028 189 72 -1
3032 216 15 72 -1
3041 14 15 -1
3088 37 15 -1
3150 10 15 -1
3160 2 15 -1
3168 79 72 -1
3176 6 72 -1
3191 68 95 -1
3255 3 15 -1
3258 95 15 -1
3259 2 15 -1
3269 3 15 -1
3274 69 72 -1
3284 20 15 -1
3352 273 72 -1
3366 63 72 -1
3378 41 72 -1
3380 42 72 -1
3381 180 15 -1
3388 15 15 -1
3390 60 72 -1
3443 20 15 -1
3445 21 15 72 -1
3449 314 15 72 -1
3452 131 15 -1
3453 319 15 72 -1
3456 241 15 -1
3458 69 15 -1
3459 92 15 -1
3461 101 72 -1
3462 54 72 -1
3479 102 72 -1
3521 29 15 -1
3522 71 15 -1
3554 6 15 -1
3568 147 15 -1
3601 52 15 -1
3607 24 15 -1
3624 64 72 -1
3631 91 15 72 -1
3641 212 15 72 -1
3642 362 15 72 -1
3643 44 15 72 -1
3692 8 72 -1
3688 4 15 -1
3571 45 15 -1
3728 85 15 -1
3751 11 15 -1
3786 99 15 -1
3787 232 15 72 -1
3792 27 72 -1
3794 46 15 72 -1
3806 45 15 -1
3812 53 15 -1
3813 94 15 -1
3830 20 15 -1
3854 82 15 -1
3916 42 72 -1
3930 5 15 -1
3956 85 15 -1
3960 23 15 -1
3969 90 15 72 -1
3976 145 15 72 -1
3977 14 15 -1
3982 20 15 -1
3985 32 15 -1
4008 7 15 -1
4013 21 15 -1
4015 2 15 -1
4036 147 15 -1
4037 15 15 -1
4040 104 15 72 -1
4041 68 15 -1
2981 44 15 -1
4045 257 15 -1
4070 111 72 -1
4071 17 15 -1
4072 29 72 -1
4073 115 15 72 -1
4099 155 15 72 -1
4076 86 15 72 -1
4124 50 15 72 -1
4144 76 15 -1
4175 8 15 -1
4190 2 15 -1
4212 53 72 -1
4297 38 15 -1
4314 4 15 -1
4315 29 15 -1
4338 40 72 95 -1
4353 80 15 72 -1
4416 11 72 -1
4438 6 15 -1
4441 202 15 -1
4447 14 72 -1
4483 153 15 -1
4486 20 72 -1
4488 50 15 -1
4489 15 72 -1
4524 9 15 -1
4530 9 15 -1
4550 100 95 -1
4564 33 72 -1
4576 10 15 -1
4587 27 15 -1
4598 71 15 -1
4600 15 15 -1
2841 1 72 -1
4611 1 72 -1
4625 4 72 -1
4630 4 15 -1
4662 46 72 -1
4647 11 15 -1
4712 121 15 -1
4739 11 15 -1
4745 2 15 -1
4756 34 72 -1
4781 27 15 -1
4824 101 72 -1
4899 169 15 -1
4903 2 15 -1
4904 2 15 -1
4906 2 15 -1
4912 2 15 -1
4914 2 15 -1
4922 2 15 -1
4933 3 15 -1
4948 214 15 -1
4967 361 15 -1
4970 8 15 -1
4982 43 72 -1
4988 23 15 72 -1
5002 115 72 -1
5006 28 72 -1
5017 9 72 -1
5020 139 72 95 -1
5037 18 15 -1
5079 271 15 -1
5089 8 15 -1
5099 14 15 -1
5110 84 15 -1
4828 168 15 95 -1
5118 13 72 -1
5121 9 15 -1
5123 69 15 -1
5150 13 15 -1
5166 48 15 -1
5172 29 72 -1
5175 35 72 -1
5176 139 72 95 -1
5177 101 15 -1
4310 278 15 72 -1
5179 217 15 -1
5189 312 15 72 95 -1
5190 80 95 -1
5196 32 15 -1
5215 8 15 -1
5262 59 15 -1
5263 75 15 -1
5301 61 15 -1
5321 32 15 -1
5360 15 15 72 -1
5391 37 15 -1
5427 37 15 -1
5479 28 15 -1
5484 22 15 -1
5487 30 15 -1
5515 7 72 -1
5531 243 15 72 -1
5532 26 15 72 -1
5534 14 15 -1
5536 3 72 -1
5543 137 15 -1
5584 12 15 -1
5589 11 15 -1
5591 27 15 -1
5605 11 15 -1
5612 66 15 -1
5610 2 15 -1
5617 22 15 72 -1
5624 28 15 -1
5630 36 15 -1
5644 21 15 -1
5666 5 15 72 -1
5675 8 72 -1
5691 49 15 72 -1
5695 1 72 -1
5698 1 72 -1
5696 50 15 72 -1
5697 230 72 -1
5714 44 15 -1
5741 13 15 -1
5750 4 15 -1
5768 13 15 -1
5783 23 15 -1
5787 32 15 -1
5796 191 15 -1
5805 16 15 -1
5807 27 15 -1
5810 29 15 -1
5818 67 15 -1
5819 61 15 -1
5855 8 15 -1
5857 92 15 -1
5862 24 15 -1
5890 5 15 -1
5590 5 15 -1
4767 14 15 -1
5908 19 15 -1
5913 5 15 -1
5916 9 15 -1
5993 3 15 -1
6020 25 15 -1
6024 17 15 -1
6068 32 15 -1
6075 18 15 -1
6001 5 15 -1
6156 22 15 -1
6157 3 15 -1
6160 3 15 -1
6178 1 15 -1
6179 7 15 -1
6180 3 15 -1
6196 2 15 -1
6197 2 15 -1
6181 1 15 -1
6182 3 15 -1
6183 1 15 -1
6184 2 15 -1
6185 1 15 -1
6186 1 15 -1
6187 1 15 -1
388 1 15 -1
6188 1 15 -1
6198 14 15 -1
6199 1 15 -1
6200 6 15 -1
6201 2 15 -1
6202 3 15 -1
6203 1 15 -1
6204 12 15 -1
6190 3 15 -1
6205 1 15 -1
6206 1 15 -1
6207 4 15 -1
6191 1 15 -1
6192 2 15 -1
6208 3 15 -1
6193 1 15 -1