11 743 2504 2506 2508 2517 2535 2544 2565 2570 2575 2579 2580 2585 2587 2593 2595 -1
14 114 2565 2587 2595 -1
18 12 2570 -1
20 187 2517 2565 -1
24 309 2504 2508 2516 2542 2560 2579 2585 2587 2595 -1
36 227 2506 2570 2579 2594 2599 -1
42 89 2504 -1
44 44 2508 2516 -1
47 146 2506 2565 -1
53 39 2535 -1
29 150 2565 -1
59 94 2547 2550 2560 -1
72 164 2535 2565 -1
67 17 2508 -1
86 122 2570 2576 -1
71 109 2535 -1
87 195 2535 2565 2576 -1
99 24 2565 -1
103 68 2589 -1
68 275 2535 2565 2576 2579 2587 2593 2597 -1
109 190 2511 2535 -1
122 213 2506 2508 2516 2517 2542 2565 2585 2597 -1
113 89 2508 2576 -1
126 25 2576 -1
127 132 2565 2576 -1
136 99 2535 -1
147 58 2516 2570 2579 -1
151 74 2508 -1
161 32 2579 -1
172 123 2508 2510 2542 2550 2576 -1
173 334 2504 2516 -1
180 54 2517 2542 2597 -1
166 93 2565 -1
194 5 2585 -1
197 11 2595 -1
203 31 2516 2542 2576 2595 -1
215 100 2504 2570 -1
238 3 2517 -1
255 86 2595 -1
260 6 2576 -1
259 56 2506 2508 2542 -1
265 31 2593 -1
275 56 2504 2508 2576 -1
280 76 2535 2570 2579 -1
285 6 2517 -1
291 35 2517 -1
290 71 2508 2579 -1
306 244 2510 2544 2565 2576 -1
308 142 2535 -1
310 230 2535 2593 -1
311 321 2504 2535 2542 2560 2565 2570 -1
313 54 2565 -1
319 199 2535 2592 -1
335 46 2506 2592 -1
348 21 2501 -1
351 11 2535 -1
364 14 2542 -1
371 117 2501 -1
383 45 2508 2535 -1
403 20 2599 -1
406 34 2511 -1
407 145 2517 2535 2587 2594 -1
425 79 2560 2565 2576 -1
432 157 2592 -1
457 732 2504 2511 2516 2517 2535 2565 2576 2579 2580 -1
465 17 2508 -1
534 4 2535 -1
546 142 2542 2544 -1
556 121 2542 2595 -1
583 26 2535 -1
600 214 2535 2542 2576 2587 2593 2595 -1
634 150 2542 2565 2579 -1
635 66 2506 -1
637 25 2517 2565 -1
650 98 2576 2587 2593 -1
663 158 2535 2560 2592 -1
689 47 2517 2580 2593 -1
695 118 2506 2535 2576 2585 -1
704 81 2579 2593 -1
708 51 2576 -1
710 105 2542 -1
722 264 2501 2565 2570 2571 2575 2576 2579 2587 2591 -1
737 232 2565 -1
697 100 2517 2535 2576 -1
759 77 2542 -1
763 68 2542 2560 -1
764 34 2501 2504 2580 2585 -1
766 773 2506 2507 2510 2511 2516 2517 2535 2542 2544 2547 2550 2560 2565 2576 2579 2592 2593 2594 2597 2599 -1
762 50 2508 -1
769 146 2506 2535 2542 2576 -1
788 113 2535 2576 -1
784 224 2508 2535 2565 2576 2579 2580 2594 2597 -1
789 317 2507 2516 2592 2593 -1
791 41 2535 -1
813 272 2506 2510 2542 2544 2560 2565 2579 2593 2595 2597 -1
826 249 2501 2504 2542 2550 2570 2571 2575 2576 2580 2593 2594 -1
825 165 2508 2516 2576 2585 -1
841 61 2516 2599 -1
854 99 2565 2570 2571 2589 -1
856 91 2508 2535 2542 2565 2594 -1
852 39 2535 -1
865 97 2535 2542 2595 -1
879 122 2508 2517 2565 2585 -1
898 10 2511 -1
904 119 2571 -1
914 7 2576 -1
928 21 2501 2508 -1
946 110 2504 2508 2510 2571 2575 2593 -1
947 27 2594 -1
948 29 2516 -1
954 34 2593 -1
956 42 2504 2508 2535 -1
960 22 2504 2542 2576 2580 -1
986 77 2594 -1
988 292 2510 2517 2535 2542 2544 2550 2565 2576 2585 2587 2593 2594 2595 2597 -1
993 238 2504 2570 2580 -1
996 297 2510 2516 2517 2542 2550 2570 2576 2579 2580 2587 2591 2593 -1
1000 60 2517 2550 2570 2571 2575 2579 2593 -1
1006 138 2579 2580 -1
1003 18 2504 -1
1012 7 2571 -1
1009 44 2597 -1
1024 41 2506 -1
1031 19 2550 2585 -1
1034 33 2508 -1
1035 12 2547 -1
1037 86 2506 2535 -1
1041 49 2510 2516 2535 -1
1042 41 2504 -1
1050 44 2565 -1
1051 46 2579 -1
1055 196 2504 2535 2565 2576 2580 -1
1062 156 2510 2579 2587 2593 2594 -1
1075 74 2593 2595 -1
1095 10 2504 -1
1097 88 2516 2570 2576 2594 -1
1098 305 2504 2542 2560 2565 2570 2576 2579 2585 2589 2593 2594 -1
1103 9 2504 2517 2570 -1
1102 15 2570 -1
1124 20 2579 -1
1125 37 2504 -1
1127 62 2516 -1
1129 62 2576 -1
1133 399 2506 2507 2517 2576 2599 -1
1135 115 2504 2547 2587 2593 -1
1137 135 2510 2593 2594 -1
1142 48 2510 2576 2580 -1
1143 14 2599 -1
1150 8 2594 -1
1151 472 2504 2506 2507 2510 2516 2535 2542 2547 2570 2576 2579 2587 2592 2593 2594 -1
1164 39 2535 -1
1166 599 2501 2508 2510 2516 2517 2535 2542 2550 2565 2570 2575 2576 2593 2594 2597 -1
1167 158 2565 2575 2585 -1
1179 10 2508 -1
1169 29 2508 2576 2594 -1
1198 4 2565 2593 -1
1200 107 2550 2593 2599 -1
1202 66 2504 -1
1210 218 2504 2508 2510 2516 2535 2565 2570 2579 2587 2593 -1
1211 79 2508 2535 -1
1215 65 2504 2535 2593 2594 -1
1221 77 2579 2585 -1
1236 103 2504 2560 2585 2593 2594 -1
1241 35 2510 2594 -1
1247 77 2570 -1
1259 45 2542 2565 2587 -1
1267 61 2504 2560 2570 2579 -1
1279 124 2504 2535 2587 -1
1286 65 2547 -1
1291 34 2594 -1
1297 76 2508 2517 2535 2576 2585 -1
1305 290 2501 2510 2542 2544 2547 2550 2560 2565 2576 2593 2594 2597 2599 -1
1319 181 2506 2542 2565 2593 -1
1320 6 2508 -1
1335 62 2504 2517 -1
1353 30 2542 2595 -1
1360 22 2550 -1
1357 91 2560 2593 -1
1367 40 2542 2565 2576 -1
1368 33 2565 -1
1374 462 2508 2516 2535 2547 2560 2565 2576 2585 2593 -1
1377 33 2580 -1
1380 63 2517 -1
1381 52 2560 -1
1384 37 2542 2565 -1
1390 32 2599 -1
1393 4 2575 -1
1395 199 2516 2547 2560 2576 2579 -1
1416 13 2576 -1
1419 41 2576 -1
1424 52 2501 -1
1428 183 2506 2510 2550 2593 -1
1184 79 2504 2517 2599 -1
1462 48 2508 2535 2544 -1
1463 26 2542 2565 2585 -1
1465 8 2508 2542 -1
1467 11 2516 -1
1470 156 2535 2576 2579 2592 -1
1471 72 2535 -1
1473 91 2504 2560 -1
1487 117 2565 2576 2593 2594 -1
1489 64 2516 2570 -1
1492 157 2504 2585 2593 2595 -1
1496 210 2504 2506 2510 2579 2585 2593 2594 2595 2597 -1
1500 48 2508 -1
1501 38 2550 -1
1506 41 2504 -1
1521 99 2506 2510 2547 2594 -1
1522 139 2508 2510 2517 2550 2565 2570 2580 2585 2593 2595 2599 -1
1538 81 2510 2535 2594 -1
1537 68 2508 2560 2593 -1
1542 244 2507 2516 2595 -1
1552 81 2504 2508 2535 2576 2579 2593 2594 -1
1553 20 2504 -1
1547 28 2593 -1
1549 587 2504 2506 2507 2508 2510 2516 2542 2544 2547 2550 2560 2565 2571 2575 2576 2579 2580 2585 2587 2589 2593 2594 2597 2599 -1
1550 42 2516 -1
1566 46 2560 2580 2593 -1
1583 87 2550 2560 2565 2594 2599 -1
1585 102 2508 2542 2560 -1
1592 30 2501 -1
1594 114 2504 -1
1596 29 2565 -1
1603 16 2571 2579 -1
1608 355 2504 2508 2517 2550 2560 2565 2576 2579 2580 2585 2587 2593 2594 -1
1612 68 2565 -1
1614 73 2547 -1
1621 80 2565 2593 -1
1622 50 2506 2508 2565 2594 -1
1623 39 2593 -1
1644 48 2535 2565 -1
1661 66 2535 2565 -1
1564 27 2594 -1
1664 3 2535 -1
1667 55 2516 2580 2587 -1
1647 19 2535 -1
1674 8 2587 -1
1681 2 2506 -1
1691 50 2593 -1
1701 112 2535 2585 2594 2595 -1
1697 70 2501 2508 2516 2535 2552 2576 2580 -1
1700 93 2565 2571 2575 2579 2580 2585 2589 -1
1705 47 2547 2560 2599 -1
1707 34 2570 2594 -1
1714 5 2504 -1
1717 96 2508 2535 2570 2575 2593 -1
1729 19 2535 2580 -1
1732 18 2594 -1
1730 45 2576 2579 -1
1733 42 2516 -1
1734 55 2508 2535 2593 2595 -1
1741 9 2501 -1
1744 8 2508 -1
1748 76 2506 2517 2565 -1
1749 68 2508 2576 2594 -1
1756 89 2517 2547 2560 2579 -1
1766 27 2517 -1
1767 97 2547 2576 2585 -1
1769 67 2504 2516 2517 2535 2547 2560 2571 2580 2587 2593 -1
1772 141 2501 2504 2535 2580 -1
1781 6 2507 -1
1751 35 2508 2535 -1
1783 57 2510 2585 2594 -1
1795 44 2510 2542 -1
1799 48 2516 2535 2565 2576 -1
1808 129 2510 2517 2535 2542 2547 2560 2576 2579 2587 2589 2591 2595 2599 -1
1813 41 2535 -1
1814 105 2547 2550 2560 2593 2594 -1
1820 90 2508 2510 2585 2593 2594 2599 -1
1823 49 2511 2565 -1
1835 73 2504 2506 2508 2535 2542 2547 2560 2576 2587 -1
1837 28 2593 -1
1847 47 2510 -1
1875 33 2565 -1
1885 44 2535 2587 2593 -1
1891 36 2504 2580 -1
1896 51 2516 2576 -1
1915 33 2516 2535 -1
1919 112 2593 -1
1922 204 2501 2508 2516 2542 2544 2547 2550 2576 2585 2587 2593 2594 2599 -1
1935 7 2565 -1
1947 15 2565 -1
1951 29 2565 -1
1966 18 2508 -1
1964 13 2511 -1
1967 31 2595 2597 -1
1972 181 2506 2508 2510 2535 2542 2544 2550 2560 2576 2585 2594 2595 2597 -1
1977 34 2593 -1
1980 47 2504 2547 2560 2565 2587 -1
1985 56 2516 -1
1986 17 2504 -1
1990 36 2565 -1
1991 66 2547 2593 2599 -1
1992 16 2504 2594 -1
1997 88 2504 2579 2587 2593 -1
1794 26 2565 2580 -1
2009 63 2504 2516 2599 -1
2033 22 2542 -1
698 11 2508 2595 -1
2052 14 2570 -1
2059 4 2576 -1
2062 121 2593 2594 -1
2063 21 2593 -1
2065 50 2508 2542 -1
2069 17 2570 2571 2580 2587 2593 -1
2072 121 2517 2560 2571 2593 2599 -1
2095 6 2504 -1
2085 28 2504 2579 2593 -1
2093 55 2547 2560 2579 2587 2593 -1
2099 22 2504 -1
2102 45 2535 2542 2565 2576 2594 -1
2109 47 2508 2516 2535 2565 -1
2114 39 2585 2593 -1
2115 16 2576 -1
2116 20 2504 2579 -1
2117 23 2504 2517 2535 -1
2118 113 2511 2550 2579 2580 2585 2587 2594 -1
2120 122 2501 2504 2517 2575 2579 2589 2591 2594 -1
2129 44 2565 -1
2133 129 2504 2547 2560 2570 2579 2580 2587 2593 2599 -1
2135 146 2508 2516 2517 2535 2560 2565 2594 -1
2145 145 2504 2516 2535 2565 2594 -1
2156 41 2517 2580 2589 -1
2160 26 2508 2535 -1
2169 32 2580 -1
2170 2 2544 -1
2172 29 2535 2570 -1
2174 65 2504 2570 2576 2585 2594 -1
2186 61 2547 2599 -1
2200 2 2504 -1
2206 14 2504 -1
2209 31 2504 2542 2594 -1
2210 17 2544 -1
2223 15 2547 -1
2226 28 2504 2517 -1
2230 49 2504 2585 2591 2594 -1
2231 66 2504 2517 2570 2571 2575 2579 2587 2589 2591 2594 -1
2229 143 2504 2517 2550 2565 2570 2571 2575 2579 2580 2587 2589 2591 2593 2594 2597 -1
2232 12 2589 2591 -1
2233 36 2504 2575 2587 2593 -1
2236 75 2550 2593 -1
2237 241 2510 2517 2535 2544 2550 2565 2576 2585 2592 2593 2594 2595 -1
2241 14 2504 2587 -1
2240 108 2504 2535 2575 2591 2594 -1
2041 6 2595 -1
2246 8 2535 -1
2252 22 2585 -1
2254 6 2504 -1
2255 31 2560 -1
2256 247 2501 2504 2516 2517 2535 2544 2547 2560 2579 2587 2591 2593 2594 2599 -1
2257 49 2544 2576 2593 -1
2258 95 2508 2511 2565 2576 -1
2153 4 2594 -1
2274 48 2571 2575 2579 2580 -1
2285 17 2592 -1
2287 4 2504 -1
2290 120 2510 2535 2565 2595 2597 -1
2289 14 2504 -1
2297 164 2504 2506 2508 2510 2535 2542 2547 2570 2594 -1
2298 48 2501 2504 2535 2547 2560 2575 -1
2299 67 2547 2560 2565 2585 -1
2307 7 2585 -1
2322 19 2504 -1
2323 111 2516 2535 2565 2576 2580 2585 2594 -1
2324 3 2535 -1
2326 252 2506 2508 2510 2516 2535 2542 2544 2565 2576 2585 2592 2594 2595 2597 -1
2328 215 2504 2506 2508 2510 2517 2535 2544 2547 2565 2570 2579 2585 2587 2593 2595 2597 2599 -1
2332 36 2589 2591 2594 -1
2340 4 2593 -1
2343 7 2589 2591 -1
2272 31 2576 2593 -1
2365 77 2510 2593 2594 2599 -1
2367 8 2579 2587 2593 -1
2368 17 2508 2560 2565 2594 2599 -1
2338 6 2504 2508 -1
2369 189 2552 -1
2371 124 2504 2517 2547 2550 2560 2565 2579 2587 2593 -1
2372 7 2517 -1
2375 49 2504 2565 2579 2599 -1
2376 26 2535 2594 -1
2378 4 2504 2571 -1
2381 71 2508 2516 2535 2570 -1
2379 45 2516 2565 -1
2384 72 2511 2516 2565 -1
2390 2 2506 -1
2398 62 2504 2506 2516 2585 2597 -1
2403 2 2542 -1
2410 34 2507 2576 -1
2306 4 2504 -1
2411 141 2510 2535 2544 2560 2576 2585 2595 -1
2412 3 2504 -1
2416 37 2580 -1
2435 35 2587 2594 -1
2456 31 2504 -1
2472 75 2547 2550 2560 2593 2599 -1
2473 103 2547 2560 2593 2599 -1
2476 35 2550 2593 -1
2482 3 2570 -1
2485 324 2506 2508 2510 2511 2542 2547 2550 2560 2565 2576 2585 2593 2594 2595 2597 -1
2497 38 2501 2510 2593 2594 -1
2500 3 2501 2591 -1
2502 30 2506 2542 2576 -1
2504 100 2508 2542 2544 2547 2576 2585 -1
2506 46 2535 -1
2507 69 2504 2510 2576 2593 2594 -1
2508 13 2542 -1
2510 68 2504 2542 2565 2587 2593 2594 -1
2512 1 2517 -1
2514 1 2517 -1
2513 1 2517 -1
2515 1 2517 -1
2516 44 2517 2576 2579 2587 -1
2518 4 2510 -1
2541 37 2504 -1
2542 93 2504 2508 2576 2597 2599 -1
2543 1 2504 -1
2498 1 2504 -1
2545 7 2504 2508 -1
2546 34 2504 2542 2570 2576 2579 -1
2547 105 2504 2542 2560 2576 -1
2548 12 2504 2585 -1
2549 70 2504 2510 2565 2576 2585 2593 -1
2550 26 2501 2504 2579 2589 2591 -1
2552 5 2504 -1
2551 2 2504 -1
2566 32 2535 2595 -1
2557 77 2547 2560 2599 -1
2559 82 2508 2510 2542 2565 -1
2560 180 2508 2565 2593 2595 2597 -1
2564 50 2508 2576 -1
2565 893 2501 2506 2508 2510 2511 2516 2517 2535 2542 2544 2547 2550 2560 2576 2585 2592 2593 2594 2595 2597 2599 -1
2569 5 2570 -1
2572 7 2575 2579 2587 -1
2573 1 2575 -1
2574 2 2575 -1
2576 146 2507 2542 2579 2592 2594 -1
2577 2 2579 2580 -1
2578 12 2579 2587 -1
2587 12 2576 -1
2581 1 2587 -1
2582 1 2587 -1
2583 2 2587 -1
2584 1 2587 -1
2585 60 2535 2544 2587 2594 -1
2586 2 2587 -1
2594 45 2501 2544 2576 2585 -1
2595 49 2516 2560 2585 -1
2596 13 2593 -1
2598 7 2593 -1
2474 142 2501 2506 2547 2550 2576 2593 2594 2599 -1
2605 64 2516 2542 2547 2576 2594 -1
2608 14 2560 -1
2611 7 2535 -1
2612 29 2516 2565 2593 2594 -1
2613 25 2535 -1
2617 22 2535 -1
2618 53 2510 2585 2594 -1
2623 108 2501 2535 2565 2585 2597 -1
2619 46 2535 2547 2560 2585 -1
2620 24 2550 2576 2594 -1
2630 2 2593 -1
2631 1 2593 -1
2632 1 2593 -1
2646 39 2547 2560 2593 -1
2647 18 2501 -1
2651 269 2506 2510 2517 2535 2542 2544 2565 2576 2585 2594 2597 -1
2653 113 2535 2544 2565 2576 2585 2594 -1
2655 49 2560 -1
2657 44 2576 -1
2658 307 2516 2517 2565 2592 -1
2674 103 2535 2542 2550 2560 2565 2576 2597 -1
2677 40 2565 -1
2699 74 2565 -1
2700 168 2506 2510 2535 2542 2544 2585 2594 2595 2597 -1
2701 19 2542 2576 2594 -1
2686 156 2510 2542 2550 2565 2576 2585 2594 -1
2702 80 2516 2565 2576 2592 -1
2703 61 2542 2565 2576 2594 -1
2688 618 2507 2508 2510 2516 2535 2542 2544 2550 2565 2576 2585 2592 2593 2594 2595 2597 -1
2704 75 2516 2550 2576 2585 -1
2660 164 2506 2510 2516 2542 2550 2576 2592 2593 2594 2597 -1
2667 126 2507 -1
2690 26 2550 2593 -1
2691 44 2508 2535 2565 2576 -1
2692 19 2576 -1
2693 149 2510 2516 2542 2550 2576 2585 2594 2597 -1
2706 18 2565 2597 -1
2694 18 2592 -1
2696 64 2576 -1
2697 45 2535 2544 2565 2585 -1
2711 13 2506 -1
2719 21 2544 2594 -1
2727 33 2510 2585 2593 -1
2740 28 2560 -1
2744 39 2535 -1
2747 79 2510 2565 2585 -1
2746 25 2585 2594 2595 -1
2760 23 2516 -1
2765 29 2511 2544 -1
2768 40 2542 2547 2560 2599 -1
2774 46 2506 2535 -1
2775 35 2576 -1
2780 3 2560 -1
2787 4 2517 -1
2790 173 2510 2516 2535 2542 2544 2576 2585 2593 2594 -1
2791 15 2547 -1
2792 18 2599 -1
2793 6 2576 -1
2802 9 2535 -1
2804 16 2597 -1
2807 5 2535 -1
2822 43 2535 -1
2654 104 2508 2510 2535 2550 2576 2585 -1
2799 8 2565 -1
2830 6 2547 2560 -1
2831 39 2594 -1
2838 21 2535 2585 2593 -1
2840 14 2501 2599 -1
2851 44 2506 2508 2535 -1
2858 3 2516 -1
2859 139 2506 2508 2516 2517 2542 2565 2585 -1
2860 5 2542 -1
2871 282 2506 2516 2544 2550 2552 2560 2585 2592 2595 -1
2865 2 2599 -1
2872 87 2506 2508 2535 2544 -1
2900 29 2593 2594 -1
2904 18 2565 2593 -1
2908 12 2535 2542 -1
2909 57 2516 2535 -1
2912 33 2576 2593 -1
2923 35 2535 2585 -1
2925 19 2547 -1
2932 62 2547 2565 2594 -1
2935 36 2517 -1
2940 123 2510 2565 2576 2593 2594 -1
2941 11 2535 -1
2947 10 2547 -1
2948 26 2547 2550 2593 -1
2949 1 2547 -1
2950 13 2547 2560 -1
2951 19 2547 2576 -1
2958 47 2510 2585 2594 -1
2964 70 2595 -1
2967 238 2506 2516 2517 2565 2576 2595 2597 -1
2968 55 2542 2576 -1
2972 357 2507 2511 2517 2552 2565 2576 2592 -1
2974 15 2565 -1
2980 1 2560 -1
2988 55 2565 2592 -1
2989 10 2565 -1
3001 7 2542 -1
3009 51 2508 2565 2576 2585 -1
3005 28 2576 2585 2594 -1
3006 31 2594 -1
3010 123 2510 2544 2565 2597 -1
2707 103 2516 2535 2565 2593 2594 -1
3018 19 2565 -1
3020 52 2576 2593 2594 -1
3024 52 2510 2542 2585 2594 -1
3026 175 2508 2510 2516 2535 2544 2550 2565 2592 2595 -1
3027 39 2576 -1
3028 189 2510 2535 2550 2576 2585 -1
3031 50 2542 2565 2576 2594 -1
3032 216 2508 2516 2550 2565 2576 2585 2592 2594 -1
3033 45 2550 2593 -1
2713 200 2506 2508 2510 2516 2535 2542 2544 2565 2576 2585 2594 2595 2597 -1
3039 14 2585 2594 -1
3041 14 2542 2576 2594 -1
3049 6 2593 -1
3056 44 2593 2594 -1
3055 52 2585 -1
3057 48 2516 -1
3059 32 2506 2593 -1
2356 57 2510 2544 2565 2585 2594 2595 -1
3062 42 2593 -1
3072 25 2550 2597 -1
3073 34 2506 2510 2594 -1
3081 20 2565 2593 2594 -1
3083 2 2593 -1
3084 62 2585 2593 -1
3088 37 2506 2508 -1
3092 81 2576 -1
3095 37 2565 -1
3096 3 2542 -1
3107 10 2535 -1
2842 124 2508 2510 2542 2565 2576 2594 2597 -1
3110 21 2594 -1
2003 63 2508 2516 2565 -1
3115 5 2565 2576 -1
3120 8 2594 -1
3125 16 2576 2594 -1
3127 15 2576 2585 -1
3142 49 2592 -1
3144 88 2508 2510 2535 2594 -1
3147 6 2585 -1
3165 1 2550 -1
3166 1 2550 -1
3167 1 2550 -1
3168 79 2508 2576 -1
3175 41 2508 2565 2595 -1
3180 24 2510 2542 -1
3188 20 2565 -1
3189 10 2576 -1
3192 56 2510 2585 2594 -1
3196 22 2585 -1
3200 8 2565 -1
3202 8 2576 2597 -1
3209 41 2576 -1
3238 28 2511 2516 -1
3242 6 2576 -1
3252 37 2510 2542 2585 2594 2595 -1
3256 19 2594 -1
3258 95 2516 2535 2565 -1
3260 8 2576 2594 -1
3262 9 2565 -1
3280 3 2594 -1
3274 69 2516 2576 -1
3275 14 2594 -1
3276 79 2510 2565 2595 -1
3291 58 2517 2565 2595 -1
3296 2 2576 -1
3297 51 2565 -1
3300 5 2594 -1
3304 31 2542 2565 -1
3305 5 2565 -1
3315 13 2585 -1
3290 36 2510 2535 2585 2594 2595 2597 -1
3317 15 2508 2535 -1
3339 1 2594 -1
3340 4 2594 -1
3341 1 2594 -1
3342 1 2594 -1
3343 13 2510 2585 2594 -1
3344 1 2594 -1
3345 35 2542 -1
3349 9 2597 -1
3350 55 2585 -1
3352 273 2506 2510 2516 2517 2535 2544 2565 2576 2592 2595 -1
3353 1 2565 -1
3354 5 2565 -1
3306 7 2535 -1
3366 63 2507 2535 2565 2576 -1
3375 43 2510 2542 2544 2585 -1
3379 19 2576 2597 -1
3380 42 2510 2576 2585 -1
3381 180 2511 2542 -1
3388 15 2565 -1
3391 4 2508 -1
3392 33 2510 2544 2576 2585 -1
3394 156 2508 2510 2565 2576 2585 -1
3402 122 2516 2517 2595 -1
3404 89 2585 -1
3390 60 2516 2576 -1
3417 30 2565 2597 -1
3436 1 2576 -1
3437 1 2576 -1
3440 1 2576 -1
3441 2 2576 -1
3443 20 2508 2565 2576 -1
3438 1 2576 -1
3444 2 2576 -1
3445 21 2535 2576 -1
3439 88 2510 2576 2585 2597 -1
3447 271 2576 2592 -1
3449 314 2507 2516 2517 2576 2592 -1
3451 98 2506 2517 2565 -1
3452 131 2516 2535 2565 -1
3453 319 2516 2517 2565 2576 2592 -1
3454 148 2506 2517 2535 2565 2595 -1
3455 68 2516 2517 -1
3456 241 2516 2565 2576 2592 -1
3457 166 2516 2565 -1
3458 69 2508 2510 -1
3459 92 2516 -1
3461 101 2552 -1
3463 56 2592 -1
3466 17 2535 -1
3469 23 2535 -1
3470 21 2597 -1
3479 102 2516 -1
3480 18 2506 -1
3482 24 2506 2597 -1
3477 53 2508 2510 2535 2565 2585 2595 2597 -1
3478 42 2511 -1
3488 16 2506 -1
3496 10 2542 -1
2524 7 2508 -1
3498 114 2516 2535 -1
3509 1 2542 -1
3512 9 2510 -1
3519 48 2516 2565 2576 2585 2595 -1
3521 29 2535 -1
3522 71 2565 -1
3523 28 2510 -1
3525 16 2510 -1
3527 64 2508 2544 2565 2585 -1
3539 2 2508 -1
3540 4 2595 -1
3541 81 2506 2508 2544 2565 2585 2595 -1
3508 11 2535 -1
3553 8 2597 -1
3560 16 2516 2565 2597 -1
3562 40 2506 2585 -1
3567 18 2565 2595 -1
3568 147 2506 2516 2576 2585 -1
3569 42 2508 2565 -1
3589 5 2510 -1
3528 13 2565 -1
3591 13 2517 -1
3597 13 2565 -1
3607 24 2516 2535 -1
3611 22 2510 -1
3614 205 2507 2508 2516 2535 2576 2592 -1
3615 144 2508 2516 2535 2544 2592 2595 -1
3622 22 2510 2544 2585 -1
3624 64 2516 2544 2565 2595 -1
3630 32 2585 -1
3631 91 2517 2535 2544 -1
3633 48 2508 2565 2585 -1
3635 63 2535 2595 -1
3636 11 2508 2576 -1
3637 4 2592 -1
3641 212 2507 2516 2544 2565 2576 -1
3642 362 2507 2535 2576 -1
3647 13 2585 -1
3658 39 2510 2585 -1
3659 38 2544 2585 -1
3660 87 2508 2516 2535 2544 2565 -1
3665 20 2535 -1
3666 144 2506 2517 2535 2544 -1
3673 5 2510 -1
3678 17 2565 -1
3682 75 2508 2565 -1
3709 7 2585 -1
3723 7 2508 -1
3724 93 2508 2516 2544 2565 2585 2595 -1
3728 85 2506 2508 2516 -1
3748 30 2516 -1
3754 6 2565 -1
3761 2 2535 -1
3767 16 2565 -1
3770 22 2535 -1
3785 18 2565 -1
3786 99 2535 2576 -1
3787 232 2506 2516 2517 2535 2565 -1
3792 27 2516 -1
3796 113 2516 2576 2592 -1
3794 46 2565 2592 -1
3798 23 2508 2535 -1
3799 6 2585 -1
3804 5 2506 -1
3806 45 2565 -1
3812 53 2506 2595 -1
3813 94 2516 2565 -1
3814 47 2506 -1
3815 20 2506 2544 2595 -1
3830 20 2516 2565 -1
3839 5 2544 -1
3842 15 2508 -1
3843 18 2565 -1
3850 2 2565 -1
3851 2 2565 -1
3854 82 2516 -1
3897 9 2565 -1
3902 43 2517 -1
3904 1 2544 -1
3905 2 2544 -1
3906 1 2544 -1
3907 1 2544 -1
3910 33 2535 -1
3912 17 2508 2585 -1
3916 42 2585 -1
3917 29 2585 -1
3918 4 2585 -1
3919 15 2585 -1
3920 6 2585 -1
3924 5 2508 -1
3927 1 2508 -1
3928 2 2508 -1
3929 2 2508 -1
3930 5 2508 -1
3931 1 2508 -1
3932 4 2508 -1
3948 26 2565 -1
3949 30 2506 2595 -1
3956 85 2535 2576 -1
3959 2 2535 -1
3960 23 2516 2535 -1
3961 16 2535 2595 -1
3965 89 2535 2576 -1
3969 90 2535 2565 -1
3971 7 2535 -1
3976 145 2517 2535 2565 2589 -1
3979 3 2535 -1
3981 1 2535 -1
3987 1 2535 -1
3982 20 2535 -1
3989 2 2535 -1
3983 4 2535 -1
3984 2 2535 -1
3990 1 2535 -1
3985 32 2511 2535 -1
3986 1 2535 -1
3999 2 2595 -1
4005 1 2595 -1
4013 21 2535 2565 -1
4036 147 2506 2516 2576 -1
4040 104 2506 2535 2576 -1
4045 257 2507 2511 2516 2517 2565 2592 -1
4046 89 2511 2517 2565 -1
4053 2 2506 -1
4055 3 2506 -1
4056 23 2506 -1
4057 1 2506 -1
4077 77 2517 2565 2592 -1
4065 131 2565 -1
4070 111 2516 2565 2576 -1
4071 17 2507 -1
4073 115 2516 2535 2592 -1
4074 33 2565 -1
4099 155 2516 2535 2592 -1
4076 86 2516 2535 -1
4124 50 2565 -1
4138 64 2516 2565 -1
4142 37 2517 2565 -1
4151 84 2516 2592 -1
4152 43 2565 2592 -1
4187 9 2576 -1
3995 57 2516 2535 -1
4211 65 2516 2565 -1
4212 53 2516 -1
4219 112 2516 2517 2592 -1
4222 41 2516 -1
4224 17 2517 -1
4221 42 2535 -1
4245 2 2516 -1
4276 52 2507 2516 2592 -1
4295 17 2565 -1
4297 38 2535 -1
4324 8 2565 -1
4325 3 2565 -1
4326 7 2565 -1
4327 2 2565 -1
4328 1 2565 -1
4329 12 2516 2565 -1
4338 40 2535 -1
4335 32 2535 -1
4342 10 2592 -1
4353 80 2516 -1
4363 22 2516 -1
4379 5 2516 -1
4416 11 2535 -1
4429 12 2517 -1
4437 70 2517 2565 -1
4441 202 2517 2592 -1
4442 18 2516 -1
4443 7 2516 -1
4483 153 2592 -1
4486 20 2552 -1
4488 50 2535 -1
4489 15 2535 -1
4534 19 2516 -1
4550 100 2516 -1
4557 16 2507 -1
4564 33 2535 -1
4574 40 2516 -1
4587 27 2535 2592 -1
4487 31 2516 -1
4632 228 2535 -1
4633 12 2517 -1
4652 8 2516 -1
4653 114 2516 2552 2592 -1
4661 19 2517 -1
4662 46 2576 -1
4647 11 2565 -1
4673 96 2535 -1
4686 57 2516 -1
4717 62 2516 2565 -1
4712 121 2535 2565 -1
4725 36 2592 -1
4733 4 2517 -1
4756 34 2576 -1
4781 27 2516 -1
4792 62 2565 -1
4818 28 2516 -1
4824 101 2516 2576 -1
4843 24 2565 -1
4859 30 2516 -1
4846 34 2592 -1
4879 28 2565 -1
4899 169 2516 2576 2592 -1
4929 9 2516 -1
4948 214 2576 2592 -1
4964 60 2516 -1
4966 25 2576 -1
4967 361 2507 2511 2516 2565 2576 2592 -1
4974 44 2576 -1
4980 16 2516 -1
4982 43 2516 -1
4988 23 2516 2592 -1
4994 19 2589 -1
5002 115 2511 2565 -1
5006 28 2516 -1
5008 27 2516 -1
5009 14 2592 -1
5022 172 2535 -1
5020 139 2516 2565 -1
5053 52 2511 -1
5079 271 2516 2535 2565 2576 -1
5102 54 2565 -1
5109 1 2516 -1
5111 7 2516 -1
5110 84 2516 2592 -1
5112 1 2516 -1
4828 168 2516 2565 -1
5119 18 2592 -1
5123 69 2535 -1
5140 51 2592 -1
5142 4 2592 -1
5150 13 2576 -1
5173 122 2565 -1
5175 35 2516 2576 -1
4795 73 2511 -1
5176 139 2507 2516 2552 2576 -1
4310 278 2507 2516 2576 -1
5179 217 2535 2565 2576 -1
5180 49 2507 2576 -1
5181 41 2516 2552 -1
5184 68 2516 2576 -1
5185 152 2535 -1
5188 211 2511 2516 2535 -1
5189 312 2516 2535 2552 2576 -1
5190 80 2516 2576 -1
5199 22 2535 -1
5207 13 2592 -1
5263 75 2507 2516 2576 -1
5285 21 2516 -1
5312 9 2516 -1
5391 37 2516 -1
5404 40 2535 -1
5423 48 2535 -1
5437 26 2507 -1
5445 63 2507 -1
5479 28 2535 -1
5487 30 2535 -1
5462 19 2552 -1
5524 389 2565 -1
5531 243 2565 -1
5532 26 2535 -1
5543 137 2507 2511 2535 2565 2589 -1
5600 8 2535 -1
5606 28 2576 -1
5608 16 2516 2535 -1
5612 66 2535 -1
5617 22 2565 -1
5624 28 2507 -1
5630 36 2516 -1
5644 21 2516 -1
5655 139 2511 -1
5647 8 2576 -1
5696 50 2535 -1
5697 230 2507 2565 -1
5714 44 2576 -1
5717 1 2576 -1
5739 45 2507 -1
5773 75 2511 2565 2589 -1
5796 191 2535 2565 -1
5800 222 2565 2589 -1
5802 385 2511 2565 2589 -1
5806 83 2565 -1
5810 29 2535 -1
5812 41 2535 -1
5814 144 2535 -1
5816 84 2535 2565 -1
5817 75 2511 2535 -1
5819 61 2507 -1
5821 22 2565 -1
5824 41 2565 -1
5857 92 2535 -1
4767 14 2535 2565 -1
5908 19 2535 -1
5934 42 2535 -1
5998 81 2511 2565 -1
6006 68 2535 -1
6032 80 2565 -1
6082 18 2535 -1
6146 9 2535 -1
6196 2 2535 -1
6201 2 2535 -1
6207 4 2535 -1
6241 75 2565 -1
6245 8 2565 -1
6280 52 2565 -1
6286 3 2535 -1
6295 3 2565 -1
6299 78 2535 2565 -1
6305 190 2511 -1
4406 1 2535 -1
5995 2 2535 -1
6355 1 2535 -1
6356 2 2535 -1
6414 21 2565 -1
6443 70 2565 -1
6461 6 2565 -1
6486 85 2511 -1
6518 33 2589 -1
6525 17 2565 -1
6555 35 2589 -1
6563 58 2565 -1
6596 177 2565 -1
6618 91 2565 -1
6619 104 2511 2589 -1
6615 160 2511 2565 -1
6616 18 2565 -1
6624 135 2511 2565 -1
6714 100 2565 -1
6790 11 2565 -1
6848 14 2565 -1
6855 14 2565 -1
6620 93 2511 2565 -1
6902 28 2511 -1
6913 44 2511 2565 -1
6906 49 2511 -1
6907 191 2511 -1
6934 65 2565 -1
6976 41 2511 -1
6991 18 2565 -1
7011 3 2565 -1
7052 142 2565 -1
7056 37 2565 -1
7057 118 2565 -1
7063 16 2565 -1
7064 3 2565 -1
7065 1 2565 -1
7080 70 2511 -1
7090 11 2565 -1
7126 3 2511 -1
7142 4 2511 -1
7172 2 2511 -1
7173 2 2511 -1
7228 7 2565 -1
7231 101 2565 -1
7362 8 2565 -1
7378 38 2565 -1
7564 31 2565 -1
7569 4 2565 -1
7580 19 2565 -1
7605 3 2565 -1
5910 1 2565 -1