6 302 6965 -1
24 309 6948 6955 -1
36 227 6955 -1
29 150 6913 6946 -1
72 164 6979 -1
86 122 6914 6930 -1
71 109 6914 -1
87 195 6930 -1
99 24 6918 -1
103 68 6946 6967 -1
68 275 6914 -1
109 190 6901 6913 6914 6934 6946 6951 6955 6979 6980 -1
136 99 6913 6938 6953 6997 -1
143 94 6979 -1
155 28 6923 6993 -1
173 334 6994 -1
166 93 6945 6948 -1
231 50 6930 -1
311 321 6918 6979 -1
319 199 6913 6930 -1
395 42 6904 6934 6976 -1
406 34 6979 -1
425 79 6979 6982 -1
457 732 6901 6907 6913 6930 -1
583 26 6914 -1
600 214 6946 -1
643 46 6934 -1
691 24 6930 -1
727 32 6913 -1
737 232 6913 6917 6924 6930 6933 6934 6945 6946 6948 6953 6976 6979 6993 6994 -1
766 773 6901 6907 6930 6934 6946 6976 6980 -1
791 41 6914 -1
856 91 6914 6946 -1
896 26 6934 6979 -1
909 12 6953 -1
948 29 6907 -1
967 16 6918 6946 -1
988 292 6946 6980 -1
1000 60 6946 -1
1041 49 6934 6979 -1
1051 46 6955 -1
1055 196 6979 -1
1074 95 6930 -1
1098 305 6913 6914 6917 6934 6938 6946 6953 6955 6967 6976 6979 6980 6982 -1
1132 57 6914 6979 -1
1151 472 6914 6955 -1
1166 599 6914 6918 6934 6946 6948 6953 6979 6982 6994 -1
1204 61 6980 -1
1210 218 6901 6930 6934 -1
1365 7 6914 -1
1374 462 6914 6918 6934 6946 6980 -1
1496 210 6914 -1
1542 244 6914 6955 -1
1549 587 6979 -1
1612 68 6901 6918 6934 6946 6993 -1
1644 48 6914 -1
1667 55 6923 -1
1691 50 6914 -1
1748 76 6993 -1
1823 49 6979 -1
1835 73 6930 -1
1982 29 6948 6994 -1
2059 4 6907 6980 -1
2120 122 6980 -1
2145 145 6901 -1
2186 61 6913 -1
2192 5 6914 -1
2240 108 6913 -1
2249 38 6913 6976 -1
2297 164 6914 6979 -1
2330 2 6914 -1
2369 189 6955 -1
2440 50 6918 -1
2481 8 6955 -1
2485 324 6914 6934 6976 -1
2504 100 6918 -1
2506 46 6979 -1
2549 70 6914 -1
2560 180 6918 6980 -1
2565 893 6901 6907 6913 6914 6918 6923 6930 6933 6934 6942 6945 6946 6948 6953 6955 6976 6979 6980 6982 6993 6994 -1
2576 146 6918 6980 -1
2623 108 6994 -1
2619 46 6914 6955 6980 -1
2620 24 6901 -1
2658 307 6907 6946 6976 6979 -1
2677 40 6913 6930 6946 6953 6979 -1
2688 618 6901 -1
2693 149 6901 6955 -1
2697 45 6976 -1
2790 173 6945 6953 -1
2831 39 6913 -1
2851 44 6955 6980 -1
2855 16 6979 -1
2972 357 6930 6942 6946 6955 6982 6994 -1
2707 103 6913 6976 -1
3027 39 6948 -1
3032 216 6918 -1
3057 48 6979 -1
3073 34 6907 6918 -1
3084 62 6980 -1
2003 63 6918 -1
3142 49 6918 6946 -1
3258 95 6979 6980 -1
3297 51 6918 -1
3366 63 6914 -1
3378 41 6934 -1
3380 42 6918 6946 -1
3381 180 6901 6907 6913 6918 6930 6934 6945 6948 6955 6976 -1
3439 88 6930 -1
3447 271 6907 6913 6914 6920 6934 6946 6953 6955 6979 6997 -1
3453 319 6979 -1
3456 241 6907 -1
3457 166 6914 -1
3478 42 6918 -1
3498 114 6918 -1
3527 64 6994 -1
3586 156 6907 6913 6914 6930 6934 6942 6976 6979 -1
3600 12 6946 -1
3631 91 6918 -1
3634 82 6976 -1
3641 212 6901 6930 6934 6948 6955 -1
3642 362 6901 6913 6914 6918 6924 6930 6934 6946 6948 6953 6994 -1
3655 9 6918 -1
3662 10 6914 -1
3665 20 6946 -1
3691 95 6917 6934 6938 6945 -1
2067 3 6914 -1
3571 45 6976 6979 -1
3764 10 6953 6955 6979 -1
3772 1 6930 -1
3775 12 6979 -1
3787 232 6934 6948 6979 -1
3812 53 6946 -1
3813 94 6914 -1
3910 33 6918 6946 -1
3916 42 6914 -1
3965 89 6976 -1
3976 145 6997 -1
4036 147 6907 6918 6946 -1
4040 104 6914 6934 6980 -1
4045 257 6901 6930 -1
4046 89 6917 6980 6994 -1
4065 131 6946 -1
4071 17 6930 -1
4099 155 6913 6934 6951 6979 -1
4110 4 6914 -1
4076 86 6914 -1
4151 84 6914 -1
4164 3 6907 -1
4221 42 6934 -1
4318 3 6914 -1
4335 32 6980 -1
4347 55 6914 6918 -1
4361 6 6946 -1
4364 39 6979 -1
4437 70 6907 6945 6946 6955 6976 6979 -1
4441 202 6934 6980 -1
4483 153 6914 6934 6946 6955 6979 -1
4488 50 6918 -1
4534 19 6914 -1
4536 81 6907 -1
4550 100 6938 6945 6948 6953 6955 6979 6982 -1
4616 7 6930 -1
4632 228 6914 6933 6934 6946 6948 6955 6976 6979 -1
4662 46 6946 -1
4647 11 6907 -1
4669 13 6913 6953 -1
4717 62 6979 -1
4712 121 6942 6955 6967 6994 -1
4764 53 6901 -1
4792 62 6938 -1
4824 101 6913 6976 -1
4879 28 6907 -1
4899 169 6946 -1
4924 10 6913 -1
4943 31 6913 6914 6976 6980 -1
4948 214 6907 6914 6946 -1
4967 361 6901 6920 6930 6945 6946 6950 6955 6976 -1
4974 44 6913 -1
4981 53 6979 -1
4988 23 6918 -1
4989 7 6946 -1
5002 115 6914 6946 6948 6979 6980 -1
5016 10 6914 -1
5022 172 6930 6933 6934 6938 6945 6948 6953 6955 6979 -1
5020 139 6994 -1
5028 43 6907 -1
5053 52 6907 6934 6955 6980 -1
5059 26 6913 6946 -1
5079 271 6913 6934 6946 6948 6976 -1
5106 33 6980 -1
5102 54 6918 6980 -1
5103 127 6914 -1
4828 168 6901 6913 6930 6938 6942 6953 6955 6979 6982 6994 -1
5166 48 6930 6979 -1
5172 29 6979 -1
5173 122 6907 6918 6946 6976 6979 -1
4795 73 6913 6914 6979 6980 -1
5177 101 6934 6979 -1
4310 278 6907 6913 6945 6946 6979 6980 -1
5179 217 6907 6913 6918 6945 6946 6948 6979 6982 -1
5185 152 6930 6933 6934 6938 6945 6946 6948 6953 6955 6967 -1
5188 211 6901 6913 6918 6930 6945 6955 6976 -1
5189 312 6913 6918 6946 6979 6994 -1
5200 15 6979 -1
5201 15 6980 -1
5203 15 6950 -1
5217 21 6907 6934 -1
5233 24 6914 -1
5246 44 6976 6993 -1
5254 33 6946 -1
5316 24 6913 -1
5342 30 6913 6979 -1
5378 17 6946 -1
5391 37 6979 -1
5401 3 6976 -1
5423 48 6953 -1
5439 66 6920 6930 -1
5445 63 6914 6979 -1
5446 26 6914 -1
5479 28 6948 -1
5485 21 6914 -1
5487 30 6914 -1
5524 389 6901 6907 6913 6914 6918 6930 6934 6945 6946 6955 6976 6979 6980 6993 -1
5531 243 6901 6907 6913 6930 6933 6946 -1
5543 137 6901 6930 6945 6953 6955 6979 6982 -1
5550 11 6946 -1
5553 46 6914 6930 6979 -1
5580 2 6924 -1
5582 105 6913 6955 6976 -1
5604 7 6945 -1
5612 66 6948 6979 -1
5630 36 6901 6930 -1
5646 2 6953 -1
5655 139 6923 6976 6994 -1
5658 10 6980 -1
5671 3 6979 -1
5692 21 6913 -1
5697 230 6901 6930 6955 6979 6994 -1
5714 44 6930 -1
5739 45 6901 6934 -1
5775 42 6914 6934 6946 -1
5773 75 6913 6914 6934 6955 6976 6982 -1
5796 191 6901 6913 6934 6953 6955 6976 6980 -1
5800 222 6907 6913 6914 6918 6924 6934 6938 6946 6950 6953 6967 6976 6979 6980 6982 6993 6994 -1
5802 385 6901 6907 6913 6914 6934 6938 6942 6945 6946 6948 6953 6955 6967 6976 6979 6980 6993 6994 -1
5806 83 6907 6923 6980 -1
5804 33 6914 -1
5810 29 6907 -1
5811 79 6901 6930 6934 6945 6950 6953 6979 6994 -1
5812 41 6901 6979 -1
5814 144 6913 6914 6917 6924 6946 6967 6979 6980 6982 6987 -1
5816 84 6948 6955 -1
5817 75 6953 6955 6976 6979 6980 -1
5819 61 6980 -1
5822 98 6913 6923 6934 -1
5824 41 6901 6930 6946 6994 -1
5827 15 6913 -1
5839 41 6934 -1
5857 92 6901 6914 6933 6946 6948 -1
5862 24 6945 6955 -1
5872 27 6907 -1
5896 10 6993 -1
5908 19 6942 -1
5915 52 6914 -1
5871 50 6980 -1
5920 10 6918 6946 -1
5934 42 6901 -1
5966 7 6946 -1
5998 81 6914 6934 6946 -1
6006 68 6907 6914 6918 6945 -1
6016 10 6914 -1
6020 25 6980 -1
6032 80 6901 6913 6918 6930 6946 6955 6980 -1
6045 7 6946 -1
6072 54 6914 6946 -1
6177 2 6934 -1
6180 3 6907 -1
6198 14 6979 -1
6204 12 6901 6930 -1
6218 53 6913 6914 -1
6241 75 6976 -1
6242 5 6930 -1
6270 88 6901 6913 6930 6942 6946 6953 6955 6979 6994 -1
6272 76 6914 6946 6955 6976 6979 -1
6280 52 6946 -1
6299 78 6901 6907 6934 6953 6979 -1
6305 190 6918 6930 6934 6979 6994 -1
6323 44 6930 6976 6979 -1
6132 2 6950 -1
6325 5 6979 -1
6359 81 6901 6913 6930 6934 6976 -1
6360 35 6994 -1
6327 108 6901 6913 6917 6976 6979 6994 -1
6398 29 6955 -1
6414 21 6913 6914 6918 -1
6422 11 6983 -1
6421 23 6934 6993 -1
6443 70 6913 6914 6918 -1
6445 7 6914 -1
6458 28 6907 6930 -1
6456 3 6930 -1
6486 85 6907 6913 6976 6994 -1
6488 22 6982 -1
6494 101 6914 6920 6933 6938 6946 6955 6979 6982 6993 -1
6500 8 6930 -1
6501 17 6918 -1
6502 12 6914 -1
6510 54 6913 6934 6946 -1
6518 33 6976 6980 6994 -1
6523 33 6934 6948 6976 -1
6524 8 6914 -1
6525 17 6979 -1
6460 58 6946 6993 -1
6538 21 6918 -1
6560 43 6913 6946 6976 6980 6994 -1
6563 58 6907 6934 6946 6979 6982 6994 -1
6577 10 6934 -1
6552 29 6979 -1
6595 12 6948 -1
6596 177 6913 6914 6918 6934 6946 6980 6993 -1
6612 7 6938 6953 -1
6618 91 6913 6924 6946 6955 6994 -1
6619 104 6913 6930 6934 6946 6955 6976 -1
6613 9 6948 -1
6615 160 6901 6913 6930 6945 6946 6955 6976 6979 6980 6994 -1
6616 18 6934 -1
6624 135 6907 6913 6914 6918 6934 6946 6980 -1
6627 50 6946 6953 6979 -1
6634 3 6946 -1
6635 9 6913 -1
6649 26 6901 6930 6934 -1
6609 7 6965 -1
6712 11 6933 -1
3293 10 6955 -1
6714 100 6913 6934 6946 6976 -1
6611 15 6913 6930 -1
6736 33 6901 6930 -1
6772 77 6901 6913 6914 6946 6976 6979 6980 -1
6774 24 6913 6993 -1
6781 8 6979 -1
6784 42 6901 6913 6920 6934 6942 -1
6804 6 6907 -1
6846 6 6930 -1
6848 14 6901 6913 -1
6620 93 6901 6930 6942 6945 6946 6948 6955 6976 6982 -1
6861 2 6930 -1
6865 19 6901 6913 6930 -1
6875 15 6980 -1
6896 4 6934 -1
6900 31 6918 6945 -1
6902 28 6901 6914 -1
6903 1 6904 -1
6913 44 6917 6946 -1
6914 95 6913 6946 6979 6993 -1
6906 49 6913 6976 -1
6907 191 6913 6914 6918 6934 6946 6976 6979 6994 -1
6916 54 6907 6914 6946 6980 -1
6917 3 6994 -1
6911 5 6976 -1
6918 29 6907 -1
6924 16 6907 -1
6929 1 6930 -1
6934 65 6907 6913 6914 6946 6955 6993 -1
6938 4 6934 -1
6941 57 6907 6913 6923 6976 -1
5529 39 6955 6979 -1
6949 5 6955 6979 -1
6953 1 6955 -1
6954 3 6955 6982 -1
6951 47 6979 6980 6993 -1
6961 2 6993 -1
6316 19 6907 6917 -1
6976 41 6914 6918 -1
6978 1 6979 -1
6981 1 6982 -1
6993 81 6913 6914 6976 6979 6980 -1
6996 1 6997 -1
7005 13 6914 -1
7012 10 6913 6914 -1
7024 3 6913 -1
7026 13 6918 6979 -1
7052 142 6907 6914 6923 6924 6934 6953 6979 -1
7045 36 6934 6980 -1
7053 31 6914 6993 -1
7054 40 6907 6934 -1
7047 161 6914 6918 6934 6946 6979 6980 6993 -1
7055 98 6907 6934 6946 6980 -1
7056 37 6980 6993 -1
7049 27 6980 -1
7057 118 6907 6914 6918 6924 6934 6946 6979 6980 6993 -1
7063 16 6907 6913 6914 -1
7064 3 6946 -1
7080 70 6946 6979 6980 -1
6946 68 6924 -1
7085 1 6946 -1
7087 2 6946 -1
7086 123 6907 6918 6946 -1
7084 1 6946 -1
7092 93 6914 6980 -1
5015 14 6979 -1
7099 18 6907 6913 6976 -1
7100 15 6913 6976 -1
7104 15 6913 6976 -1
7113 12 6946 -1
7117 7 6994 -1
7129 11 6993 -1
7131 24 6907 6914 -1
7132 30 6913 6914 -1
7153 12 6907 6914 -1
6994 19 6913 -1
7183 9 6914 6980 -1
7188 14 6976 -1
7217 1 6994 -1
7225 47 6914 6979 -1
7227 12 6923 -1
5143 16 6907 6913 -1
7231 101 6907 6914 6934 6980 -1
7232 1 6907 -1
7233 22 6907 6946 -1
7234 1 6907 -1
7235 1 6907 -1
7236 23 6907 6993 -1
7237 15 6907 -1
7238 9 6907 -1
7239 21 6907 -1
7241 21 6913 6914 6976 -1
7276 5 6913 -1
7277 4 6913 -1
7278 4 6913 6953 -1
7279 19 6913 -1
7280 89 6913 6918 6924 6946 -1
7293 4 6976 -1
5949 3 6976 -1
7296 1 6976 -1
7295 13 6914 6976 6980 -1
7301 27 6914 6918 6946 -1
7294 39 6979 6993 -1
7343 12 6914 -1
7352 15 6980 -1
7378 38 6918 6946 6980 -1
7391 52 6993 -1
7405 18 6946 6980 -1
7407 1 6946 -1
7425 7 6946 -1
7452 3 6914 -1
7180 4 6914 -1
4532 8 6979 -1
7490 27 6934 6993 -1
7471 9 6914 -1
7511 16 6946 -1
7564 31 6934 6946 -1
7415 6 6914 -1
7150 10 6914 -1
7578 28 6918 6946 6979 -1
7579 9 6914 -1
7580 19 6934 -1
7598 33 6914 6934 -1
7614 39 6914 -1
7647 4 6934 -1
7649 10 6979 -1
7659 6 6934 -1
7666 14 6924 6946 6980 -1
7675 25 6946 -1
7682 36 6914 6946 6979 -1
7691 19 6946 -1
7697 19 6980 -1
7701 3 6980 -1
7719 4 6914 -1
7720 1 6924 -1
7727 30 6946 6979 -1
7733 45 6914 6946 6979 -1
7740 1 6980 -1
7741 4 6980 -1
7742 1 6980 -1
7743 13 6914 6980 -1
7744 50 6914 6918 6979 -1
7747 8 6993 -1
7774 35 6918 -1
7808 12 6914 -1
7810 9 6993 -1
7818 23 6946 6979 -1
7833 4 6914 -1
7873 6 6914 -1
7874 4 6914 -1
7891 1 6914 -1
7892 1 6914 -1
7893 2 6914 -1
7372 1 6914 -1
7894 1 6914 -1
7900 27 6918 6946 -1
7901 30 6918 6946 -1
7902 21 6946 -1
7931 2 6979 -1
8012 7 6946 -1
8035 1 6946 -1
8077 2 6918 -1
8243 6 6924 -1