6 302 2651 -1
11 743 2604 2612 2619 2625 2643 2646 2653 2655 2657 2665 2669 2685 2686 2696 -1
14 114 2643 2653 -1
15 50 2643 2651 -1
20 187 2693 -1
21 76 2685 -1
24 309 2612 2619 2625 2660 2667 2696 2697 -1
36 227 2619 2620 2625 2651 2655 2685 2689 -1
42 89 2625 -1
44 44 2643 2652 -1
49 15 2643 -1
53 39 2657 2686 -1
56 24 2651 -1
60 9 2625 -1
27 102 2696 -1
66 44 2625 2651 -1
86 122 2643 -1
71 109 2646 -1
87 195 2623 -1
89 29 2657 -1
94 80 2643 -1
103 68 2667 2686 -1
68 275 2612 2618 2643 2653 2654 2697 -1
122 213 2619 2623 2625 2646 2651 2653 2654 2657 2660 2665 2667 2685 2693 2697 -1
113 89 2643 -1
127 132 2625 2643 2652 2654 2685 2687 -1
128 80 2625 2643 2651 2654 -1
132 29 2643 -1
143 94 2620 2625 -1
157 44 2657 -1
161 32 2619 2625 -1
172 123 2623 2625 2651 2653 2654 2660 2662 2686 2693 -1
180 54 2604 2625 2643 2657 -1
182 79 2625 2653 2696 2697 -1
185 4 2625 -1
203 31 2660 -1
215 100 2619 2625 2685 -1
236 39 2625 -1
255 86 2625 -1
259 56 2660 -1
275 56 2619 2625 2654 2669 2685 -1
285 6 2643 -1
290 71 2654 2697 -1
306 244 2646 2653 2654 2657 2660 2665 2686 2693 -1
310 230 2625 2643 2669 2685 2693 -1
311 321 2605 2625 2643 2654 2655 2660 2672 -1
315 77 2625 -1
319 199 2629 2660 2689 2696 -1
335 46 2612 -1
339 80 2651 -1
341 47 2625 2670 -1
348 21 2612 -1
346 86 2685 -1
356 18 2660 -1
367 5 2643 -1
371 117 2625 2643 2693 -1
383 45 2674 -1
406 34 2657 -1
407 145 2617 2625 2693 -1
425 79 2643 -1
432 157 2604 2643 2669 2696 -1
412 21 2625 -1
447 15 2685 -1
457 732 2605 2612 2620 2625 2651 2653 2654 2687 2689 2693 2696 -1
467 12 2625 -1
546 142 2625 2643 2660 -1
553 22 2654 -1
554 6 2654 2697 -1
556 121 2612 2623 2654 2657 -1
587 18 2625 -1
600 214 2617 2625 2643 2652 2660 -1
634 150 2618 2625 2653 2654 -1
646 17 2697 -1
635 66 2660 -1
637 25 2651 -1
643 46 2654 -1
649 40 2643 -1
650 98 2625 2655 2669 -1
662 2 2655 -1
664 13 2651 -1
663 158 2643 -1
689 47 2643 -1
695 118 2625 2643 2654 2686 -1
704 81 2625 2643 2655 2660 2662 -1
706 95 2625 -1
707 123 2625 2643 -1
710 105 2625 2651 2657 -1
722 264 2607 2618 2625 2629 2643 2647 2651 2653 2654 2662 2670 2697 -1
727 32 2643 -1
737 232 2620 -1
742 93 2669 -1
749 66 2651 2654 -1
763 68 2612 2625 2643 2651 2653 -1
764 34 2625 -1
766 773 2605 2617 2619 2623 2625 2646 2653 2654 2658 2660 2662 2667 2674 2685 2689 2693 2696 2697 -1
762 50 2651 -1
769 146 2625 2651 2660 -1
771 7 2643 -1
788 113 2654 -1
784 224 2617 2625 2643 2651 2653 2654 2660 2665 2685 2693 -1
789 317 2625 2643 2669 2689 2696 -1
798 16 2612 -1
802 4 2643 -1
805 90 2689 -1
813 272 2619 2643 2653 2654 2655 2660 2665 2669 2674 2687 2693 2696 -1
826 249 2617 2623 2625 2629 2638 2643 2651 2654 2662 2670 2697 -1
825 165 2619 2625 2653 2660 2667 2674 2686 -1
836 26 2625 -1
841 61 2618 2625 -1
844 45 2646 -1
842 30 2686 -1
854 99 2629 2638 2651 2660 -1
856 91 2619 2643 2651 2660 2662 2669 2674 2686 2693 -1
852 39 2653 -1
861 16 2625 2685 -1
865 97 2617 2625 2643 2654 2660 2669 2685 2687 -1
879 122 2612 2646 2653 2655 2657 2674 -1
904 119 2604 2643 -1
787 12 2651 -1
928 21 2646 -1
937 46 2625 -1
941 80 2618 -1
943 30 2654 -1
946 110 2619 2653 2654 2669 2670 2685 2689 2697 -1
947 27 2623 2625 2651 2689 -1
948 29 2619 2689 -1
950 9 2605 -1
954 34 2619 2643 -1
956 42 2669 -1
961 16 2625 2660 -1
974 36 2654 2667 -1
975 11 2625 -1
978 65 2625 -1
982 47 2625 2651 2693 -1
986 77 2625 -1
988 292 2612 2617 2619 2623 2625 2646 2651 2653 2654 2655 2657 2660 2662 2667 2674 2686 2693 2697 -1
993 238 2619 2625 2654 2655 2685 2686 2693 -1
994 45 2625 2654 -1
996 297 2620 2625 2651 2653 2654 2657 2665 2669 2685 2693 -1
1006 138 2651 -1
1009 44 2674 -1
1024 41 2625 2657 2696 -1
1029 135 2625 -1
1031 19 2619 -1
1034 33 2612 -1
1035 12 2697 -1
1039 6 2685 -1
1037 86 2625 2654 2665 -1
1042 41 2643 2665 2669 -1
1043 21 2660 -1
1044 9 2686 -1
1050 44 2617 2651 -1
1051 46 2660 -1
1055 196 2620 2625 2654 -1
1062 156 2653 2657 2685 2697 -1
1063 29 2658 -1
1075 74 2653 -1
1095 10 2697 -1
1097 88 2625 2651 2653 2685 -1
1098 305 2620 2625 2650 2651 2654 2658 2669 2672 2685 2697 -1
1100 2 2657 -1
1105 3 2654 -1
1102 15 2625 2654 -1
1124 20 2625 2685 -1
1125 37 2625 -1
1132 57 2651 -1
1133 399 2612 2625 2646 2651 2653 2696 2697 -1
1135 115 2617 2625 2685 -1
1137 135 2653 2696 2697 -1
1151 472 2604 2623 2625 2643 2654 2660 2665 2667 2669 2685 2686 2697 -1
1166 599 2604 2619 2623 2625 2643 2646 2650 2651 2653 2654 2658 2660 2662 2665 2669 2674 2685 2686 2693 -1
1167 158 2619 2625 2647 2650 2651 2662 2665 2685 2686 -1
1169 29 2619 2625 2643 -1
1200 107 2617 2618 2625 2647 2651 2654 2660 2697 -1
1202 66 2625 -1
1204 61 2651 2662 2696 -1
1210 218 2604 2625 2654 2657 2660 2669 2685 2697 -1
1211 79 2643 2653 -1
1212 4 2625 -1
1215 65 2604 2625 2643 -1
1221 77 2667 2685 -1
1228 11 2625 2651 2685 -1
1236 103 2625 2685 -1
1242 11 2685 -1
1247 77 2620 2625 2657 -1
1259 45 2623 2657 2660 2693 -1
1267 61 2619 2660 -1
1279 124 2654 2655 2674 -1
1282 8 2618 -1
1286 65 2619 2625 2651 2657 2686 -1
1293 33 2665 -1
1296 9 2625 -1
1297 76 2647 2653 2697 -1
1305 290 2617 2619 2623 2625 2646 2654 2657 2662 2667 2674 2686 2693 2696 2697 -1
1319 181 2625 2653 2662 2693 -1
1335 62 2605 2625 -1
1360 22 2625 2654 -1
1362 4 2643 -1
1357 91 2674 -1
1358 18 2654 -1
1367 40 2623 2653 2660 2667 2674 -1
1368 33 2654 2662 -1
1374 462 2623 2625 2643 2654 2658 2665 2685 2687 -1
1382 17 2654 2657 -1
1380 63 2625 -1
1381 52 2653 2696 2697 -1
1384 37 2653 2655 2660 2686 -1
1385 35 2612 -1
1390 32 2654 2665 -1
1395 199 2625 2667 2685 2686 2697 -1
1419 41 2617 2623 2657 2665 2669 2670 2685 -1
1424 52 2625 -1
1428 183 2617 2625 2629 2679 2685 2693 -1
1184 79 2643 -1
1457 5 2696 -1
1462 48 2625 2643 -1
1468 20 2646 -1
1466 24 2669 -1
1470 156 2620 2625 2653 2662 -1
1474 2 2657 -1
1487 117 2619 2623 2625 2638 2643 2651 2665 2669 -1
1492 157 2612 2618 2619 2653 -1
1495 10 2651 -1
1496 210 2605 2618 2625 2646 2657 2660 2667 2685 -1
1500 48 2604 2625 2660 -1
1501 38 2651 2662 -1
1506 41 2654 2674 -1
1504 6 2651 -1
1521 99 2625 2653 2685 -1
1522 139 2618 2619 2625 2643 2651 2653 2654 2665 2667 -1
1538 81 2618 2643 2653 2665 -1
1537 68 2625 2655 2693 -1
1542 244 2646 2654 2658 2689 -1
1552 81 2604 2617 2625 2651 -1
1547 28 2607 2625 2629 2651 2669 -1
1549 587 2604 2605 2607 2618 2619 2623 2625 2629 2643 2650 2651 2653 2654 2655 2657 2660 2662 2665 2667 2669 2670 2685 2686 2687 2693 2697 -1
1550 42 2612 -1
1555 79 2604 2625 2665 -1
1566 46 2638 2653 2665 2685 2696 -1
1583 87 2618 2625 2643 2654 2660 2665 2669 2670 2697 -1
1585 102 2604 -1
1592 30 2625 2654 -1
1596 29 2625 2693 -1
1608 355 2604 2617 2625 2643 2653 2654 2662 2669 2685 2697 -1
1614 73 2625 2654 -1
1621 80 2625 2646 2651 -1
1623 39 2625 2685 2693 -1
1639 36 2651 2686 -1
1644 48 2651 -1
1661 66 2658 -1
1564 27 2618 -1
1668 5 2685 -1
1684 9 2625 2651 -1
1691 50 2657 -1
1701 112 2620 2625 2643 2686 -1
1697 70 2643 -1
1700 93 2607 2618 2638 2643 2646 2650 2665 2669 -1
1709 6 2643 -1
1717 96 2625 2669 2674 -1
1688 25 2653 -1
1732 18 2651 -1
1730 45 2625 2643 -1
1733 42 2651 2657 -1
1734 55 2625 2696 -1
1744 8 2657 -1
1748 76 2643 2665 2669 -1
1749 68 2604 2625 2643 2651 2653 2654 2662 2674 -1
1754 23 2625 -1
1762 47 2620 -1
1767 97 2620 2625 2654 2678 2686 -1
1769 67 2617 2619 2625 2643 2654 2655 2697 -1
1772 141 2618 2619 2625 2638 2647 2670 2685 -1
1777 1 2625 -1
1781 6 2625 2657 -1
1751 35 2625 2651 2654 -1
1783 57 2618 2625 2653 -1
1792 31 2625 -1
1799 48 2655 2697 -1
1811 43 2625 2643 2651 2654 2693 -1
1803 19 2697 -1
1808 129 2604 2605 2629 2645 2646 2651 2652 2669 -1
1813 41 2655 -1
1814 105 2620 2625 2651 2653 2654 2657 2660 2697 -1
1816 10 2625 -1
1820 90 2625 2643 2645 2654 2660 2665 2685 2686 2693 2697 -1
1835 73 2625 2660 -1
1837 28 2617 2654 2697 -1
1833 6 2654 -1
1847 47 2625 2693 -1
1875 33 2619 2625 2686 2693 -1
1885 44 2617 2619 2625 2655 2657 2697 -1
1891 36 2618 2619 2625 -1
1896 51 2650 2651 2696 -1
1919 112 2617 2625 -1
1922 204 2604 2607 2617 2618 2623 2625 2646 2647 2650 2654 2665 2669 2670 2697 -1
1925 22 2651 2654 -1
1928 7 2654 -1
1931 15 2654 -1
1943 3 2625 -1
1948 14 2625 -1
1951 29 2625 2653 2657 2686 -1
1961 5 2654 -1
1966 18 2686 -1
1967 31 2693 -1
1972 181 2619 2620 2623 2625 2651 2653 2654 2655 2657 2660 2667 2674 2686 2693 2697 -1
1977 34 2685 -1
1980 47 2623 2625 2685 -1
1985 56 2623 2625 2643 2646 2655 2674 -1
1990 36 2693 -1
1991 66 2625 2665 2685 -1
1992 16 2625 2665 -1
1997 88 2604 -1
1794 26 2625 -1
2001 39 2625 -1
2009 63 2646 2651 2660 2669 -1
2010 27 2658 -1
2016 13 2643 2653 2697 -1
2033 22 2654 -1
2037 8 2643 -1
698 11 2653 -1
2049 3 2657 -1
2062 121 2625 2651 2654 2693 -1
2063 21 2625 2643 2685 -1
2065 50 2619 2623 2660 -1
2069 17 2685 -1
2071 7 2625 -1
2072 121 2604 2618 2619 2625 2643 2665 2669 -1
2085 28 2685 -1
2091 8 2643 -1
2093 55 2604 2607 2625 2643 2685 -1
2097 7 2607 -1
2102 45 2638 -1
2108 4 2625 2651 -1
2114 39 2617 2625 -1
2115 16 2645 -1
2119 5 2625 -1
2118 113 2617 2651 2653 2655 2657 2667 2685 2693 2696 -1
2120 122 2607 2619 2625 2650 2657 2667 -1
2127 3 2625 -1
2129 44 2625 2657 -1
2133 129 2604 2619 2625 2643 2646 2665 2669 2685 -1
2135 146 2625 2651 2654 2657 2658 2693 -1
2144 23 2653 -1
2145 145 2620 2651 -1
2156 41 2670 -1
2169 32 2669 2685 -1
2171 16 2651 2660 -1
2172 29 2685 -1
2174 65 2607 2618 2619 2620 2625 2651 -1
2176 17 2651 2654 2662 -1
2178 3 2625 -1
2186 61 2665 -1
2206 14 2672 -1
2209 31 2657 -1
2224 3 2625 -1
2225 34 2625 2651 -1
2234 14 2654 -1
2230 49 2619 2625 2638 2651 2654 2685 -1
2231 66 2604 2607 2618 2629 2643 2650 2657 2670 -1
2229 143 2604 2607 2612 2625 2629 2646 2651 2654 2662 2674 2697 -1
2232 12 2618 2629 2647 -1
2233 36 2604 2625 -1
2236 75 2625 2651 2654 2662 2697 -1
2237 241 2612 2619 2646 2651 2654 2657 2660 2667 2674 2686 2693 2696 2697 -1
2241 14 2604 2665 -1
2240 108 2625 2651 2657 2665 -1
2041 6 2654 -1
2249 38 2618 2625 -1
2251 25 2625 2651 2654 -1
2252 22 2652 2654 2674 2693 -1
2256 247 2619 2625 2647 2650 2651 2652 2654 2657 2667 2669 2670 2685 2687 -1
2257 49 2667 2686 -1
2258 95 2605 2625 -1
2153 4 2625 -1
2264 58 2654 2697 -1
2274 48 2625 2654 -1
2281 2 2625 -1
2285 17 2625 -1
2290 120 2619 2651 2652 2653 2654 2655 2657 2660 2667 2674 2686 2687 2693 -1
2289 14 2669 -1
2294 9 2619 2625 2638 2665 -1
2297 164 2619 2625 2651 2654 2657 2660 2667 2685 2693 -1
2298 48 2646 2654 -1
2299 67 2619 2620 2625 2651 2665 2687 -1
2322 19 2619 2625 2643 -1
2323 111 2625 2651 2653 2654 2657 2660 -1
2326 252 2612 2619 2623 2646 2653 2654 2655 2657 2660 2667 2674 2686 2687 2693 -1
2328 215 2604 2619 2620 2643 2652 2653 2654 2657 2660 2665 2667 2669 2685 2693 -1
2332 36 2625 2651 2653 2657 -1
2342 5 2651 -1
2343 7 2643 2650 -1
2349 2 2625 -1
2272 31 2619 2625 2643 2651 2654 -1
2357 12 2625 -1
2360 3 2653 -1
2364 14 2660 2667 -1
2365 77 2618 2646 2651 2657 2660 2665 2685 -1
2366 7 2625 2643 2665 -1
2367 8 2604 2625 2643 -1
2338 6 2654 -1
2371 124 2625 2646 2653 2654 2657 2662 2696 2697 -1
2375 49 2612 2685 -1
2376 26 2620 -1
2381 71 2625 2643 2651 -1
2384 72 2625 -1
2398 62 2619 2625 2638 2651 2655 2660 2686 -1
2306 4 2643 -1
2411 141 2653 2654 2657 2660 2667 2674 2686 2687 -1
2414 6 2625 2643 -1
2416 37 2647 -1
2417 7 2643 -1
2113 7 2625 2685 -1
2427 11 2629 -1
2435 35 2618 2625 2654 2657 -1
2440 50 2654 -1
2472 75 2618 2662 2685 2697 -1
2473 103 2625 2662 2669 2685 2697 -1
2476 35 2617 -1
2478 6 2650 -1
2485 324 2605 2619 2625 2646 2647 2653 2654 2655 2657 2660 2667 2674 2686 2696 -1
2488 21 2625 -1
2497 38 2625 2657 2662 2685 2693 -1
2500 3 2629 -1
2502 30 2655 2660 -1
2503 2 2607 -1
2504 100 2605 2619 2655 2660 -1
2506 46 2657 2658 -1
2507 69 2617 2625 2651 2693 -1
2508 13 2625 2669 -1
2509 11 2619 2625 2638 2685 -1
2510 68 2617 2625 2651 2654 2660 2674 2693 -1
2516 44 2605 2657 -1
2527 2 2625 -1
2541 37 2617 2625 2651 -1
2542 93 2623 2660 2693 -1
2546 34 2638 2654 2660 2665 2674 2693 -1
2547 105 2625 2646 2653 2654 2660 2662 2667 2674 2687 -1
2548 12 2646 2657 -1
2550 26 2697 -1
899 24 2618 -1
2566 32 2654 2660 2674 -1
2557 77 2618 -1
2559 82 2617 2625 2651 2654 2662 2674 -1
2560 180 2617 2619 2646 2653 2654 2655 2686 -1
2564 50 2657 2660 2693 -1
2565 893 2605 2612 2617 2623 2625 2646 2647 2651 2652 2653 2654 2655 2657 2658 2660 2662 2667 2674 2686 2687 2689 2693 2696 2697 -1
2572 7 2607 2629 -1
2574 2 2625 -1
2576 146 2620 2625 2646 2651 2654 2660 2662 2674 2687 2689 2693 2697 -1
2578 12 2617 2625 -1
2587 12 2617 2625 -1
2583 2 2625 -1
2585 60 2625 2651 2653 -1
2586 2 2643 -1
2593 32 2625 2654 2693 -1
2594 45 2619 2625 2665 -1
2595 49 2625 2657 2665 -1
2596 13 2625 2643 -1
2598 7 2625 2643 -1
2474 142 2617 2618 2619 2625 2638 2646 2650 2651 2654 2662 2665 2669 2670 2685 2697 -1
2599 9 2665 -1
2603 1 2604 -1
2605 64 2620 2625 -1
2606 1 2625 -1
2607 1 2625 -1
2608 14 2625 -1
2609 7 2620 2625 -1
2610 1 2625 -1
2611 7 2617 2625 -1
2612 29 2625 -1
2613 25 2625 2674 2686 -1
2614 5 2625 -1
2615 2 2625 -1
2616 1 2625 -1
2617 22 2625 2667 2697 -1
2618 53 2625 2646 2651 2653 2657 2660 2665 2669 -1
2623 108 2620 2625 2652 2653 2667 -1
2619 46 2625 2657 2665 2697 -1
2620 24 2618 2625 2665 -1
2633 1 2643 -1
1863 1 2643 -1
2634 1 2643 -1
2635 1 2643 -1
2636 1 2643 -1
2637 1 2643 -1
2639 1 2643 -1
2640 1 2643 -1
2638 1 2643 -1
2641 1 2643 -1
2642 1 2643 -1
2644 1 2645 -1
2646 39 2617 2620 2625 2665 -1
2649 1 2650 -1
2651 269 2612 2619 2623 2625 2652 2653 2657 2660 2662 2665 2667 2686 2693 -1
2653 113 2619 2625 2652 2654 2657 2660 2674 2686 2693 2696 -1
2655 49 2652 2660 -1
2656 1 2652 -1
2657 44 2625 2652 2654 2693 -1
2658 307 2652 2653 2654 2657 2674 2686 2687 2689 2693 2696 -1
2659 12 2652 2655 2674 2687 -1
2661 1 2665 -1
2662 2 2665 -1
2663 2 2665 -1
2664 1 2665 -1
2668 1 2669 -1
2672 13 2685 -1
2674 103 2619 2623 2625 2651 2654 2660 2686 2693 2697 -1
2676 7 2618 -1
2682 1 2685 -1
2683 13 2651 2685 -1
2684 1 2685 -1
2708 9 2651 -1
2699 74 2653 2655 2657 2660 2662 2667 -1
2700 168 2612 2619 2623 2625 2653 2654 2655 2657 2660 2667 2674 2686 2693 -1
2701 19 2651 2654 -1
2686 156 2619 2620 2623 2625 2651 2653 2654 2657 2660 2662 2667 2697 -1
2687 13 2651 2657 2662 -1
2702 80 2651 -1
2703 61 2623 2625 2651 2660 -1
2688 618 2605 2612 2617 2619 2620 2623 2625 2646 2651 2653 2654 2655 2657 2660 2662 2667 2674 2686 2687 2693 2696 2697 -1
2704 75 2625 2654 2662 2693 2697 -1
2660 164 2605 2625 2651 2653 2654 2657 2686 2693 2697 -1
2689 38 2657 -1
2667 126 2651 -1
2690 26 2625 2651 2654 2662 -1
2691 44 2625 2658 2660 -1
2692 19 2625 2651 -1
2693 149 2625 2651 2653 2654 2657 2667 -1
2694 18 2651 -1
2695 7 2651 2653 2667 -1
2696 64 2625 2651 2653 -1
2697 45 2619 2625 2654 2657 -1
2698 15 2651 2660 -1
2711 13 2660 -1
2719 21 2653 -1
2727 33 2653 -1
2737 16 2651 -1
2740 28 2618 2693 -1
2744 39 2618 -1
2747 79 2618 2625 2651 2654 2657 2674 2687 2693 -1
2746 25 2618 2651 -1
2757 5 2654 -1
2762 3 2654 -1
2765 29 2612 -1
2768 40 2646 -1
2774 46 2660 -1
2775 35 2660 -1
2790 173 2625 2646 2651 2654 2657 2660 2662 2687 2693 2697 -1
2792 18 2625 2651 -1
2804 16 2653 2667 2674 -1
2807 5 2617 2625 -1
2815 11 2619 2625 2693 -1
2819 18 2619 2660 -1
2822 43 2625 2654 -1
2654 104 2625 2653 2657 2662 2667 2674 2686 2693 2697 -1
2799 8 2686 -1
2831 39 2619 2620 2625 2674 -1
2838 21 2619 2657 2660 -1
2840 14 2646 -1
2856 5 2662 -1
2859 139 2619 -1
2860 5 2623 -1
2871 282 2612 2617 2619 2625 2651 2653 2655 2657 2662 2689 2696 2697 -1
2872 87 2619 2625 2651 2653 2697 -1
2875 6 2625 -1
2880 2 2686 -1
2883 28 2662 -1
2901 4 2625 -1
2900 29 2625 2651 2654 2657 -1
2903 8 2625 -1
2906 6 2654 -1
2908 12 2623 -1
2909 57 2625 2651 2654 2657 2697 -1
2912 33 2625 2654 -1
2923 35 2653 2657 -1
2925 19 2625 2646 2651 -1
2932 62 2651 2667 -1
2935 36 2646 -1
2939 7 2657 -1
2940 123 2619 2623 2625 2653 2657 2660 2667 2693 -1
2941 11 2693 -1
2947 10 2660 -1
2948 26 2654 2697 -1
2951 19 2625 2660 -1
2953 10 2654 -1
2958 47 2625 2646 -1
2964 70 2651 2653 2654 2655 2662 -1
2967 238 2612 2646 2653 2654 2655 2657 2660 2674 2693 2696 2697 -1
2968 55 2605 2653 2658 2697 -1
2972 357 2605 2612 2619 2646 2653 2689 2696 -1
2969 3 2655 -1
2988 55 2653 2654 2657 2696 -1
2995 10 2617 -1
2999 7 2625 -1
3007 15 2653 -1
3000 43 2660 2662 -1
3001 7 2654 -1
3009 51 2653 2660 2667 2693 -1
3005 28 2625 2654 -1
3006 31 2617 2654 2662 -1
3010 123 2653 2654 2657 2660 2667 2674 2693 2697 -1
2707 103 2617 2619 2625 2646 2653 2662 -1
3016 2 2657 -1
3018 19 2623 2653 -1
3020 52 2623 2625 2651 2697 -1
3024 52 2625 2651 2653 2660 2667 -1
3026 175 2625 2651 2653 2654 2660 2667 2674 2686 2693 2696 2697 -1
3028 189 2619 2623 2625 2651 2653 2654 2657 2660 2674 2686 2687 2693 -1
3031 50 2625 2651 2653 2654 2657 2660 2662 2693 2697 -1
3032 216 2651 2657 2662 2674 2687 -1
3033 45 2653 2654 2657 2674 2693 2697 -1
3034 38 2625 -1
2713 200 2612 2619 2623 2625 2646 2651 2653 2654 2655 2657 2660 2667 2674 2693 -1
3037 7 2651 -1
3039 14 2625 2651 2660 -1
3041 14 2697 -1
3049 6 2617 -1
3056 44 2623 2625 2653 2657 2667 2687 -1
3053 9 2651 2653 -1
3055 52 2619 2651 2653 2654 2667 2674 2693 -1
3057 48 2653 -1
3059 32 2625 2651 2653 2696 2697 -1
2356 57 2654 2655 2657 2662 2693 -1
3062 42 2651 2654 2662 2697 -1
2976 7 2617 -1
3072 25 2623 2625 2654 2662 2697 -1
3073 34 2625 2651 2657 2660 -1
3081 20 2625 -1
3084 62 2657 -1
3087 8 2696 2697 -1
3089 4 2625 -1
3092 81 2625 2654 2689 2697 -1
3098 37 2625 2651 2654 2662 2697 -1
3095 37 2625 -1
3096 3 2697 -1
3107 10 2653 -1
2842 124 2619 2623 2625 2646 2651 2653 2654 2660 2667 2674 2687 2693 -1
3108 8 2654 2697 -1
2003 63 2623 2625 2651 2657 -1
3119 3 2625 -1
3120 8 2687 -1
3124 2 2625 -1
3125 16 2625 2651 2657 2687 -1
3127 15 2625 2657 2674 2693 -1
3129 2 2625 -1
3142 49 2654 2658 -1
3144 88 2619 2625 2654 2657 2660 2686 2693 -1
3146 1 2697 -1
3147 6 2697 -1
3148 26 2654 2667 2674 2697 -1
3150 10 2651 2654 -1
3159 9 2625 2654 -1
3162 3 2654 2662 -1
3168 79 2625 2646 2653 2654 2655 -1
3171 1 2657 -1
3175 41 2619 2653 2657 2696 -1
3180 24 2654 2660 -1
3181 3 2654 -1
3190 10 2654 -1
3182 1 2654 -1
3183 2 2651 2654 -1
3184 1 2654 -1
3185 2 2654 -1
3186 1 2654 -1
3187 1 2654 -1
3188 20 2654 2687 -1
3189 10 2654 -1
3192 56 2653 2655 2660 2687 2693 2696 -1
3196 22 2651 2657 -1
3199 13 2612 -1
3202 8 2651 2662 -1
3203 1 2662 -1
3204 1 2662 -1
3209 41 2625 2657 2660 2689 -1
3225 13 2625 -1
3227 19 2651 -1
3250 3 2625 -1
3252 37 2625 2653 2655 2674 2693 -1
3255 3 2625 -1
3258 95 2625 2654 2657 2660 2674 2686 -1
3260 8 2625 2651 -1
3262 9 2651 2660 -1
3268 2 2625 2651 -1
212 1 2625 -1
3269 3 2625 -1
3270 2 2625 -1
3271 2 2625 -1
2624 1 2625 -1
3272 2 2625 -1
3280 3 2625 -1
3281 1 2625 -1
3273 1 2625 -1
3274 69 2620 2625 -1
3275 14 2625 2657 -1
3276 79 2612 2623 2625 2653 2655 2667 -1
3277 1 2625 -1
3278 2 2625 -1
3279 2 2625 -1
3284 20 2623 -1
3291 58 2619 2623 2660 2687 -1
3297 51 2655 -1
3301 15 2657 2674 -1
3304 31 2623 2657 2693 -1
3310 18 2658 -1
3312 1 2651 -1
3313 5 2651 -1
3282 5 2651 -1
3314 1 2651 -1
3315 13 2651 -1
3290 36 2651 -1
3318 1 2651 -1
3316 3 2651 -1
3317 15 2619 2651 -1
3325 6 2653 2667 -1
3326 18 2653 -1
3333 15 2657 2660 2674 -1
3334 13 2646 -1
3345 35 2623 2660 -1
3346 5 2657 -1
3349 9 2667 -1
3350 55 2619 -1
3352 273 2619 2646 2653 2654 2655 2657 2660 2667 2674 2687 2689 2693 2696 -1
3366 63 2657 -1
3375 43 2653 2657 -1
3377 4 2654 -1
3378 41 2657 -1
3379 19 2653 2660 2667 -1
3380 42 2654 2657 2660 -1
3381 180 2623 -1
3383 2 2653 -1
3388 15 2646 2657 -1
3391 4 2660 -1
3392 33 2619 2657 -1
3394 156 2646 2653 2654 2657 2660 2687 2693 -1
3397 3 2654 -1
3402 122 2623 2646 2653 2654 2689 -1
3036 7 2653 2660 -1
3404 89 2623 2654 2657 2667 2693 -1
3390 60 2605 2696 -1
3422 3 2660 -1
3417 30 2653 2657 -1
3443 20 2693 -1
3439 88 2619 2620 2653 2655 2657 2667 2674 2693 -1
3447 271 2605 2658 -1
3449 314 2605 2646 2689 2696 -1
3451 98 2612 2653 -1
3452 131 2605 2696 -1
3453 319 2605 2646 2689 2696 -1
3454 148 2612 2619 2653 2657 2693 -1
3455 68 2696 -1
3456 241 2612 2658 2689 2696 -1
3457 166 2612 2619 2654 2657 2686 -1
3458 69 2654 2657 2686 -1
3462 54 2696 -1
3469 23 2686 -1
3470 21 2623 2654 2667 2674 2693 -1
3479 102 2612 2619 2646 2653 2657 2667 2687 -1
3480 18 2654 2657 2660 2687 -1
3481 17 2653 2660 2686 2687 -1
3482 24 2654 2667 2687 -1
3483 20 2654 2657 2674 2687 -1
3477 53 2619 2623 2653 2654 2674 2687 -1
3478 42 2687 2693 -1
3488 16 2655 -1
3496 10 2623 2660 -1
2524 7 2693 -1
3498 114 2605 -1
3504 1 2623 -1
3512 9 2653 -1
3513 4 2660 -1
3518 6 2657 -1
3519 48 2619 2657 2686 2693 -1
3523 28 2654 2657 2693 -1
3525 16 2657 -1
3526 6 2654 -1
3527 64 2619 2657 2686 -1
3530 3 2660 -1
3535 5 2653 -1
3536 6 2660 2667 -1
3539 2 2660 -1
3540 4 2660 -1
3541 81 2646 2653 2655 2657 2660 2667 2686 -1
3542 5 2660 -1
3543 3 2657 2660 -1
3508 11 2660 -1
3544 7 2657 2660 -1
3545 2 2660 -1
3553 8 2653 2654 -1
3555 14 2667 2693 -1
3556 14 2686 -1
3560 16 2653 2667 -1
3561 4 2667 -1
3562 40 2619 2657 2667 2674 -1
3563 3 2667 -1
3564 2 2667 -1
3565 1 2667 -1
3566 1 2667 -1
3567 18 2619 2654 2657 2667 -1
3568 147 2612 2653 2657 -1
3569 42 2653 2654 2657 2693 -1
3587 15 2674 -1
3583 4 2657 -1
3586 156 2658 -1
3589 5 2657 -1
3528 13 2654 -1
3593 26 2654 -1
3598 4 2654 -1
3600 12 2674 -1
3601 52 2657 2696 -1
3597 13 2696 -1
3610 4 2674 -1
3611 22 2654 2657 2674 2693 -1
3614 205 2605 2689 -1
3615 144 2619 2646 2653 2655 2657 2686 -1
3622 22 2657 -1
3624 64 2619 2653 2655 2657 -1
3630 32 2612 2657 -1
3631 91 2619 2653 -1
3633 48 2657 -1
3635 63 2655 -1
3641 212 2653 2696 -1
3642 362 2605 2620 2658 -1
3643 44 2605 2619 -1
3645 40 2646 2653 -1
3646 9 2657 -1
3653 2 2693 -1
3655 9 2693 -1
3656 3 2693 -1
3657 1 2693 -1
3658 39 2620 2693 -1
3660 87 2619 2653 2654 2696 -1
3661 36 2619 -1
3665 20 2658 -1
3666 144 2655 -1
3678 17 2686 -1
3681 1 2654 -1
3682 75 2619 2653 2655 2657 2686 -1
3683 6 2654 -1
3684 1 2654 -1
3685 2 2654 -1
3686 3 2654 -1
3692 8 2654 -1
3687 1 2654 -1
3688 4 2654 -1
3689 2 2654 -1
3690 1 2654 -1
3691 95 2654 2658 2689 -1
3693 1 2654 -1
3694 1 2654 -1
3695 1 2654 -1
3696 1 2654 -1
3697 1 2654 -1
3698 1 2654 -1
3714 15 2653 -1
3724 93 2612 2646 2653 -1
3571 45 2653 -1
3725 4 2657 -1
3726 3 2655 -1
3748 30 2653 2696 -1
3751 11 2619 -1
3752 15 2619 -1
3754 6 2657 -1
3679 2 2657 -1
3757 1 2657 -1
3720 11 2657 -1
3758 1 2657 -1
3759 1 2657 -1
3760 1 2657 -1
3761 2 2657 -1
3762 8 2657 -1
3763 3 2657 -1
3764 10 2657 -1
3786 99 2605 -1
3787 232 2612 2619 2653 2658 2696 -1
3794 46 2612 2696 -1
3806 45 2612 -1
3812 53 2655 -1
3813 94 2605 2646 2653 -1
3814 47 2653 -1
3815 20 2655 -1
3842 15 2619 -1
3850 2 2655 -1
3854 82 2619 2653 2696 -1
3917 29 2646 -1
3925 7 2653 -1
3948 26 2619 2646 -1
3949 30 2653 2655 -1
3958 15 2619 -1
3959 2 2619 -1
3960 23 2619 -1
3961 16 2619 2655 -1
3965 89 2646 2653 -1
3969 90 2689 -1
3985 32 2655 -1
4006 2 2655 -1
4007 15 2655 -1
4008 7 2655 -1
4036 147 2605 2653 2696 -1
4040 104 2605 -1
4039 9 2653 -1
4042 21 2653 -1
2981 44 2653 2658 -1
4045 257 2689 2696 -1
4077 77 2653 2696 -1
4065 131 2612 2620 2646 2653 -1
4070 111 2605 2646 2653 -1
4072 29 2696 -1
4073 115 2653 -1
4074 33 2653 2696 -1
4076 86 2696 -1
4123 25 2612 -1
4124 50 2612 -1
4138 64 2612 2646 -1
4142 37 2612 2646 -1
4151 84 2696 -1
4152 43 2646 -1
4159 2 2653 -1
4211 65 2646 2696 -1
4215 2 2612 -1
4219 112 2696 -1
4275 5 2696 -1
4273 23 2612 -1
4276 52 2605 -1
4358 1 2612 -1
4415 17 2696 -1
4422 15 2646 -1
4426 5 2696 -1
4441 202 2689 -1
4483 153 2658 2689 -1
4488 50 2658 2689 -1
4574 40 2620 -1
4632 228 2658 2689 -1
4653 114 2605 2689 -1
4647 11 2696 -1
4673 96 2620 -1
4681 20 2696 -1
4686 57 2689 -1
4688 59 2696 -1
4717 62 2658 -1
4718 46 2689 -1
4750 3 2696 -1
4824 101 2605 -1
4829 78 2689 -1
4859 30 2689 -1
4874 3 2620 -1
4891 7 2696 -1
4893 5 2696 -1
4894 79 2689 2696 -1
4899 169 2689 -1
4948 214 2605 2658 2689 -1
4966 25 2689 -1
4967 361 2605 2620 2689 -1
4974 44 2689 -1
4981 53 2658 2689 -1
5022 172 2620 -1
5020 139 2620 -1
5079 271 2605 -1
5140 51 2620 2689 -1
5155 24 2689 -1
5160 12 2620 -1
4795 73 2658 -1
5176 139 2605 -1
5177 101 2620 -1
4310 278 2605 2620 -1
5179 217 2605 2620 -1
5180 49 2605 -1
5181 41 2605 -1
5184 68 2605 -1
5185 152 2605 -1
5188 211 2605 -1
5189 312 2605 2620 -1
5190 80 2605 -1
5198 6 2689 -1
5199 22 2658 -1
5246 44 2620 -1
5254 33 2689 -1
5255 8 2689 -1
5263 75 2605 -1
5301 61 2605 2620 -1
5342 30 2658 -1
5524 389 2658 -1
5543 137 2658 -1
5584 12 2620 -1
5606 28 2605 -1
5612 66 2620 -1
5697 230 2620 -1
5796 191 2658 -1
5800 222 2658 -1
5802 385 2620 2658 -1
4767 14 2620 -1
5998 81 2620 -1
6006 68 2620 -1
6024 17 2658 -1
6032 80 2658 -1
6043 39 2658 -1
6072 54 2658 -1
6118 2 2620 -1
6174 10 2658 -1
6198 14 2620 -1
6217 31 2620 -1
6223 17 2620 -1
6272 76 2620 -1
6305 190 2620 -1
6314 10 2620 -1
6327 108 2620 -1
6415 4 2620 -1
6443 70 2620 -1
6467 8 2620 -1
6469 2 2620 -1
6479 13 2620 -1
6483 28 2620 -1
6488 22 2620 -1
6460 58 2620 -1
6596 177 2658 -1
6605 10 2620 -1
6624 135 2620 2658 -1
6625 3 2620 -1
6627 50 2620 -1
6626 9 2620 -1
6665 29 2658 -1
6676 6 2658 -1
6784 42 2658 -1
6900 31 2658 -1
6914 95 2658 -1
6907 191 2658 -1
6916 54 2658 -1
6951 47 2658 -1
7012 10 2658 -1
7021 15 2658 -1
7047 161 2658 -1
7080 70 2658 -1
7086 123 2658 -1
7131 24 2658 -1
7225 47 2658 -1
7236 23 2658 -1
7279 19 2658 -1
7280 89 2658 -1
7301 27 2658 -1
7390 24 2658 -1
7391 52 2658 -1
7443 10 2658 -1
7471 9 2658 -1
7564 31 2658 -1
7675 25 2658 -1
7733 45 2658 -1
7775 11 2658 -1
7865 24 2658 -1
7882 11 2658 -1
7902 21 2658 -1
7904 6 2658 -1
7980 15 2658 -1
7985 1 2658 -1