11 743 4808 4811 4814 4820 4827 -1
24 309 4811 4827 -1
44 44 4875 -1
27 102 4828 -1
86 122 4828 -1
103 68 4808 -1
68 275 4828 4875 4884 4896 -1
113 89 4820 -1
127 132 4811 -1
154 61 4875 -1
173 334 4828 4875 -1
166 93 4875 -1
280 76 4808 -1
291 35 4811 -1
310 230 4827 4828 -1
311 321 4884 -1
319 199 4827 4828 -1
335 46 4814 4820 -1
346 86 4811 4814 4820 4822 4875 -1
407 145 4846 -1
325 25 4808 -1
425 79 4875 -1
432 157 4827 -1
457 732 4811 4814 4820 4824 4827 4828 4831 4846 4875 4879 4899 -1
580 30 4899 -1
582 34 4808 4811 4875 -1
637 25 4820 -1
663 158 4846 -1
722 264 4820 -1
727 32 4828 -1
737 232 4875 -1
742 93 4820 4875 -1
697 100 4820 -1
766 773 4808 4814 4820 4824 4827 4828 4846 4879 4884 4899 -1
762 50 4875 -1
784 224 4820 4875 -1
789 317 4808 4811 4814 4820 4824 4827 4828 4875 -1
813 272 4828 -1
825 165 4820 4827 -1
841 61 4828 -1
854 99 4827 -1
856 91 4820 -1
865 97 4846 -1
879 122 4814 -1
948 29 4879 -1
963 3 4875 -1
996 297 4820 4875 -1
1004 12 4846 -1
1008 8 4875 -1
1034 33 4828 -1
1037 86 4875 -1
1041 49 4828 4875 -1
1051 46 4827 -1
1055 196 4811 4820 4875 -1
1133 399 4808 4811 4814 4820 4822 4824 4827 4828 4831 4846 4875 -1
1137 135 4827 -1
1151 472 4828 4875 4899 -1
1166 599 4808 4811 4820 4828 4846 4875 -1
1167 158 4875 -1
1185 43 4875 -1
1210 218 4846 -1
1310 2 4827 -1
1358 18 4884 -1
1374 462 4846 4875 -1
1385 35 4884 -1
1428 183 4875 -1
1184 79 4809 -1
1468 20 4808 4814 4827 -1
1473 91 4814 4827 -1
1492 157 4811 -1
1496 210 4875 -1
1497 28 4875 -1
1542 244 4828 4846 4899 -1
1552 81 4846 -1
1548 4 4875 -1
1549 587 4811 4875 -1
1554 6 4875 -1
1621 80 4811 -1
1623 39 4811 -1
1687 6 4811 -1
1701 112 4828 4899 -1
1688 25 4827 -1
1733 42 4875 -1
1734 55 4875 -1
1748 76 4815 -1
1767 97 4828 -1
1783 57 4811 -1
1823 49 4824 -1
1847 47 4811 -1
1915 33 4875 -1
1922 204 4828 -1
1984 7 4875 -1
1985 56 4808 -1
2009 63 4811 4828 -1
2117 23 4808 4811 4820 4827 4875 -1
2129 44 4808 -1
2135 146 4811 4820 4827 4846 4899 -1
2145 145 4827 4875 -1
2186 61 4828 -1
2226 28 4827 -1
2237 241 4808 4811 4814 4824 4827 4828 -1
2256 247 4809 4811 -1
2257 49 4827 -1
2289 14 4876 -1
2297 164 4811 -1
2299 67 4824 -1
2323 111 4820 -1
2326 252 4811 -1
2369 189 4824 4828 4875 -1
2375 49 4875 -1
2381 71 4875 -1
2384 72 4828 -1
2387 66 4828 4846 4875 -1
2398 62 4811 -1
2440 50 4827 4828 4875 -1
2452 42 4875 -1
2485 324 4814 4827 4828 4899 -1
2488 21 4827 -1
2504 100 4827 4846 4875 -1
2516 44 4808 4875 -1
2535 47 4808 -1
2547 105 4811 4875 -1
2549 70 4814 -1
2552 5 4828 -1
2560 180 4811 -1
2565 893 4808 4811 4814 4820 4824 4827 4846 4875 4884 -1
2592 13 4846 -1
2595 49 4875 -1
2613 25 4808 4828 -1
2623 108 4875 -1
2651 269 4827 4899 -1
2653 113 4827 -1
2655 49 4827 -1
2658 307 4811 4820 4824 4828 4875 4879 -1
2708 9 4820 -1
2686 156 4828 -1
2688 618 4808 4811 4814 4815 4820 4822 4824 4827 4828 4846 4875 4899 -1
2667 126 4828 4846 -1
2693 149 4811 -1
2737 16 4820 -1
2747 79 4811 -1
2760 23 4828 -1
2765 29 4875 -1
2790 173 4811 4875 -1
2793 6 4828 -1
2802 9 4875 -1
2811 19 4831 -1
2831 39 4846 -1
2832 50 4814 4820 4875 -1
2859 139 4811 4820 4831 -1
2871 282 4820 4824 4827 -1
2889 14 4899 -1
2932 62 4814 4875 -1
2935 36 4815 -1
2967 238 4811 4814 4827 4828 -1
2972 357 4811 4814 4815 4824 4827 4828 4831 4846 4866 4899 -1
2988 55 4884 -1
2707 103 4899 -1
3015 44 4828 4899 -1
3026 175 4827 -1
3027 39 4808 -1
3028 189 4822 4828 4831 4875 4887 -1
3032 216 4846 -1
3073 34 4820 4827 -1
3092 81 4875 4884 -1
2003 63 4828 -1
3168 79 4811 4820 -1
3175 41 4827 4831 -1
3192 56 4820 -1
3191 68 4824 4846 -1
3209 41 4824 -1
3238 28 4824 -1
3274 69 4828 4899 -1
3276 79 4820 -1
3310 18 4875 -1
3290 36 4824 -1
3326 18 4827 -1
3350 55 4827 4846 -1
3352 273 4824 4827 4828 4866 -1
3366 63 4875 -1
3378 41 4846 -1
3381 180 4884 -1
3394 156 4811 -1
3402 122 4808 4820 4827 4828 -1
3404 89 4884 -1
3390 60 4827 4899 -1
3433 9 4875 -1
3447 271 4814 4815 4827 4828 4846 4879 -1
3449 314 4808 4811 4814 4820 4824 4827 4828 4846 4875 -1
3451 98 4808 4811 4822 4827 4831 4875 -1
3452 131 4811 4815 4827 4875 -1
3453 319 4808 4811 4814 4822 4824 4827 4828 4831 4875 4879 4880 4899 -1
3454 148 4808 4811 4814 4822 4875 -1
3455 68 4820 4828 -1
3456 241 4827 4828 4899 -1
3457 166 4815 4822 4827 4828 4875 4879 -1
3458 69 4828 -1
3459 92 4875 -1
3460 22 4875 -1
3461 101 4808 4809 4811 4815 4828 4875 -1
3462 54 4811 -1
3463 56 4808 4811 4814 4820 4827 -1
3469 23 4827 -1
3479 102 4814 4827 4828 4875 -1
3478 42 4828 -1
3498 114 4811 4846 4899 -1
3522 71 4824 4831 4875 -1
3568 147 4811 -1
3586 156 4828 4875 -1
3593 26 4884 -1
3601 52 4820 -1
3614 205 4824 4828 4846 -1
3631 91 4846 -1
3634 82 4846 -1
3635 63 4875 -1
3641 212 4811 4828 4846 4884 -1
3642 362 4828 4875 4899 -1
3643 44 4899 -1
3660 87 4820 -1
3666 144 4811 4814 4828 4899 -1
3683 6 4884 -1
3691 95 4820 -1
3728 85 4808 4875 -1
3729 11 4811 -1
3785 18 4846 -1
3787 232 4808 4811 4814 4820 4827 4828 4846 4875 -1
3792 27 4828 -1
3796 113 4814 4824 4827 4899 -1
3812 53 4811 -1
3835 35 4808 4814 4827 -1
3843 18 4811 4820 -1
3845 8 4824 -1
3854 82 4814 4827 4828 4846 4884 -1
3902 43 4811 4815 -1
3916 42 4875 4899 -1
3929 2 4875 -1
3930 5 4875 -1
3956 85 4814 4831 -1
3962 4 4886 -1
3965 89 4827 4875 -1
3969 90 4809 4875 -1
3976 145 4811 4828 4875 -1
4001 28 4811 -1
4036 147 4808 -1
4040 104 4811 4814 4827 4875 -1
4041 68 4827 4899 -1
4044 89 4809 4831 4875 4887 -1
4045 257 4808 4811 4814 4827 4828 4879 4899 -1
4046 89 4811 4820 4875 -1
4056 23 4808 4820 -1
4077 77 4811 4828 -1
4070 111 4828 4899 -1
4072 29 4811 4820 -1
4073 115 4824 4828 -1
4099 155 4811 4822 4828 4831 4846 4875 4884 4899 -1
4116 12 4820 -1
4076 86 4808 4811 4814 4828 -1
4127 41 4811 -1
4150 16 4875 -1
4151 84 4827 -1
4152 43 4820 -1
4186 6 4827 -1
3995 57 4824 4828 4846 4899 -1
4211 65 4811 4827 -1
4212 53 4815 4875 -1
4219 112 4808 4811 4814 4820 4827 4828 -1
4224 17 4811 -1
4221 42 4828 -1
4261 24 4811 -1
4295 17 4828 -1
4298 9 4827 -1
4315 29 4820 -1
4329 12 4828 -1
4335 32 4846 -1
4345 2 4875 -1
4353 80 4828 4846 -1
4377 11 4875 -1
4415 17 4820 -1
4422 15 4875 -1
4426 5 4828 -1
4434 2 4827 -1
4437 70 4875 -1
4441 202 4814 4827 4828 -1
4442 18 4815 4875 -1
4448 36 4828 -1
4485 12 4876 -1
4483 153 4828 -1
4486 20 4879 -1
4488 50 4808 4875 -1
4489 15 4811 4828 -1
4511 15 4808 -1
4524 9 4875 -1
4536 81 4899 -1
4547 45 4828 4875 -1
4550 100 4846 -1
4560 3 4828 -1
4563 11 4828 -1
4564 33 4811 -1
4574 40 4811 4846 4875 -1
4587 27 4828 -1
4592 6 4808 -1
4598 71 4875 -1
4600 15 4846 -1
4632 228 4808 4814 4828 4846 -1
4633 12 4814 -1
4653 114 4828 4866 -1
4662 46 4820 -1
4665 9 4814 -1
4672 2 4875 -1
4681 20 4811 -1
4687 23 4824 -1
4688 59 4808 4811 4814 4820 4827 -1
4710 8 4824 4875 -1
4717 62 4814 4828 4899 -1
4712 121 4828 4846 4875 -1
4725 36 4808 4875 -1
4726 15 4820 4824 -1
4743 2 4875 -1
4741 3 4828 -1
4749 3 4820 -1
4757 6 4808 4811 4814 -1
4764 53 4875 -1
4774 13 4808 4811 4814 4827 4831 -1
4803 1 4808 -1
4804 1 4808 -1
4805 2 4808 4814 -1
4806 1 4808 -1
4807 1 4808 -1
4810 1 4811 -1
4814 20 4827 -1
4813 46 4814 4846 -1
4818 28 4820 -1
4819 1 4820 -1
4824 101 4828 4899 -1
4827 1 4828 -1
4826 1 4827 -1
4829 78 4824 4831 4866 -1
4830 1 4831 -1
4843 24 4879 -1
4859 30 4828 -1
4860 2 4875 -1
4846 34 4824 4828 -1
4851 3 4846 -1
4867 1 4875 -1
4868 1 4875 -1
4873 1 4875 -1
4801 1 4875 -1
4871 1 4875 -1
4869 1 4875 -1
4874 3 4875 -1
4870 2 4875 -1
4872 1 4875 -1
4879 28 4887 -1
4894 79 4828 4846 -1
4899 169 4824 4828 -1
4924 10 4875 -1
4948 214 4824 4828 4846 -1
4967 361 4824 4828 4846 4899 -1
4970 8 4875 -1
4974 44 4828 -1
4976 23 4824 4828 -1
4982 43 4828 4846 -1
5006 28 4828 -1
5009 14 4899 -1
5022 172 4875 -1
5020 139 4824 4875 -1
5053 52 4884 -1
5069 5 4866 -1
5079 271 4824 4828 4846 4875 4899 -1
5085 4 4828 -1
5102 54 4875 -1
5103 127 4884 -1
5111 7 4828 -1
5110 84 4828 -1
5116 1 4828 -1
5117 2 4828 -1
5125 54 4828 4875 -1
5140 51 4824 -1
5171 41 4846 -1
5173 122 4875 -1
5175 35 4846 4899 -1
5176 139 4846 4899 -1
5177 101 4828 -1
5178 19 4828 -1
4310 278 4824 4828 4846 4875 4899 -1
5179 217 4828 4846 4875 4899 -1
5182 14 4846 -1
5184 68 4824 4846 4899 -1
5185 152 4828 4875 -1
5188 211 4846 4899 -1
5189 312 4824 4828 4875 -1
5190 80 4824 4846 -1
5191 10 4846 -1
5196 32 4875 -1
5199 22 4875 -1
5200 15 4824 -1
5226 17 4828 -1
5243 19 4824 -1
5262 59 4828 -1
5263 75 4824 -1
5289 6 4824 -1
5290 1 4824 -1
5291 1 4824 -1
5301 61 4875 -1
5312 9 4846 -1
5336 3 4875 -1
5382 19 4846 -1
5404 40 4846 4875 -1
5427 37 4828 -1
5437 26 4828 -1
5445 63 4875 -1
5452 17 4875 -1
5457 44 4875 -1
5472 16 4846 -1
5479 28 4884 -1
5487 30 4846 -1
5524 389 4828 4875 -1
5531 243 4828 4875 4884 4899 -1
5543 137 4828 -1
5562 13 4875 -1
5577 8 4846 -1
5576 1 4846 -1
5606 28 4899 -1
5612 66 4828 -1
5704 4 4828 -1
5739 45 4828 4875 -1
5776 14 4899 -1
5787 32 4828 4875 -1
5796 191 4828 4875 -1
5800 222 4884 -1
5802 385 4875 4879 4884 -1
5804 33 4828 -1
5809 21 4875 -1
5817 75 4828 -1
5823 12 4875 -1
5839 41 4828 -1
5857 92 4875 4879 -1
5862 24 4828 -1
5871 50 4875 -1
5932 33 4828 4875 -1
5933 4 4875 -1
5934 42 4828 -1
5945 9 4875 -1
5961 11 4828 -1
6031 2 4875 -1
6043 39 4828 -1
6070 3 4828 -1
6068 32 4828 4875 -1
6069 5 4875 -1
6075 18 4828 4875 -1
6091 1 4828 -1
6092 1 4828 -1
6093 5 4828 -1
6116 2 4875 -1
6112 1 4875 -1
6113 1 4875 -1
6114 2 4875 -1
6182 3 4875 -1
6280 52 4884 -1
6486 85 4879 -1
6494 101 4875 4884 -1
6510 54 4875 -1
6518 33 4875 4884 -1
6460 58 4875 -1
6563 58 4875 -1
6596 177 4884 -1
6658 5 4875 -1
6665 29 4884 -1
6714 100 4875 4884 -1
6900 31 4875 -1
6902 28 4875 -1
6914 95 4875 -1
6907 191 4875 4879 -1
6916 54 4875 4884 -1
6934 65 4884 -1
6945 18 4875 -1
6993 81 4875 -1
7052 142 4875 4884 -1
7054 40 4884 -1
7046 21 4884 -1
7055 98 4875 -1
7057 118 4875 -1
6946 68 4879 4884 -1
7086 123 4875 -1
7116 1 4875 -1
7136 2 4884 -1
7228 7 4884 -1
7230 4 4884 -1
7231 101 4879 4884 -1
7236 23 4884 -1
7238 9 4884 -1
7239 21 4875 4884 -1
7362 8 4884 -1
7492 3 4875 -1
7493 4 4875 -1
7514 3 4879 -1
7580 19 4884 -1
7597 4 4884 -1
7598 33 4884 -1
7608 2 4884 -1
7610 1 4884 -1
7611 1 4884 -1
7613 1 4884 -1