6 302 2409 -1
11 743 2400 2409 2410 2411 2426 2435 2456 2470 2475 2479 2484 2485 2490 2499 -1
14 114 2470 2475 2479 -1
20 187 2411 2484 -1
21 76 2410 -1
28 133 2470 2479 -1
36 227 2456 2470 2485 -1
42 89 2475 -1
47 146 2409 2470 2485 -1
59 94 2400 2470 -1
62 17 2470 -1
66 44 2470 -1
86 122 2409 -1
71 109 2400 2409 -1
87 195 2456 -1
94 80 2499 -1
68 275 2440 -1
109 190 2440 -1
110 95 2400 2426 -1
122 213 2411 2440 2456 2474 2485 -1
113 89 2410 2479 -1
127 132 2411 -1
128 80 2470 -1
143 94 2474 -1
147 58 2485 -1
161 32 2474 -1
172 123 2411 2470 -1
173 334 2400 -1
166 93 2411 -1
203 31 2456 2470 -1
215 100 2400 2409 2499 -1
237 41 2470 -1
270 14 2485 -1
290 71 2411 2474 -1
302 13 2470 -1
304 79 2499 -1
306 244 2485 -1
308 142 2409 2474 -1
310 230 2400 2485 -1
311 321 2425 2456 2485 -1
312 227 2400 -1
313 54 2411 -1
315 77 2456 2470 -1
346 86 2411 2416 -1
383 45 2411 -1
403 20 2416 -1
407 145 2400 2433 -1
425 79 2433 -1
432 157 2485 -1
457 732 2411 2416 2433 2435 2440 2456 2490 -1
546 142 2411 2440 2474 -1
582 34 2456 -1
600 214 2409 2475 2479 -1
495 6 2470 -1
633 55 2474 -1
634 150 2440 2485 -1
635 66 2475 -1
650 98 2400 2425 2484 -1
664 13 2470 -1
663 158 2485 -1
667 19 2470 -1
665 7 2470 -1
689 47 2411 -1
695 118 2499 -1
704 81 2400 -1
706 95 2400 2484 -1
710 105 2474 -1
713 4 2426 -1
722 264 2410 2411 2416 2470 -1
737 232 2433 2440 -1
742 93 2435 -1
763 68 2411 -1
766 773 2410 2433 2440 2456 2474 2485 -1
788 113 2490 -1
784 224 2400 2411 2416 2456 2470 2499 -1
789 317 2400 2456 -1
795 60 2400 -1
813 272 2400 2410 2411 2470 2475 2485 -1
820 16 2400 -1
826 249 2400 2410 2474 2490 -1
825 165 2411 2416 2456 2485 -1
838 36 2416 -1
841 61 2416 -1
844 45 2409 -1
842 30 2411 2485 -1
854 99 2411 2426 2470 2484 2490 2499 -1
856 91 2411 -1
859 13 2409 -1
865 97 2490 -1
896 26 2499 -1
904 119 2400 -1
907 9 2470 -1
928 21 2499 -1
935 22 2470 2485 -1
937 46 2485 -1
941 80 2499 -1
946 110 2400 2426 2485 -1
948 29 2485 -1
978 65 2435 -1
982 47 2470 -1
988 292 2400 2411 2416 2435 2474 2479 2485 2490 -1
993 238 2400 2475 2479 -1
996 297 2400 2411 2435 2470 2479 -1
1000 60 2410 2470 2499 -1
1006 138 2435 -1
1031 19 2490 -1
1035 12 2499 -1
1037 86 2411 -1
1042 41 2470 -1
1051 46 2470 2485 -1
1055 196 2411 2416 -1
1059 2 2470 -1
1062 156 2400 2411 2435 2474 2475 2485 -1
1074 95 2433 2440 -1
1075 74 2470 -1
1097 88 2470 2479 -1
1098 305 2400 2410 2435 2474 -1
1111 60 2400 -1
1102 15 2479 -1
1114 39 2416 -1
1132 57 2411 2440 2456 2470 -1
1133 399 2456 2474 2490 -1
1135 115 2410 2435 2475 -1
1137 135 2410 2485 2490 -1
1143 14 2479 -1
1151 472 2410 2433 2435 2456 2470 2475 2479 2485 -1
1156 4 2409 -1
922 149 2411 -1
1166 599 2400 2409 2411 2416 2433 2470 2474 2485 2490 -1
1167 158 2411 2470 2499 -1
1193 31 2470 -1
1200 107 2416 2474 -1
1203 22 2400 2499 -1
1207 26 2490 -1
1210 218 2400 2411 2470 2475 -1
1211 79 2474 -1
1215 65 2400 2426 -1
1230 33 2400 -1
1259 45 2411 -1
1279 124 2400 -1
1282 8 2410 -1
1286 65 2425 2456 -1
1285 31 2485 -1
1291 34 2474 2485 -1
1297 76 2411 2474 2499 -1
1305 290 2410 2411 2416 2470 2474 2485 -1
1319 181 2474 -1
1322 12 2400 -1
1336 8 2470 -1
1340 3 2470 -1
1341 2 2470 -1
1342 4 2470 -1
1350 117 2400 -1
1354 8 2411 -1
1356 20 2416 -1
1368 33 2474 -1
1374 462 2410 2470 2485 2490 -1
1382 17 2411 2485 -1
1380 63 2400 -1
1381 52 2485 -1
1395 199 2400 2410 2435 2456 -1
1416 13 2426 -1
1424 52 2411 -1
1428 183 2411 2499 -1
1184 79 2411 -1
1462 48 2490 -1
1468 20 2456 -1
1470 156 2411 -1
1471 72 2499 -1
1473 91 2475 2499 -1
1487 117 2474 2475 -1
1492 157 2411 2474 -1
1496 210 2410 2474 -1
1521 99 2400 2474 2485 -1
1522 139 2426 2433 2470 2490 2499 -1
1538 81 2410 2411 -1
1542 244 2423 -1
1547 28 2475 -1
1549 587 2400 2410 2411 2435 2440 2456 2470 2474 2475 2485 -1
1555 79 2490 -1
1566 46 2485 -1
1583 87 2470 2474 -1
1585 102 2400 2410 2411 2433 -1
1592 30 2470 -1
1594 114 2485 -1
1596 29 2474 2485 -1
1603 16 2435 -1
1608 355 2400 2411 2435 2475 -1
1614 73 2410 2456 -1
1621 80 2474 -1
1622 50 2474 -1
1636 1 2499 -1
1639 36 2485 -1
1661 66 2433 2490 -1
1701 112 2440 -1
1697 70 2411 2484 -1
1700 93 2411 2416 -1
1707 34 2485 -1
1709 6 2409 -1
1716 6 2470 -1
1717 96 2411 -1
1720 14 2485 -1
1688 25 2485 -1
1729 19 2470 -1
1732 18 2474 -1
1730 45 2400 -1
1734 55 2474 2485 -1
1747 3 2479 -1
1748 76 2456 -1
1749 68 2470 2490 -1
1754 23 2456 -1
1756 89 2400 2426 2435 2470 2479 -1
1766 27 2435 2470 2490 -1
1767 97 2411 -1
1769 67 2479 -1
1772 141 2400 2409 2410 2423 2425 2490 -1
1781 6 2410 -1
1783 57 2410 2474 -1
1796 38 2440 -1
1800 20 2479 -1
1808 129 2410 2475 2485 -1
1814 105 2440 -1
1820 90 2400 2411 2426 2499 -1
1872 5 2485 -1
1885 44 2475 2485 -1
1888 36 2410 -1
1918 20 2411 -1
1919 112 2400 2411 2470 2479 -1
1922 204 2411 2416 2426 2470 2474 2475 -1
1948 14 2470 -1
1951 29 2435 2485 -1
1966 18 2485 -1
1964 13 2485 -1
1967 31 2485 -1
1972 181 2474 2485 -1
1976 6 2470 -1
1980 47 2400 -1
1991 66 2410 -1
1997 88 2435 2475 -1
1794 26 2475 -1
2009 63 2456 2470 2485 -1
2010 27 2470 -1
2042 2 2470 -1
2014 10 2470 -1
2018 2 2470 -1
2044 2 2470 -1
2036 2 2470 -1
2052 14 2475 -1
2062 121 2400 -1
2063 21 2425 2470 2475 -1
2069 17 2470 2475 -1
2072 121 2400 2410 2426 2470 2475 2479 -1
2095 6 2470 -1
2084 10 2470 -1
2085 28 2400 2435 -1
2088 6 2470 -1
2091 8 2470 -1
2092 7 2470 -1
2093 55 2435 2470 2475 -1
2097 7 2422 2490 -1
2099 22 2470 -1
2102 45 2474 -1
2109 47 2411 -1
2117 23 2456 2470 -1
2118 113 2400 2435 2456 -1
2120 122 2426 2484 -1
2130 8 2470 -1
2133 129 2400 2410 2425 2435 2470 2475 2479 2490 -1
2135 146 2433 2456 2470 2485 -1
2145 145 2411 2456 -1
2156 41 2484 2490 2499 -1
2160 26 2470 -1
2161 3 2409 -1
2171 16 2416 -1
2172 29 2479 2484 -1
2174 65 2410 2411 2435 2470 -1
2176 17 2411 -1
2181 2 2475 -1
2197 4 2470 -1
2206 14 2411 2499 -1
2209 31 2410 -1
2215 15 2456 2470 -1
2225 34 2474 -1
2226 28 2456 -1
2230 49 2411 2484 -1
2231 66 2400 2426 2435 2490 2499 -1
2229 143 2416 2474 2475 -1
2232 12 2425 2426 -1
2233 36 2400 2475 -1
2236 75 2411 2474 -1
2237 241 2456 2470 2485 -1
2240 108 2409 2435 2499 -1
2249 38 2400 -1
2251 25 2435 -1
2252 22 2422 -1
2255 31 2400 -1
2256 247 2410 2411 2416 2435 2475 -1
2257 49 2440 -1
2258 95 2411 2456 -1
2264 58 2433 -1
2274 48 2411 2423 2425 2426 2435 2484 2490 -1
2276 32 2433 -1
2285 17 2485 -1
2290 120 2411 2485 -1
2297 164 2440 2456 2474 2485 -1
2299 67 2410 2485 -1
2323 111 2411 2416 2485 -1
2324 3 2485 -1
2326 252 2411 2416 2433 2485 -1
2328 215 2400 2410 2411 2435 2470 2475 2479 2485 -1
2332 36 2411 2416 -1
2272 31 2400 -1
2364 14 2440 -1
2365 77 2411 -1
2367 8 2475 -1
2369 189 2411 -1
2370 2 2484 -1
2371 124 2400 2411 2416 2426 2470 2485 -1
2372 7 2470 2479 -1
2375 49 2470 2479 -1
2376 26 2474 -1
2378 4 2400 -1
2379 45 2411 2485 -1
2384 72 2416 -1
2387 66 2470 -1
2393 4 2484 -1
2398 62 2400 -1
2399 2 2400 -1
2411 141 2433 2474 -1
2416 37 2426 -1
2113 7 2420 -1
2419 1 2420 -1
2424 1 2425 -1
2427 11 2416 2470 -1
2435 35 2490 -1
2433 2 2435 -1
2434 2 2435 -1
2437 2 2470 -1
2373 2 2470 -1
2438 1 2470 -1
2462 4 2470 -1
2463 1 2470 -1
2439 1 2470 -1
2440 50 2470 -1
2441 1 2470 -1
2442 1 2470 -1
2443 1 2470 -1
2444 6 2470 -1
2445 1 2470 -1
2446 1 2470 -1
2094 1 2470 -1
2447 1 2470 -1
2448 1 2470 -1
2449 1 2470 -1
2450 1 2470 -1
2451 2 2470 -1
2452 42 2470 -1
2453 1 2470 -1
2454 1 2470 -1
2455 1 2470 -1
2456 31 2440 2470 -1
2465 1 2470 -1
2457 1 2470 -1
2466 1 2470 -1
2458 6 2470 -1
2459 1 2470 -1
2460 1 2470 -1
2461 1 2470 -1
2471 1 2475 -1
2472 75 2470 2475 -1
2473 103 2410 2416 2475 -1
2476 35 2411 2416 2479 -1
2477 1 2479 -1
2478 6 2479 2499 -1
2485 324 2411 2433 2456 2484 -1
2489 1 2490 -1
2497 38 2485 2499 -1
2506 46 2474 -1
2507 69 2410 2474 -1
2508 13 2470 -1
2510 68 2410 2474 2485 -1
2542 93 2456 -1
2547 105 2411 2440 2474 2485 -1
2549 70 2474 -1
899 24 2410 -1
2555 12 2410 -1
2557 77 2411 2416 2470 -1
2559 82 2411 2470 -1
2560 180 2411 2485 -1
2564 50 2456 -1
2565 893 2410 2411 2416 2426 2433 2456 2470 2474 2485 -1
2576 146 2411 2416 2470 2474 -1
2578 12 2410 -1
2592 13 2416 -1
2593 32 2411 -1
2594 45 2410 -1
2474 142 2410 -1
2608 14 2410 2470 -1
2617 22 2410 -1
2618 53 2410 -1
2623 108 2416 -1
2619 46 2474 2485 -1
2647 18 2416 2470 -1
2651 269 2411 2416 2499 -1
2653 113 2411 2485 -1
2657 44 2411 2485 -1
2658 307 2411 2433 2485 -1
2665 6 2410 -1
2674 103 2474 2485 -1
2700 168 2411 2416 2485 -1
2701 19 2416 -1
2686 156 2416 2426 2485 -1
2703 61 2411 2416 2474 -1
2688 618 2411 2433 2440 2456 2474 2485 2490 -1
2704 75 2411 2416 -1
2660 164 2411 2474 2485 -1
2689 38 2485 -1
2667 126 2474 -1
2691 44 2485 -1
2693 149 2411 2416 2426 2433 2485 -1
2694 18 2474 -1
2696 64 2485 -1
2697 45 2411 -1
2727 33 2474 2485 -1
2740 28 2410 -1
2744 39 2416 2490 -1
2747 79 2411 2485 -1
2746 25 2474 -1
2768 40 2416 -1
2774 46 2474 -1
2775 35 2410 2440 -1
2778 22 2416 2433 -1
2788 4 2410 -1
2790 173 2411 2440 2474 -1
2791 15 2411 -1
2796 8 2416 -1
2811 19 2433 -1
2822 43 2416 -1
2654 104 2411 2416 2470 2485 -1
2831 39 2474 -1
2840 14 2470 -1
2851 44 2485 -1
2859 139 2485 -1
2866 6 2470 -1
2862 4 2470 -1
2863 5 2470 -1
2871 282 2411 2456 2470 2474 2485 -1
2872 87 2470 -1
2467 4 2470 -1
2896 1 2470 -1
2568 4 2470 -1
2886 3 2470 -1
2887 1 2470 -1
2888 1 2470 -1
2464 1 2470 -1
2889 14 2470 -1
2890 1 2470 -1
2891 1 2470 -1
2892 1 2470 -1
2893 1 2470 -1
2894 1 2470 -1
2895 1 2470 -1
2904 18 2411 -1
2909 57 2485 -1
2912 33 2416 2456 2474 -1
2913 11 2416 -1
2923 35 2411 2474 2485 -1
2932 62 2485 -1
2939 7 2411 -1
2940 123 2433 2485 -1
2947 10 2485 -1
2953 10 2485 -1
2958 47 2411 2474 -1
2967 238 2411 2433 2456 2474 2485 -1
2972 357 2440 -1
2988 55 2485 -1
3000 43 2411 -1
3001 7 2485 -1
3009 51 2433 -1
3005 28 2474 -1
3010 123 2411 2485 -1
2707 103 2474 -1
3020 52 2474 -1
3024 52 2411 2485 -1
3026 175 2411 2485 -1
3027 39 2456 -1
3028 189 2426 2485 -1
3031 50 2485 -1
3032 216 2411 2485 -1
3033 45 2474 2485 -1
3034 38 2440 -1
2713 200 2411 2416 2474 2485 -1
3041 14 2440 -1
3044 6 2474 -1
3046 10 2411 -1
3056 44 2411 2416 2485 -1
3053 9 2474 -1
3059 32 2474 2485 -1
3047 12 2411 -1
3062 42 2474 2485 -1
3073 34 2485 -1
3077 4 2411 -1
3078 1 2411 -1
3084 62 2411 2485 -1
3090 12 2485 -1
3092 81 2433 -1
3107 10 2485 -1
2842 124 2416 2474 2485 -1
2003 63 2411 -1
3120 8 2474 -1
3125 16 2485 -1
3127 15 2411 -1
3144 88 2456 2485 -1
3175 41 2411 2485 -1
3192 56 2485 -1
3196 22 2485 -1
3199 13 2485 -1
3200 8 2411 -1
3225 13 2456 -1
3252 37 2485 -1
3256 19 2411 -1
3276 79 2416 2485 -1
3304 31 2411 2485 -1
3309 4 2474 -1
3310 18 2474 -1
3311 1 2474 -1
3290 36 2485 -1
3333 15 2485 -1
3345 35 2440 -1
3352 273 2411 2433 2485 -1
3366 63 2433 -1
3375 43 2411 2485 -1
3378 41 2411 2456 2485 -1
3380 42 2411 2485 -1
3381 180 2433 -1
3394 156 2411 2485 -1
3404 89 2485 -1
3422 3 2485 -1
3417 30 2411 -1
3443 20 2456 -1
3439 88 2440 -1
3447 271 2456 -1
3449 314 2456 2490 -1
3451 98 2456 -1
3452 131 2456 -1
3453 319 2433 2440 2456 -1
3454 148 2456 -1
3456 241 2433 2440 2456 -1
3457 166 2485 -1
3458 69 2485 -1
3459 92 2440 -1
3462 54 2456 -1
3472 15 2440 -1
3479 102 2499 -1
3481 17 2485 -1
3482 24 2485 -1
3477 53 2411 2485 -1
3498 114 2456 2490 -1
3512 9 2485 -1
3519 48 2485 -1
3521 29 2485 -1
3523 28 2411 2485 -1
3526 6 2411 2485 -1
3527 64 2411 2485 -1
3542 5 2485 -1
3567 18 2485 -1
3568 147 2485 -1
3569 42 2485 -1
3528 13 2411 -1
3597 13 2485 -1
3611 22 2411 2485 -1
3615 144 2411 -1
3622 22 2485 -1
3624 64 2485 -1
3631 91 2433 -1
3633 48 2411 -1
3634 82 2490 -1
3641 212 2433 -1
3642 362 2433 2440 2490 -1
3658 39 2485 -1
3666 144 2456 2490 -1
3682 75 2433 -1
3571 45 2485 -1
3725 4 2411 -1
3731 15 2411 -1
3746 1 2485 -1
3747 4 2485 -1
3748 30 2485 -1
3749 4 2485 -1
3750 2 2485 -1
3751 11 2485 -1
3752 15 2485 -1
3753 1 2485 -1
3754 6 2485 -1
3765 1 2411 -1
3766 9 2411 -1
3767 16 2411 -1
3785 18 2411 -1
3787 232 2456 -1
3794 46 2456 -1
3835 35 2456 -1
3854 82 2433 -1
3917 29 2440 2456 -1
3965 89 2499 -1
3969 90 2433 -1
4007 15 2433 -1
4036 147 2440 -1
4045 257 2433 2440 2456 -1
4076 86 2433 2456 -1
4124 50 2499 -1
4144 76 2490 -1
4152 43 2433 -1
4199 8 2433 -1
4211 65 2456 -1
4219 112 2433 2456 -1
4222 41 2433 -1
4261 24 2456 -1
4273 23 2433 -1
4297 38 2440 -1
4313 5 2433 -1
4326 7 2433 -1
4364 39 2433 -1
4447 14 2456 -1
4448 36 2433 -1
4465 4 2433 -1
4488 50 2440 -1
4500 2 2433 -1
4523 1 2433 -1
4598 71 2440 -1
4632 228 2490 -1
4633 12 2456 -1
4664 6 2456 -1
4673 96 2440 -1
4671 7 2456 -1
4687 23 2440 2456 -1
4688 59 2456 -1
4717 62 2456 -1
4725 36 2456 -1
4739 11 2456 -1
4756 34 2456 -1
4757 6 2456 -1
4774 13 2456 -1
4781 27 2456 -1
4782 2 2456 -1
4813 46 2440 -1
4899 169 2440 -1
4934 6 2433 -1
4967 361 2433 2440 2490 -1
4981 53 2440 -1
4988 23 2490 -1
5022 172 2433 2490 -1
5079 271 2433 2440 -1
5123 69 2490 -1
5125 54 2490 -1
5140 51 2440 -1
4310 278 2440 2490 -1
5185 152 2433 -1
5187 31 2490 -1
5188 211 2433 2440 -1
5262 59 2490 -1
5263 75 2490 -1
5437 26 2490 -1
5457 44 2490 -1
5479 28 2490 -1
5524 389 2433 2440 -1
5531 243 2433 2440 -1
5193 18 2440 -1
5553 46 2490 -1
5582 105 2433 -1
5584 12 2440 -1
5612 66 2440 -1
5624 28 2440 -1
5691 49 2490 -1
5697 230 2433 2440 2490 -1
5739 45 2440 -1
5796 191 2440 -1
5802 385 2433 2440 -1
5810 29 2440 -1
5816 84 2440 -1
5817 75 2433 -1
5819 61 2440 -1
5821 22 2440 -1
5822 98 2440 -1
5864 1 2490 -1
5866 1 2490 -1
5868 3 2490 -1
5871 50 2440 -1
5952 14 2440 -1
6006 68 2433 2440 -1
6024 17 2433 -1
6038 6 2440 -1
6179 7 2440 -1
6223 17 2440 -1
6271 11 2440 -1
6272 76 2440 -1
6305 190 2433 2440 -1
6359 81 2433 -1
6381 3 2433 -1
6443 70 2433 -1
6519 1 2433 -1
6520 2 2433 -1
6521 1 2433 -1
6522 29 2433 -1
6523 33 2433 -1
6524 8 2433 -1
6525 17 2433 -1
6526 11 2433 -1
6460 58 2440 -1
6563 58 2440 -1
6577 10 2440 -1