86 122 7553 -1
99 24 7574 7588 -1
103 68 7553 -1
68 275 7544 7553 -1
109 190 7553 -1
122 213 7553 -1
136 99 7553 -1
155 28 7587 -1
166 93 7574 -1
231 50 7553 -1
265 31 7587 -1
335 46 7587 -1
395 42 7512 7553 -1
425 79 7553 7587 -1
457 732 7529 7544 7553 7561 7587 -1
580 30 7587 -1
633 55 7587 -1
667 19 7553 -1
722 264 7553 -1
737 232 7517 7544 7553 7567 7574 7588 7593 -1
749 66 7587 -1
766 773 7510 7561 -1
762 50 7587 -1
1055 196 7544 7553 -1
1098 305 7553 7574 7587 -1
1132 57 7553 -1
1151 472 7587 -1
1166 599 7553 -1
1215 65 7544 -1
1286 65 7553 -1
1374 462 7510 7512 7529 7544 7553 7561 7587 -1
1470 156 7553 -1
1549 587 7510 -1
1612 68 7517 7544 -1
1667 55 7553 -1
1722 14 7587 -1
1811 43 7587 -1
1814 105 7553 -1
1896 51 7553 -1
1982 29 7553 -1
2009 63 7553 -1
2135 146 7587 -1
2223 15 7553 -1
2240 108 7517 -1
2297 164 7587 -1
2328 215 7553 -1
2369 189 7512 7553 -1
2371 124 7561 -1
2387 66 7561 -1
2113 7 7561 -1
2452 42 7553 7587 -1
2485 324 7510 7561 -1
2560 180 7544 7587 -1
2565 893 7510 7512 7517 7529 7544 7553 7561 7567 7574 7587 7588 7593 -1
2658 307 7510 7512 7529 7553 7561 7587 -1
2774 46 7510 -1
2544 11 7553 -1
2833 7 7561 -1
2851 44 7553 -1
2936 8 7517 -1
3032 216 7574 7587 -1
3142 49 7553 -1
3227 19 7587 -1
3310 18 7587 -1
3348 25 7588 -1
3381 180 7510 7512 7529 -1
3447 271 7510 -1
3453 319 7553 -1
3456 241 7553 -1
3457 166 7561 7587 -1
3460 22 7510 -1
3498 114 7553 7587 -1
3587 15 7567 -1
3586 156 7553 7587 -1
3631 91 7553 -1
3634 82 7561 -1
3642 362 7510 7553 7587 -1
3658 39 7512 -1
3662 10 7512 -1
3665 20 7553 -1
3691 95 7587 -1
3723 7 7587 -1
3571 45 7553 -1
3787 232 7517 7529 7544 7553 7587 -1
3872 15 7553 -1
3910 33 7587 -1
3917 29 7553 -1
3969 90 7553 -1
4036 147 7587 -1
4071 17 7553 -1
4099 155 7553 -1
4110 4 7553 -1
4151 84 7553 -1
4211 65 7553 -1
4221 42 7510 -1
4347 55 7517 7574 -1
4398 9 7544 7561 -1
4422 15 7517 -1
4437 70 7587 -1
4441 202 7544 7553 -1
4447 14 7553 7561 -1
4483 153 7553 -1
4536 81 7553 -1
4598 71 7553 -1
4632 228 7510 7587 -1
4709 25 7510 -1
4712 121 7553 7587 -1
4792 62 7574 -1
4879 28 7553 7557 7561 7587 -1
4948 214 7510 7561 -1
4967 361 7561 -1
4981 53 7510 7553 7587 -1
5002 115 7553 -1
5020 139 7553 -1
5053 52 7561 7587 -1
5079 271 7553 -1
5102 54 7553 7561 -1
5103 127 7510 7512 7529 7544 7553 7587 -1
4828 168 7553 7587 7593 -1
5140 51 7587 -1
5162 5 7553 -1
5172 29 7553 -1
5173 122 7512 7529 7553 -1
4310 278 7587 -1
5179 217 7517 7544 7553 7587 -1
5188 211 7553 -1
5189 312 7510 7553 -1
5196 32 7561 -1
5199 22 7587 -1
5200 15 7553 -1
5201 15 7520 -1
5215 8 7553 -1
5386 3 7512 -1
5445 63 7553 -1
5446 26 7512 7553 -1
5472 16 7510 -1
5489 12 7553 -1
5524 389 7510 7512 7529 7544 7553 7557 7587 7588 -1
5531 243 7510 7512 7553 7561 7587 -1
5543 137 7510 -1
5596 30 7520 -1
5617 22 7553 -1
5655 139 7510 7529 7534 7544 7557 7588 -1
5697 230 7553 -1
5775 42 7510 -1
5773 75 7593 -1
5776 14 7529 7553 -1
5796 191 7553 7561 7567 -1
5800 222 7520 7529 7544 7553 7561 7574 7583 7587 7588 -1
5802 385 7510 7512 7529 7544 7553 7557 7561 7587 7593 -1
5806 83 7510 7520 7529 7533 7553 7574 7583 7587 -1
5807 27 7534 -1
5814 144 7508 7544 7553 7587 7593 -1
5815 5 7510 -1
5816 84 7510 7553 -1
5817 75 7553 -1
5819 61 7553 -1
5822 98 7510 -1
5857 92 7510 7553 7561 -1
5872 27 7506 7510 7553 7561 7587 -1
5908 19 7553 -1
5871 50 7553 7587 -1
5920 10 7517 -1
5922 7 7561 -1
5927 10 7544 7588 -1
5984 10 7553 -1
5998 81 7510 7553 -1
6006 68 7510 7553 -1
6032 80 7544 7553 -1
6043 39 7544 -1
6045 7 7553 -1
6064 4 7517 -1
6072 54 7544 -1
6151 13 7587 -1
6218 53 7553 7587 -1
6221 31 7517 7561 -1
6229 19 7544 -1
6241 75 7561 7590 7593 -1
6245 8 7587 -1
6272 76 7510 7553 -1
6280 52 7512 7529 7587 -1
6299 78 7553 7587 -1
6305 190 7517 7544 7553 -1
6323 44 7510 7553 -1
6398 29 7553 -1
6414 21 7553 7574 7587 -1
6415 4 7510 -1
6442 4 7567 -1
6443 70 7510 7517 7553 7587 -1
6486 85 7529 7553 7587 7588 -1
6510 54 7544 7553 7587 -1
6518 33 7553 -1
6538 21 7529 -1
6548 10 7544 7553 -1
6550 9 7553 -1
6555 35 7553 -1
6560 43 7553 -1
6596 177 7544 7553 7574 7587 -1
6618 91 7529 7533 7553 7561 -1
6619 104 7508 7510 7529 7553 7593 -1
6613 9 7587 -1
6615 160 7544 -1
6616 18 7557 -1
6624 135 7510 7512 7529 7533 7544 7561 7587 -1
6627 50 7529 7587 7588 -1
6712 11 7544 -1
6714 100 7510 7512 7520 7553 7561 -1
6766 22 7512 7520 7561 7583 7587 -1
6772 77 7553 -1
6774 24 7553 -1
6784 42 7512 -1
6804 6 7561 -1
6875 15 7553 7561 -1
6885 19 7553 -1
6900 31 7553 -1
6902 28 7520 7553 -1
6914 95 7510 7512 7544 7553 7587 -1
6907 191 7510 7529 7553 7561 -1
6916 54 7553 7574 7587 -1
6918 29 7553 -1
6924 16 7588 -1
6934 65 7512 7529 7561 7587 -1
6941 57 7553 7557 7561 7587 -1
5529 39 7510 7553 -1
6945 18 7529 7544 7587 -1
6951 47 7553 -1
6316 19 7529 7553 -1
6976 41 7510 7553 -1
7005 13 7553 -1
7026 13 7587 -1
7043 14 7553 -1
7052 142 7510 7512 7529 7544 7553 7561 7587 7593 -1
7045 36 7544 -1
7053 31 7517 7553 -1
7054 40 7510 7553 7557 7561 7583 7587 7593 -1
7046 21 7553 7557 7561 -1
7047 161 7544 7553 -1
7055 98 7510 7512 7561 7593 -1
7056 37 7544 -1
7057 118 7510 7512 7529 7544 7561 7587 -1
7063 16 7510 7553 -1
7080 70 7510 7529 7574 -1
6946 68 7574 7587 7590 -1
7086 123 7510 7512 7517 7529 7553 7561 -1
7088 5 7533 -1
7090 11 7529 7553 -1
7092 93 7510 7553 7557 7561 7587 -1
7096 5 7529 -1
7109 2 7510 -1
7113 12 7529 7587 -1
7120 18 7544 -1
7129 11 7587 -1
7131 24 7553 7587 -1
7132 30 7561 7567 -1
7134 3 7587 -1
7178 2 7587 -1
7225 47 7508 7510 7529 7553 -1
7226 4 7553 7557 -1
7227 12 7533 7587 -1
7228 7 7561 -1
7229 7 7553 7557 -1
5143 16 7557 -1
7231 101 7510 7544 7587 7593 -1
7233 22 7529 -1
7236 23 7529 7553 7588 -1
7237 15 7529 -1
7239 21 7553 7561 7587 -1
7241 21 7561 -1
7262 11 7557 -1
7279 19 7587 7588 -1
7280 89 7588 7590 -1
7171 9 7553 -1
7294 39 7510 -1
7281 12 7510 7529 -1
7348 2 7561 -1
7350 21 7553 7561 -1
7352 15 7544 -1
7362 8 7587 -1
7371 2 7567 -1
7379 7 7529 -1
7378 38 7553 7587 -1
7357 9 7553 -1
7387 4 7553 -1
7386 25 7553 7567 -1
7391 52 7529 7544 7553 -1
7400 15 7553 -1
7401 3 7510 -1
7409 10 7553 -1
7393 12 7553 -1
7425 7 7553 -1
7449 39 7508 7553 7574 -1
7455 4 7510 7529 -1
7476 2 7512 -1
7502 3 7544 7553 -1
7509 1 7510 -1
7471 9 7512 -1
7511 16 7512 -1
7527 1 7529 -1
7528 1 7529 -1
7544 11 7553 -1
7549 2 7553 -1
7545 1 7553 -1
7546 3 7553 -1
7550 1 7553 -1
7564 31 7587 -1
7565 3 7587 -1
7580 19 7587 -1
7585 1 7587 -1
7586 7 7587 -1
7598 33 7588 -1
7614 39 7544 -1
7677 12 7517 -1
7682 36 7574 -1
7697 19 7588 -1
7701 3 7588 -1
7724 2 7544 -1
7727 30 7553 -1
7733 45 7553 -1
7744 50 7544 7553 -1
7774 35 7574 -1
7775 11 7553 -1
7865 24 7517 -1
7884 5 7553 -1
7900 27 7517 7574 -1
7901 30 7553 -1
7906 10 7553 -1
7968 3 7553 -1
7967 4 7553 -1
8036 19 7553 -1
8046 16 7553 -1
8051 8 7553 -1
8053 20 7553 -1
8061 5 7553 -1
8085 16 7553 -1
8107 13 7553 -1
8133 1 7517 -1
8134 1 7553 -1
8152 10 7553 -1
8189 4 7553 -1
8193 2 7553 -1
8222 6 7553 -1
8214 1 7553 -1
8238 1 7553 -1