11 743 4417 4422 4424 4463 4485 -1
24 309 4463 4485 -1
36 227 4483 -1
27 102 4400 4448 -1
87 195 4400 4453 4485 -1
68 275 4453 4485 -1
109 190 4401 4441 4483 -1
110 95 4435 -1
122 213 4400 4417 4422 4453 4463 -1
127 132 4424 4453 -1
136 99 4412 -1
178 63 4483 -1
166 93 4463 -1
270 14 4432 -1
291 35 4466 -1
310 230 4471 4482 -1
311 321 4435 -1
150 28 4403 -1
346 86 4424 -1
371 117 4424 -1
432 157 4400 -1
449 9 4400 4402 -1
457 732 4400 4401 4412 4441 4448 4482 4483 4488 -1
546 142 4424 4453 4463 -1
600 214 4441 -1
634 150 4400 4424 -1
663 158 4400 4424 4480 4485 -1
667 19 4463 -1
695 118 4480 -1
737 232 4401 4432 4441 -1
742 93 4424 -1
749 66 4400 -1
766 773 4400 4422 4435 4448 4453 4463 4471 4480 4482 4485 4488 -1
788 113 4453 -1
784 224 4424 -1
789 317 4400 4441 4448 4482 -1
798 16 4417 4424 -1
813 272 4402 -1
816 29 4463 -1
825 165 4412 4417 4463 -1
844 45 4453 -1
852 39 4453 -1
879 122 4402 4448 4463 4485 -1
947 27 4400 -1
988 292 4401 4432 -1
993 238 4424 -1
996 297 4400 4424 4448 -1
1006 138 4422 -1
1041 49 4453 4468 -1
1042 41 4412 -1
1043 21 4424 -1
1051 46 4453 -1
1074 95 4412 -1
1075 74 4448 -1
1098 305 4401 4483 -1
1111 60 4400 -1
1128 13 4424 -1
1132 57 4424 -1
1133 399 4400 4402 4403 4412 4417 4422 4424 4448 4463 4466 4468 4482 4485 -1
1142 48 4400 -1
1151 472 4422 4435 -1
1166 599 4412 4417 4463 4480 4483 -1
1179 10 4463 -1
1193 31 4463 -1
1210 218 4400 4424 -1
1228 11 4463 -1
1236 103 4463 -1
1286 65 4432 -1
1285 31 4463 -1
1375 4 4480 -1
1374 462 4435 4448 -1
1463 26 4453 -1
1468 20 4424 -1
1470 156 4400 -1
1492 157 4422 -1
1496 210 4400 4402 4411 4463 -1
1522 139 4400 4424 4453 4463 -1
1542 244 4422 4448 4483 4485 -1
1549 587 4400 4448 4463 4468 -1
1550 42 4424 -1
1594 114 4480 -1
1661 66 4402 4453 4482 -1
1691 50 4435 -1
1701 112 4483 -1
1700 93 4441 4453 -1
1717 96 4453 -1
1748 76 4424 4463 4480 -1
1762 47 4412 4441 -1
1767 97 4453 -1
1796 38 4483 -1
1808 129 4453 -1
1814 105 4422 -1
1835 73 4424 4468 -1
1847 47 4400 -1
1972 181 4448 -1
1985 56 4485 -1
2001 39 4448 -1
2109 47 4424 4463 -1
2118 113 4400 4448 4463 -1
2120 122 4466 -1
2129 44 4424 4463 -1
2135 146 4448 4463 -1
2145 145 4400 4424 4485 -1
2223 15 4401 -1
2229 143 4402 4411 4417 4422 4424 -1
2237 241 4417 4422 4424 4448 4453 4463 4485 -1
2240 108 4471 -1
2256 247 4400 -1
2264 58 4417 -1
2276 32 4400 -1
2290 120 4402 -1
2297 164 4400 4453 -1
2298 48 4417 4424 -1
2299 67 4448 -1
2323 111 4400 -1
2326 252 4402 4411 4417 4424 4468 4480 -1
2328 215 4483 -1
2364 14 4424 -1
2369 189 4401 4432 4448 -1
2381 71 4453 -1
2379 45 4480 -1
2387 66 4400 4448 -1
2410 34 4400 -1
2411 141 4412 -1
2440 50 4400 -1
2452 42 4401 -1
2485 324 4432 4485 -1
2504 100 4400 4485 -1
2506 46 4412 -1
2535 47 4480 -1
2542 93 4463 -1
2547 105 4402 4453 -1
2549 70 4482 -1
2559 82 4453 4463 -1
2565 893 4400 4401 4412 4417 4422 4424 4432 4435 4448 4453 4463 4468 4482 4485 4488 -1
2585 60 4448 -1
2599 9 4400 -1
2605 64 4483 -1
2609 7 4482 -1
2646 39 4422 -1
2651 269 4400 4422 4424 4448 4453 4463 4485 -1
2658 307 4401 4402 4417 4424 4435 4453 4463 4471 4480 4482 -1
2699 74 4466 -1
2686 156 4483 -1
2688 618 4400 4417 4424 4448 4453 4463 4468 4480 4482 4485 4488 -1
2660 164 4424 4463 4485 -1
2689 38 4435 -1
2667 126 4483 -1
2693 149 4448 -1
2696 64 4411 -1
2727 33 4400 -1
2747 79 4402 4480 4485 -1
2790 173 4400 4448 4466 -1
2832 50 4422 4424 4463 4468 4480 4485 -1
2851 44 4432 -1
2859 139 4402 4412 4463 4468 -1
2871 282 4400 4466 4468 4482 -1
2883 28 4448 -1
2912 33 4463 -1
2932 62 4463 -1
2935 36 4466 -1
2940 123 4485 -1
2951 19 4411 4463 -1
2958 47 4400 -1
2964 70 4424 -1
2967 238 4422 4453 4471 4485 -1
2972 357 4400 4411 4412 4422 4448 4453 4468 4482 4485 -1
2983 28 4432 -1
2988 55 4483 4488 -1
3009 51 4400 4422 -1
3010 123 4400 -1
2707 103 4417 4422 4463 -1
3026 175 4448 4453 4480 -1
3028 189 4403 4468 4485 -1
3032 216 4402 4417 4424 4432 4453 4463 4466 4471 4483 -1
3034 38 4453 4463 -1
2713 200 4402 4412 4417 4422 4424 4453 4463 4485 -1
3041 14 4483 -1
3088 37 4432 -1
3092 81 4400 4448 4468 -1
3103 5 4485 -1
2842 124 4453 4485 -1
3108 8 4485 -1
3109 9 4400 4401 4402 -1
3142 49 4432 -1
3168 79 4424 4463 -1
3188 20 4424 4466 -1
3191 68 4400 -1
3209 41 4482 -1
3258 95 4424 4453 4463 4480 -1
3274 69 4448 4466 4483 4485 -1
3291 58 4424 -1
3297 51 4401 -1
3350 55 4448 4485 -1
3352 273 4400 4412 4417 4422 4424 4448 4471 4480 4482 4485 -1
3306 7 4453 -1
3366 63 4448 4466 -1
3378 41 4463 -1
3381 180 4488 -1
3394 156 4400 4402 4424 -1
3402 122 4400 4453 4463 4480 4485 -1
3404 89 4448 4482 -1
3417 30 4448 -1
3445 21 4422 -1
3439 88 4402 4403 -1
3447 271 4400 4448 4483 -1
3449 314 4400 4422 4448 4453 4463 4466 4482 4483 4485 -1
3451 98 4402 4403 4417 4422 4466 4471 -1
3452 131 4400 4402 4424 4480 -1
3453 319 4400 4417 4448 4463 4466 4468 4482 4485 4488 -1
3454 148 4412 4424 4463 4485 -1
3456 241 4400 4402 4417 4422 4424 4448 4453 4463 4483 4485 -1
3457 166 4417 4422 4466 4468 -1
3458 69 4483 -1
3459 92 4400 4448 -1
3460 22 4463 -1
3462 54 4466 -1
3463 56 4466 4485 -1
3469 23 4485 -1
3479 102 4422 4480 4483 4485 -1
3496 10 4485 -1
3498 114 4448 -1
3519 48 4400 4448 -1
3521 29 4453 4482 4485 -1
3522 71 4441 -1
3541 81 4417 4424 -1
3560 16 4402 4463 4481 4485 -1
3568 147 4417 4448 4483 -1
3587 15 4488 -1
3586 156 4401 4435 4441 4483 -1
3591 13 4480 -1
3601 52 4400 -1
3614 205 4400 4422 4448 4482 4483 -1
3615 144 4417 4422 4424 4463 4480 4485 -1
3624 64 4422 4448 4485 -1
3631 91 4424 -1
3634 82 4448 -1
3635 63 4402 4403 4453 -1
3641 212 4400 4488 -1
3642 362 4483 4488 -1
3645 40 4403 4417 4422 4463 -1
3658 39 4448 -1
3659 38 4411 4417 4424 -1
3660 87 4422 4424 4453 4463 4485 -1
3666 144 4422 4448 4466 -1
3691 95 4424 4448 4481 -1
3724 93 4412 4422 4424 4463 4480 4485 -1
3571 45 4463 -1
3728 85 4400 4417 4463 4480 -1
3731 15 4453 4480 -1
3762 8 4453 -1
3767 16 4403 -1
3777 11 4402 4413 4417 4424 -1
3787 232 4400 4483 -1
3796 113 4482 -1
3798 23 4485 -1
3806 45 4417 4463 -1
3812 53 4448 4468 -1
3813 94 4424 4463 4480 -1
3814 47 4402 -1
3835 35 4466 -1
3843 18 4448 -1
3854 82 4485 -1
3897 9 4485 -1
3902 43 4466 -1
3910 33 4401 -1
3917 29 4422 4485 -1
3956 85 4402 4463 4468 -1
3958 15 4485 -1
3960 23 4453 -1
3969 90 4480 4485 -1
3976 145 4401 4402 -1
3992 2 4463 -1
4008 7 4448 -1
4027 6 4402 -1
4036 147 4488 -1
4037 15 4402 -1
4040 104 4400 4401 4402 -1
4044 89 4466 4468 4485 -1
4045 257 4417 4453 4463 4485 -1
4056 23 4424 4453 4463 -1
4077 77 4400 4448 4463 4480 -1
4065 131 4402 4417 4422 4424 4453 4463 4468 4485 -1
4066 5 4480 -1
4068 6 4448 -1
4070 111 4400 4417 4422 4424 4448 4453 4463 4468 4480 4482 -1
4071 17 4483 -1
4073 115 4400 4448 -1
4074 33 4402 4417 4424 -1
4098 8 4485 -1
4099 155 4466 4483 -1
4111 16 4422 4424 4453 -1
4076 86 4480 -1
4123 25 4402 -1
4124 50 4424 -1
4127 41 4402 4424 4463 -1
4137 7 4402 -1
4138 64 4417 4422 4424 4453 4463 4466 4480 4485 -1
4142 37 4402 4422 4424 4480 -1
4147 2 4463 -1
4148 6 4403 4411 -1
4151 84 4400 4422 4463 -1
4152 43 4424 4485 -1
3819 10 4424 -1
4194 2 4485 -1
4191 20 4400 -1
4197 7 4412 -1
4199 8 4463 -1
3995 57 4448 4482 -1
4211 65 4402 4417 4471 -1
4212 53 4448 4483 -1
4214 9 4422 4424 -1
4219 112 4400 4401 -1
4222 41 4463 -1
4221 42 4483 -1
4232 3 4485 -1
4234 3 4424 -1
4276 52 4400 -1
4297 38 4400 -1
4315 29 4402 -1
4317 3 4402 -1
4320 2 4417 -1
4324 8 4402 -1
4325 3 4424 -1
4329 12 4463 -1
4335 32 4448 4485 -1
4347 55 4435 -1
4353 80 4400 4448 -1
4355 50 4400 4448 4483 -1
4364 39 4400 4432 -1
4363 22 4453 4463 -1
4383 4 4401 -1
4393 1 4402 -1
4394 1 4402 -1
4399 1 4402 -1
4322 1 4402 -1
4395 3 4402 -1
4400 5 4402 -1
4396 1 4402 -1
4397 1 4402 -1
4398 9 4400 4401 4402 -1
4412 2 4417 -1
4414 1 4417 -1
4415 17 4417 -1
4416 11 4417 -1
4422 15 4424 4453 -1
4423 1 4424 -1
4429 12 4468 4485 -1
4437 70 4468 -1
4438 6 4400 -1
4441 202 4400 4401 4435 4448 4482 4483 -1
4448 36 4400 -1
4449 1 4453 -1
4451 9 4453 -1
4452 1 4453 -1
4450 1 4453 -1
4458 2 4463 -1
4459 4 4463 -1
4460 2 4463 -1
4461 2 4463 -1
2047 1 4463 -1
4462 1 4463 -1
4464 1 4422 -1
4465 4 4422 -1
4468 18 4448 -1
4470 1 4471 -1
4473 1 4480 -1
4474 2 4480 -1
4477 2 4480 -1
4476 16 4480 -1
4478 1 4480 -1
4475 1 4480 -1
4479 1 4480 -1
4482 7 4485 -1
4483 153 4485 -1
4488 50 4400 -1
4550 100 4400 4448 -1
4564 33 4448 -1
4566 3 4400 -1
4576 10 4448 -1
4586 9 4466 -1
4587 27 4448 4483 -1
4595 3 4468 -1
4598 71 4401 -1
4600 15 4400 -1
4632 228 4412 4435 4482 4483 -1
4636 1 4468 -1
4653 114 4400 4448 4468 4482 -1
4673 96 4483 -1
4686 57 4441 -1
4715 11 4400 -1
4717 62 4448 4483 -1
4718 46 4482 -1
4712 121 4483 -1
4726 15 4448 4468 -1
4748 38 4468 -1
4764 53 4488 -1
4792 62 4400 -1
4829 78 4400 4448 4482 -1
4846 34 4400 4448 -1
4894 79 4448 4483 -1
4899 169 4400 4448 4482 4483 -1
4948 214 4400 4401 4432 4435 4448 4482 -1
4964 60 4448 -1
4967 361 4400 4448 4482 4483 4488 -1
4970 8 4482 -1
4976 23 4482 -1
5002 115 4400 4448 4483 -1
5013 7 4448 -1
5022 172 4441 4488 -1
5020 139 4400 4441 4482 -1
5029 26 4400 -1
5048 6 4488 -1
5079 271 4400 4401 4448 4468 4483 -1
5106 33 4400 -1
5103 127 4401 4435 4483 -1
5110 84 4400 4448 4483 -1
4828 168 4448 4482 4488 -1
5125 54 4483 -1
5140 51 4448 4482 -1
5142 4 4448 -1
5150 13 4400 -1
5155 24 4400 4448 4468 4482 -1
5171 41 4483 -1
5173 122 4432 -1
4795 73 4401 4432 -1
5176 139 4400 -1
5177 101 4483 -1
4310 278 4400 4448 4483 -1
5179 217 4483 -1
5184 68 4400 4448 4482 -1
5185 152 4483 4488 -1
5188 211 4483 4488 -1
5189 312 4400 4441 4448 4483 -1
5190 80 4400 4448 -1
5194 10 4483 -1
5199 22 4483 -1
5200 15 4432 4448 -1
5203 15 4400 -1
5217 21 4448 -1
5243 19 4400 -1
5246 44 4400 -1
5255 8 4448 -1
5263 75 4448 -1
5282 4 4400 -1
5285 21 4448 -1
5295 22 4400 -1
5296 16 4400 -1
5301 61 4483 -1
5313 12 4448 -1
5314 1 4448 -1
5315 1 4448 -1
5316 24 4448 -1
5317 18 4448 -1
5378 17 4401 -1
5380 2 4400 -1
5381 4 4400 -1
5382 19 4400 -1
5384 2 4400 -1
5385 1 4400 -1
5386 3 4400 -1
5387 1 4400 -1
5423 48 4483 -1
5439 66 4401 4441 4488 -1
5487 30 4435 -1
5524 389 4432 4435 4483 4488 -1
5531 243 4412 4441 4488 -1
5543 137 4483 4488 -1
5684 18 4483 -1
5691 49 4483 -1
5697 230 4401 4412 4483 4488 -1
5708 7 4483 -1
5775 42 4435 -1
5796 191 4483 4488 -1
5802 385 4401 4435 4483 4488 -1
5804 33 4483 -1
5811 79 4412 4488 -1
5814 144 4401 4432 -1
5817 75 4483 -1
5818 67 4401 4432 4483 4488 -1
5823 12 4412 -1
5857 92 4401 4432 -1
5859 16 4401 -1
5915 52 4435 -1
5920 10 4435 -1
5922 7 4432 -1
5961 11 4483 -1
5969 5 4435 -1
5981 6 4483 -1
6006 68 4483 -1
6020 25 4435 -1
6032 80 4432 -1
6047 4 4488 -1
6082 18 4441 -1
6212 3 4435 -1
6218 53 4401 -1
6243 35 4483 -1
6286 3 4483 -1
6305 190 4412 4441 -1
6323 44 4483 -1
6325 5 4483 -1
6326 2 4483 -1
6359 81 4488 -1
6380 4 4401 -1
6327 108 4441 -1
6383 3 4483 -1
6458 28 4488 -1
6483 28 4441 -1
6522 29 4488 -1
6550 9 4401 -1
6560 43 4401 4435 -1
6123 24 4488 -1
6596 177 4401 4432 4435 -1
6608 18 4441 -1
6615 160 4488 -1
6624 135 4435 -1
6627 50 4412 -1
6649 26 4488 -1
6665 29 4412 4441 -1
6695 2 4412 -1
6696 2 4412 -1
6736 33 4401 4488 -1
6766 22 4401 -1
6772 77 4488 -1
6867 5 4488 -1
6875 15 4432 -1
6907 191 4401 4432 -1
6918 29 4435 -1
6951 47 4401 4432 -1
6993 81 4435 -1
7052 142 4435 -1
7053 31 4401 -1
7047 161 4401 4432 4435 -1
7049 27 4435 -1
7057 118 4401 -1
7086 123 4401 4432 -1
7198 8 4401 -1
7231 101 4435 -1
7238 9 4432 -1
7241 21 4432 -1
7280 89 4401 4432 -1
7386 25 4401 -1
7391 52 4401 -1
7376 4 4435 -1
7578 28 4435 -1
7665 6 4432 -1
7685 13 4401 -1
7733 45 4401 4432 -1
7744 50 4401 4432 -1
7766 13 4435 -1
7772 20 4432 -1
7835 3 4435 -1
7856 7 4432 4435 -1
7884 5 4401 -1
7901 30 4401 4432 -1
7902 21 4432 -1
7906 10 4401 -1
8005 2 4401 -1
8046 16 4401 4432 -1
8047 20 4401 4432 -1
8085 16 4401 4432 -1
8107 13 4432 -1
8211 11 4401 4432 -1
8222 6 4401 -1
8050 9 4432 -1
8227 1 4401 -1
8241 2 4432 -1
8242 1 4432 -1
8243 6 4432 -1