11 743 3258 3260 3284 3291 -1
36 227 3258 3274 -1
53 39 3276 -1
72 164 3238 3276 3291 -1
87 195 3238 3276 -1
99 24 3293 -1
68 275 3238 3258 3276 -1
109 190 3291 -1
122 213 3251 3253 3258 3260 3276 3291 -1
113 89 3238 -1
127 132 3265 3291 -1
136 99 3297 -1
172 123 3243 3251 3253 -1
173 334 3238 -1
180 54 3265 -1
182 79 3251 3253 -1
306 244 3291 -1
310 230 3251 3253 -1
311 321 3238 3253 3265 -1
336 31 3238 -1
346 86 3243 -1
457 732 3200 3253 3274 3276 3291 -1
546 142 3260 -1
580 30 3293 -1
633 55 3253 -1
634 150 3276 -1
650 98 3256 -1
663 158 3253 3284 -1
704 81 3253 -1
710 105 3284 -1
722 264 3253 3255 3258 3276 -1
737 232 3238 3284 -1
742 93 3238 -1
697 100 3274 -1
749 66 3238 -1
763 68 3284 -1
764 34 3276 -1
766 773 3200 3238 3243 3251 3253 3265 3271 3274 3276 3284 3291 3293 -1
769 146 3251 3253 -1
784 224 3265 3291 -1
789 317 3276 3291 -1
805 90 3291 -1
813 272 3258 3276 3284 -1
826 249 3235 3251 3253 3258 -1
825 165 3258 3276 -1
841 61 3251 -1
854 99 3238 3253 -1
856 91 3276 -1
865 97 3291 -1
879 122 3200 3260 3276 -1
944 5 3251 -1
946 110 3253 3256 -1
948 29 3243 3253 -1
975 11 3205 -1
982 47 3276 -1
988 292 3235 3243 3251 3253 3255 3258 3260 3265 3276 3284 3293 -1
996 297 3238 3253 3274 -1
1032 39 3253 -1
1037 86 3253 -1
1050 44 3251 -1
1055 196 3276 3291 -1
1074 95 3291 -1
1075 74 3243 -1
1097 88 3274 -1
1098 305 3238 3253 3265 3297 -1
1102 15 3276 -1
1132 57 3238 -1
1133 399 3238 3253 3276 3284 -1
1135 115 3253 -1
1137 135 3265 -1
1151 472 3238 3251 3253 3274 -1
1164 39 3238 -1
1166 599 3238 3251 3253 3255 3258 3260 3265 3266 3291 -1
1167 158 3200 3253 -1
1200 107 3238 3243 3251 3253 3265 -1
1204 61 3276 -1
1207 26 3291 -1
1210 218 3251 3253 3284 -1
1211 79 3265 -1
1215 65 3265 3291 3297 -1
1221 77 3251 3253 -1
1236 103 3276 -1
1241 35 3260 -1
1253 51 3274 -1
1279 124 3253 -1
1297 76 3276 -1
1305 290 3200 3243 3251 3253 3258 3260 3265 3276 -1
1319 181 3237 3253 3265 3276 -1
1357 91 3265 3276 -1
1365 7 3238 -1
1368 33 3243 3265 -1
1374 462 3238 3243 3251 3258 3260 3265 3274 3276 3293 3297 -1
1384 37 3258 -1
1385 35 3238 -1
1395 199 3265 -1
1419 41 3253 -1
1424 52 3243 -1
1428 183 3258 -1
1470 156 3253 3276 3285 -1
1471 72 3238 -1
1473 91 3253 -1
1487 117 3265 -1
1492 157 3253 3258 -1
1496 210 3243 3251 3253 3258 3276 -1
1498 6 3238 -1
1506 41 3253 3276 -1
1521 99 3253 3265 -1
1522 139 3260 3291 3297 -1
1538 81 3260 -1
1537 68 3260 3276 -1
1542 244 3238 3291 3293 -1
1547 28 3253 -1
1549 587 3251 3253 3258 3260 3265 3274 -1
1583 87 3251 3253 3265 -1
1585 102 3200 -1
1594 114 3253 -1
1596 29 3265 3276 3284 -1
1606 3 3291 -1
1608 355 3251 3253 3260 3265 -1
1614 73 3253 -1
1621 80 3238 3265 -1
1622 50 3265 -1
1623 39 3291 -1
1639 36 3291 -1
1644 48 3238 -1
1661 66 3253 3276 -1
1662 6 3235 -1
1667 55 3276 -1
1701 112 3238 3253 3260 -1
1697 70 3251 -1
1700 93 3256 3276 -1
1707 34 3251 -1
1729 19 3265 -1
1730 45 3253 -1
1733 42 3238 -1
1734 55 3258 3265 -1
1749 68 3243 3260 -1
1762 47 3297 -1
1767 97 3200 3291 -1
1769 67 3253 -1
1772 141 3258 3260 -1
1751 35 3260 -1
1783 57 3260 -1
1795 44 3258 3265 3284 -1
1811 43 3238 3266 -1
1813 41 3260 -1
1814 105 3253 3291 -1
1820 90 3253 3276 -1
1838 57 3258 -1
1896 51 3253 -1
1918 20 3200 -1
1922 204 3201 3243 3251 3253 3255 3260 3265 3284 -1
1947 15 3276 -1
1967 31 3260 -1
1972 181 3260 -1
1985 56 3253 -1
1991 66 3251 3253 -1
1992 16 3253 -1
2009 63 3251 -1
698 11 3260 -1
2062 121 3265 -1
2065 50 3253 3260 3291 -1
2093 55 3253 -1
2119 5 3251 -1
2118 113 3253 -1
2120 122 3243 3258 -1
2135 146 3237 3238 3253 3276 -1
2145 145 3260 3265 3291 -1
2160 26 3253 -1
2174 65 3253 -1
2186 61 3238 -1
2209 31 3201 -1
2217 11 3276 -1
2225 34 3238 3253 3265 -1
2226 28 3253 -1
2231 66 3201 -1
2229 143 3235 3243 3251 3253 3265 3276 -1
2233 36 3238 -1
2236 75 3243 3251 3253 3258 3265 -1
2237 241 3260 3284 3291 -1
2240 108 3238 3260 -1
2249 38 3291 -1
2251 25 3265 -1
2256 247 3200 3243 3253 3256 3258 3266 3276 3291 -1
2257 49 3253 3291 -1
2258 95 3200 3253 -1
2264 58 3293 -1
2274 48 3235 -1
2285 17 3258 -1
2290 120 3200 3258 3260 -1
2297 164 3253 3258 3260 3265 -1
2298 48 3235 3253 3276 3291 -1
2299 67 3251 3265 -1
2323 111 3243 3260 -1
2326 252 3200 3258 3260 3276 3291 -1
2328 215 3258 3260 3291 -1
2332 36 3251 3253 -1
2359 2 3265 -1
2365 77 3253 3260 3291 -1
2369 189 3238 -1
2371 124 3235 3237 -1
2379 45 3200 3291 -1
2384 72 3238 3291 -1
2387 66 3274 -1
2398 62 3260 -1
2411 141 3253 3291 -1
2416 37 3251 3276 -1
2440 50 3238 -1
2456 31 3238 -1
2472 75 3251 -1
2473 103 3251 3253 -1
2481 8 3293 -1
2485 324 3238 3243 3258 3260 3274 -1
2493 6 3291 -1
2497 38 3255 3258 3265 -1
2507 69 3251 3253 3265 -1
2510 68 3253 3265 3276 -1
2511 8 3238 -1
2516 44 3265 -1
2542 93 3260 3291 -1
2547 105 3235 3253 3276 -1
2549 70 3238 -1
2557 77 3276 -1
2559 82 3253 -1
2560 180 3238 3253 3276 3291 -1
2565 893 3200 3235 3238 3243 3251 3253 3258 3260 3265 3276 3284 3293 3297 -1
2576 146 3256 3265 3274 -1
2585 60 3260 3276 -1
2595 49 3258 -1
2596 13 3276 3284 -1
2474 142 3251 3253 3258 3265 -1
2605 64 3251 -1
2618 53 3260 -1
2623 108 3253 3255 3258 3284 -1
2651 269 3200 3235 3251 3253 3258 3260 3276 3284 -1
2653 113 3260 3276 -1
2657 44 3260 3276 -1
2658 307 3200 3276 3297 -1
2674 103 3251 3253 3265 -1
2683 13 3235 3243 3285 -1
2699 74 3251 3253 3260 3265 3284 -1
2700 168 3251 3258 3260 3276 3291 -1
2701 19 3265 -1
2686 156 3235 3243 3251 3265 3285 -1
2702 80 3265 3276 -1
2703 61 3251 3253 3265 -1
2688 618 3200 3243 3251 3253 3258 3260 3265 3271 3276 3284 3285 3291 -1
2704 75 3235 3243 3251 3265 -1
2660 164 3235 3251 3265 3285 3291 -1
2689 38 3265 3284 -1
2667 126 3265 -1
2690 26 3253 3255 3258 -1
2691 44 3291 -1
2692 19 3265 -1
2706 18 3243 -1
2696 64 3251 3274 -1
2697 45 3253 3260 -1
2724 10 3200 -1
2727 33 3265 3276 -1
2737 16 3253 -1
2740 28 3200 -1
2747 79 3200 3258 3260 3265 3291 -1
2746 25 3265 -1
2774 46 3238 -1
2790 173 3253 3260 3265 -1
2804 16 3260 -1
2819 18 3251 -1
2654 104 3253 3255 3258 -1
2799 8 3200 -1
2855 16 3276 -1
2856 5 3243 -1
2859 139 3200 3258 3260 3291 -1
2871 282 3243 3251 3253 3258 3260 3276 3284 3291 -1
2872 87 3243 3253 3258 3260 -1
2883 28 3274 -1
2886 3 3238 -1
2900 29 3253 -1
2904 18 3265 -1
2909 57 3260 -1
2912 33 3265 -1
2923 35 3265 3291 -1
2925 19 3265 -1
2932 62 3291 -1
2933 6 3253 -1
2940 123 3238 3266 3291 -1
2947 10 3253 -1
2958 47 3265 3291 -1
2964 70 3251 3258 3265 3291 -1
2967 238 3258 3265 3276 3284 3291 -1
2968 55 3265 3276 3293 -1
2972 357 3258 3274 3291 -1
3000 43 3276 -1
3009 51 3276 -1
3005 28 3260 3265 -1
3010 123 3251 3265 -1
2707 103 3258 3284 -1
3015 44 3274 -1
3020 52 3243 3251 3253 3265 -1
3024 52 3253 3265 3284 -1
3026 175 3200 3258 3260 3265 3276 -1
3028 189 3251 3258 3265 3271 3285 -1
3031 50 3200 3265 -1
3032 216 3200 3238 3276 3291 3297 -1
2713 200 3258 3260 3265 3276 3291 -1
3039 14 3260 -1
3044 6 3265 -1
3056 44 3265 -1
3055 52 3243 3251 3253 3258 -1
3057 48 3276 -1
3059 32 3265 -1
2356 57 3258 -1
3062 42 3235 3243 3251 3253 3258 -1
3092 81 3251 3258 -1
3098 37 3243 3251 3253 3265 3285 -1
3095 37 3243 3251 3253 3285 -1
2842 124 3253 3258 3260 3265 3276 3291 -1
2003 63 3243 3253 3265 3276 -1
3115 5 3291 -1
3125 16 3253 3265 -1
3140 2 3201 -1
3142 49 3293 -1
3144 88 3235 3243 3251 3265 -1
3168 79 3260 3291 -1
3172 13 3276 -1
3175 41 3260 -1
3192 56 3258 -1
3191 68 3274 -1
3199 13 3253 -1
3209 41 3235 -1
3229 1 3235 -1
3230 1 3235 -1
3231 1 3235 -1
3232 1 3235 -1
3234 1 3235 -1
3233 3 3235 -1
3240 1 3243 -1
3241 1 3243 -1
3242 6 3243 3253 -1
3244 1 3245 -1
3250 3 3251 -1
3252 37 3253 3258 -1
3256 19 3276 -1
3258 95 3200 3260 3274 3276 3291 -1
3263 1 3265 -1
3264 1 3265 -1
3259 2 3265 -1
3260 8 3265 -1
3261 1 3265 -1
3262 9 3265 -1
3274 69 3238 -1
3276 79 3258 3291 -1
3284 20 3285 -1
3292 8 3291 -1
3297 51 3238 3258 -1
3315 13 3260 -1
3317 15 3260 -1
3321 18 3238 -1
3350 55 3260 -1
3352 273 3258 3260 3276 3291 -1
3375 43 3260 3276 -1
3380 42 3276 -1
3381 180 3238 -1
3392 33 3284 -1
3394 156 3260 3276 3291 -1
3402 122 3276 -1
3404 89 3238 -1
3390 60 3274 3291 -1
3439 88 3258 3260 3276 3291 -1
3447 271 3238 3274 3276 3291 3297 -1
3449 314 3274 3276 3284 -1
3452 131 3274 -1
3453 319 3238 3274 3284 3291 -1
3454 148 3260 3276 -1
3455 68 3276 3284 -1
3456 241 3238 3274 3291 -1
3457 166 3276 3297 -1
3460 22 3238 -1
3461 101 3271 -1
3465 3 3258 -1
3479 102 3276 -1
3483 20 3276 -1
3477 53 3260 -1
3496 10 3258 -1
3498 114 3238 3297 -1
3519 48 3258 3291 -1
3521 29 3258 3291 -1
3522 71 3291 -1
3525 16 3200 -1
3527 64 3200 3260 -1
3541 81 3200 3260 3276 -1
3544 7 3276 -1
3553 8 3276 -1
3556 14 3200 3276 -1
3562 40 3260 -1
3568 147 3258 -1
3569 42 3200 -1
3586 156 3238 3291 3293 -1
3589 5 3276 -1
3528 13 3276 -1
3614 205 3238 3274 3276 3284 3291 -1
3615 144 3200 3258 3260 3291 -1
3624 64 3274 -1
3631 91 3258 3276 -1
3633 48 3260 -1
3635 63 3276 3291 -1
3636 11 3276 -1
3641 212 3238 3258 3260 -1
3642 362 3238 3274 3291 -1
3643 44 3260 -1
3645 40 3260 3291 -1
3647 13 3260 -1
3660 87 3260 3276 3291 -1
3661 36 3200 3260 -1
3666 144 3260 3274 3284 -1
3667 6 3276 -1
3682 75 3260 3276 3291 -1
3691 95 3238 -1
3714 15 3258 -1
3719 14 3260 -1
3724 93 3258 3291 -1
3728 85 3276 -1
3731 15 3200 -1
3720 11 3260 -1
3766 9 3271 -1
3785 18 3276 -1
3786 99 3260 -1
3787 232 3260 3276 3291 -1
3792 27 3238 3276 -1
3796 113 3274 3276 3284 -1
3794 46 3284 -1
3798 23 3260 -1
3806 45 3291 -1
3812 53 3258 -1
3813 94 3276 -1
3814 47 3258 3260 -1
3815 20 3260 -1
3817 1 3200 -1
3842 15 3260 -1
3843 18 3276 -1
3854 82 3238 3274 3276 -1
3912 17 3291 -1
3916 42 3274 -1
3948 26 3260 3291 -1
3949 30 3258 3260 -1
3954 2 3260 -1
3956 85 3276 -1
3962 4 3260 -1
3964 1 3260 -1
3965 89 3260 3297 -1
3963 1 3260 -1
3969 90 3291 -1
3973 33 3276 3291 -1
3976 145 3271 3276 -1
3985 32 3291 -1
4007 15 3258 -1
4008 7 3276 -1
4036 147 3274 3276 3293 -1
4041 68 3276 -1
4042 21 3291 -1
2981 44 3238 -1
4044 89 3271 -1
4045 257 3284 3291 -1
4046 89 3276 -1
4070 111 3274 3276 3284 -1
4073 115 3274 3284 -1
4074 33 3276 -1
4099 155 3238 3271 3274 3291 -1
4076 86 3276 3291 -1
4123 25 3291 -1
4124 50 3276 -1
4127 41 3276 3291 -1
4128 9 3291 -1
4136 26 3291 -1
4138 64 3274 -1
4151 84 3238 -1
4211 65 3291 -1
4219 112 3284 -1
4222 41 3274 -1
4221 42 3238 3274 3284 -1
4233 2 3284 -1
4248 1 3291 -1
4261 24 3276 -1
4273 23 3276 -1
4295 17 3284 -1
4338 40 3291 -1
4354 6 3284 -1
4363 22 3291 -1
4422 15 3293 -1
4437 70 3238 -1
4441 202 3238 -1
4483 153 3238 3274 3291 -1
4488 50 3238 -1
4489 15 3238 -1
4536 81 3276 3284 -1
4547 45 3276 -1
4564 33 3276 -1
4616 7 3238 -1
4653 114 3276 3291 -1
4662 46 3238 3276 -1
4666 24 3293 -1
4673 96 3284 3291 -1
4681 20 3297 -1
4688 59 3276 -1
4717 62 3293 -1
4712 121 3238 -1
4725 36 3284 -1
4746 18 3276 -1
4748 38 3284 -1
4764 53 3293 -1
4781 27 3274 -1
4824 101 3274 -1
4859 30 3276 -1
4894 79 3274 3276 -1
4898 11 3276 -1
4899 169 3238 3274 3284 -1
4947 10 3276 3284 -1
4948 214 3238 3274 3276 3284 -1
4960 8 3291 -1
4964 60 3284 -1
4967 361 3238 3274 3291 -1
4974 44 3284 -1
4980 16 3274 -1
5022 172 3291 -1
5028 43 3238 -1
5039 7 3284 -1
5043 2 3284 -1
5053 52 3238 -1
5077 1 3284 -1
5078 3 3284 -1
5079 271 3284 3291 3297 -1
5080 3 3284 -1
5081 5 3284 -1
5102 54 3238 3293 -1
5103 127 3238 -1
4828 168 3238 3291 -1
5140 51 3291 -1
5166 48 3238 -1
5172 29 3238 3274 -1
5176 139 3274 -1
4310 278 3238 3274 3291 -1
5179 217 3238 3274 -1
5180 49 3274 -1
5185 152 3238 3291 -1
5188 211 3238 3274 3291 -1
5189 312 3238 3274 -1
5190 80 3274 -1
5196 32 3238 -1
5217 21 3238 -1
5263 75 3274 -1
5445 63 3238 -1
5479 28 3238 -1
5485 21 3238 -1
5524 389 3238 3291 3293 -1
5531 243 3274 3291 -1
5532 26 3291 -1
5552 8 3238 -1
5553 46 3293 -1
5562 13 3274 -1
5582 105 3291 -1
5591 27 3291 -1
5612 66 3291 3297 -1
5614 7 3293 -1
5624 28 3293 -1
5696 50 3291 -1
5702 10 3238 -1
5718 1 3274 -1
5775 42 3297 -1
5773 75 3238 -1
5796 191 3238 3291 -1
5800 222 3238 3297 -1
5802 385 3291 3293 3297 -1
5810 29 3291 -1
5812 41 3291 -1
5814 144 3238 3293 -1
5816 84 3291 -1
5817 75 3291 -1
5822 98 3291 -1
5927 10 3293 -1
5934 42 3291 -1
5998 81 3291 -1
6016 10 3238 -1
6072 54 3293 3297 -1
6169 3 3291 -1
6174 10 3238 -1
6217 31 3291 -1
6221 31 3297 -1
6229 19 3238 -1
6241 75 3238 3291 -1
6270 88 3291 -1
6299 78 3238 -1
6305 190 3291 3297 -1
6320 23 3291 -1
6323 44 3291 -1
6442 4 3238 -1
6443 70 3238 -1
6483 28 3291 -1
6484 10 3238 -1
6494 101 3238 -1
6502 12 3238 -1
6510 54 3293 3297 -1
6460 58 3291 -1
6596 177 3238 3293 3297 -1
6618 91 3293 3297 -1
6624 135 3238 3293 -1
6657 11 3293 -1
6866 4 3238 -1
6900 31 3297 -1
6914 95 3297 -1
6907 191 3238 3293 3297 -1
6918 29 3297 -1
6934 65 3238 -1
6941 57 3238 -1
7026 13 3297 -1
7052 142 3238 -1
7045 36 3238 -1
7053 31 3297 -1
7054 40 3238 -1
7046 21 3238 -1
7047 161 3238 3293 3297 -1
7055 98 3238 -1
7057 118 3297 -1
7063 16 3238 -1
7080 70 3297 -1
6946 68 3238 -1
7086 123 3293 3297 -1
5015 14 3293 -1
7120 18 3238 -1
7131 24 3238 -1
7132 30 3238 -1
7231 101 3238 -1
7280 89 3238 3293 3297 -1
7343 12 3238 -1
7390 24 3238 -1
7321 3 3293 -1
7394 5 3293 -1
7449 39 3297 -1
7490 27 3238 -1
7517 2 3293 -1
7564 31 3238 3293 -1
7586 7 3238 -1
7594 4 3293 -1
7598 33 3238 -1
7614 39 3238 -1
7649 10 3238 -1
7663 1 3238 -1
7664 1 3238 -1
7665 6 3238 -1
7682 36 3297 -1
7774 35 3293 -1
7862 11 3293 -1
7865 24 3293 -1
7902 21 3293 -1
7980 15 3297 -1
8060 5 3293 -1
8061 5 3293 -1