11 743 3002 3005 3007 3010 3014 3024 3026 3028 3034 3059 3073 3084 3092 -1
15 50 3005 -1
20 187 3027 -1
24 309 3018 3028 3089 -1
36 227 3034 3089 -1
42 89 3026 -1
44 44 3028 -1
59 94 3015 -1
86 122 3050 3092 -1
71 109 3027 -1
87 195 3027 -1
90 72 3014 3027 3034 -1
94 80 3034 3089 -1
98 8 3002 -1
106 9 3033 -1
68 275 3014 3018 3021 3024 3026 3028 3034 3050 3056 3084 3089 -1
122 213 3007 3010 3014 3024 3028 3029 3034 3059 3084 -1
113 89 3034 -1
127 132 3007 3009 3028 3034 3089 -1
136 99 3005 -1
147 58 3026 3056 3059 -1
168 9 3027 -1
172 123 3009 3018 3020 3030 3089 3099 -1
173 334 3002 -1
180 54 3010 3089 -1
166 93 3005 -1
203 31 3018 -1
259 56 3084 -1
263 22 3092 -1
280 76 3089 -1
291 35 3014 3034 -1
290 71 3005 -1
306 244 3005 3015 3021 3089 -1
308 142 3005 -1
310 230 3028 3034 3089 -1
311 321 3007 3009 3033 3034 3068 3089 -1
313 54 3005 -1
319 199 3029 3033 -1
346 86 3009 3034 3089 3099 -1
193 21 3005 3034 -1
383 45 3026 3089 -1
407 145 3014 3020 -1
417 9 3005 -1
425 79 3020 3030 3089 -1
432 157 3002 3024 3026 3027 3033 3059 -1
449 9 3007 3010 -1
457 732 3010 3014 3020 3026 3034 3059 3084 3089 -1
539 2 3010 -1
546 142 3005 -1
556 121 3018 -1
582 34 3073 -1
586 13 3005 -1
600 214 3002 3009 3018 3033 3034 -1
646 17 3089 -1
650 98 3034 3082 -1
663 158 3014 3084 -1
667 19 3009 -1
668 2 3089 -1
689 47 3089 -1
695 118 3007 -1
704 81 3005 3028 -1
722 264 3007 3018 3020 3029 3033 3034 3050 3056 3068 3089 -1
727 32 3050 -1
737 232 3084 3092 -1
766 773 3000 3002 3005 3009 3010 3014 3015 3021 3027 3029 3033 3034 3050 3073 3089 3092 -1
769 146 3002 -1
784 224 3007 3014 3020 3030 3089 -1
789 317 3002 3027 3073 3089 3092 -1
805 90 3009 -1
813 272 3005 3024 3026 3029 3033 3034 3059 -1
822 11 3026 -1
826 249 3018 3021 3029 3033 3034 3056 3089 3099 -1
825 165 3024 3026 3028 3084 -1
836 26 3026 -1
838 36 3009 -1
841 61 3029 3034 3056 3092 -1
842 30 3018 -1
854 99 3050 -1
856 91 3018 3030 3084 3089 -1
865 97 3018 3089 -1
871 59 3023 3050 -1
879 122 3014 3026 3028 3059 -1
904 119 3084 -1
946 110 3026 3050 -1
947 27 3005 -1
974 36 3005 -1
988 292 3005 3007 3009 3010 3018 3020 3021 3024 3026 3028 3029 3030 3033 3034 3056 3059 3084 3089 3099 -1
993 238 3014 -1
994 45 3030 -1
996 297 3027 3029 3089 -1
1000 60 3015 3089 -1
1006 138 3034 -1
1024 41 3009 3029 3033 3034 -1
1032 39 3024 3089 -1
1034 33 3005 -1
1037 86 3014 3030 -1
1055 196 3005 3014 3084 3089 -1
1062 156 3005 3021 3024 3026 3029 3030 3033 3059 -1
1063 29 3089 -1
1064 16 3034 -1
1075 74 3018 3034 -1
1097 88 3014 3020 3027 3030 3033 3089 -1
1098 305 3005 3018 3029 3030 3033 3034 3084 -1
1111 60 3084 -1
1127 62 3030 3084 -1
1132 57 3027 -1
1133 399 3002 3007 3014 3034 3073 3089 -1
1134 3 3005 -1
1135 115 3034 3056 -1
1137 135 3026 3033 3059 -1
1151 472 3002 3005 3009 3024 3026 3027 3028 3033 3034 3089 3092 -1
922 149 3005 -1
1166 599 3002 3007 3014 3018 3021 3026 3030 3033 3034 3056 3084 3089 3092 3099 -1
1167 158 3028 3033 -1
1169 29 3020 -1
1196 9 3050 -1
1200 107 3021 3030 3033 3034 3089 3099 -1
1202 66 3018 3033 3034 -1
1204 61 3002 3030 -1
1207 26 3050 3056 -1
1210 218 3020 3027 3089 -1
1215 65 3089 -1
1221 77 3007 3021 3024 3099 -1
1236 103 3005 3030 -1
1241 35 3005 3084 -1
1247 77 3002 -1
1253 51 3033 -1
1259 45 3005 -1
1267 61 3033 -1
1279 124 3005 3009 -1
1285 31 3005 3009 -1
1291 34 3014 3021 -1
1296 9 3026 -1
1297 76 3005 3024 3029 3034 3084 -1
1305 290 3005 3007 3009 3010 3018 3021 3024 3028 3029 3030 3033 3050 3056 3059 3073 3084 3089 3099 -1
1306 20 3059 -1
1319 181 3005 3014 3021 3024 3033 -1
1320 6 3005 -1
1360 22 3020 3089 -1
1356 20 3020 -1
1357 91 3033 -1
1374 462 3005 3018 3020 3030 3084 3089 -1
1382 17 3005 -1
1381 52 3026 3059 -1
1390 32 3009 3018 3020 3099 -1
1395 199 3026 3029 3033 3059 -1
1416 13 3020 3030 -1
1419 41 3029 3056 -1
1428 183 3005 3021 3033 3080 -1
1184 79 3034 -1
1468 20 3089 -1
1466 24 3089 -1
1470 156 3002 3005 3010 3089 -1
1487 117 3020 3021 3030 -1
1492 157 3005 3020 3033 -1
1496 210 3005 3007 3033 -1
1497 28 3020 -1
1500 48 3018 -1
1501 38 3089 -1
1506 41 3020 -1
1521 99 3005 3014 3024 -1
1522 139 3059 3084 3089 -1
1538 81 3005 -1
1537 68 3005 3024 3027 3033 -1
1542 244 3007 3014 3015 3026 3027 3089 3092 -1
1552 81 3014 -1
1549 587 3005 3007 3009 3010 3024 3026 3027 3028 3029 3030 3033 3034 3059 3080 3084 3089 -1
1550 42 3007 -1
1566 46 3026 3033 3059 -1
1583 87 3034 -1
1585 102 3005 -1
1592 30 3034 3089 -1
1608 355 3021 3029 3030 3034 3089 3099 -1
1614 73 3034 -1
1621 80 3084 -1
1622 50 3005 3068 -1
1564 27 3030 -1
1667 55 3014 -1
1647 19 3005 -1
1691 50 3000 3033 -1
1701 112 3002 3026 3029 3089 -1
1700 93 3050 -1
1705 47 3029 3033 -1
1717 96 3007 3029 -1
1729 19 3084 -1
1730 45 3050 -1
1733 42 3015 3073 3089 -1
1744 8 3024 -1
1748 76 3009 3026 3030 -1
1749 68 3020 3030 3033 -1
1767 97 3029 3033 -1
1769 67 3027 -1
1772 141 3024 -1
1751 35 3018 -1
1783 57 3005 3030 -1
1795 44 3020 -1
1803 19 3002 -1
1807 8 3059 -1
1808 129 3028 -1
1813 41 3014 3024 3026 3028 3034 -1
1814 105 3029 3033 3034 3050 3056 3099 -1
1820 90 3089 -1
1835 73 3002 -1
1837 28 3033 3034 -1
1848 16 3089 -1
1875 33 3029 -1
1896 51 3021 3092 3099 -1
1912 3 3026 3059 -1
1915 33 3089 -1
1918 20 3005 3014 -1
1919 112 3033 3034 3099 -1
1922 204 3002 3007 3018 3020 3021 3024 3026 3028 3029 3030 3050 3056 3059 3082 3084 3089 3099 -1
1925 22 3018 -1
1937 13 3084 -1
827 3 3024 -1
1951 29 3010 -1
1972 181 3005 3007 3009 3024 3026 3027 3028 3029 3030 3059 3084 3089 -1
1980 47 3005 3029 -1
1985 56 3099 -1
1990 36 3007 -1
1993 3 3059 -1
1794 26 3034 -1
2001 39 3089 -1
2009 63 3033 -1
2016 13 3026 3059 -1
2033 22 3084 -1
2062 121 3007 3014 -1
2065 50 3002 3018 -1
2072 121 3029 3033 -1
2093 55 3029 -1
2102 45 3080 -1
2109 47 3007 -1
2111 4 3030 -1
2114 39 3007 3026 3028 3029 3034 3050 3056 3059 3068 3084 3099 -1
2116 20 3005 3034 -1
2120 122 3056 3068 3082 3089 -1
2129 44 3024 3026 3034 -1
2133 129 3029 -1
2135 146 3010 3020 3033 3034 3089 -1
2145 145 3002 3005 3024 3084 -1
2160 26 3089 -1
2171 16 3021 3030 -1
2172 29 3034 -1
2174 65 3007 3030 -1
2176 17 3099 -1
2186 61 3021 3029 3089 -1
2209 31 3018 3020 -1
2210 17 3084 -1
2215 15 3018 3027 -1
2223 15 3084 -1
2225 34 3007 3020 3034 3089 -1
2234 14 3089 -1
2230 49 3005 3033 3059 3080 3084 -1
2231 66 3030 3050 3056 3068 -1
2229 143 3018 3020 3021 3030 3089 -1
2233 36 3033 3056 -1
2236 75 3020 3030 3033 3034 3089 3099 -1
2237 241 3005 3010 3014 3021 3024 3026 3028 3029 3033 3034 3059 3084 3089 -1
2240 108 3005 3014 3020 3024 3030 -1
2251 25 3020 3056 -1
2252 22 3005 3026 -1
2256 247 3005 3023 3028 3030 3089 -1
2258 95 3089 -1
2274 48 3080 -1
2277 8 3089 -1
2290 120 3005 3007 3009 3010 3024 3059 -1
2297 164 3005 3009 3014 3020 3024 3026 3033 3034 3059 3089 -1
2298 48 3028 -1
2299 67 3026 3030 -1
2307 7 3024 -1
2323 111 3005 3007 3014 3018 3020 3028 -1
2326 252 3005 3007 3009 3010 3020 3021 3024 3026 3028 3030 3059 3084 -1
2328 215 3005 3010 3014 3024 3026 3028 3034 -1
2332 36 3018 3020 -1
2272 31 3034 3089 -1
2360 3 3005 -1
2365 77 3005 3009 3020 3028 3030 -1
2368 17 3018 3021 -1
2369 189 3002 -1
2371 124 3007 3026 3029 3033 3034 3056 3059 3068 3080 -1
2376 26 3005 3024 -1
2381 71 3007 3034 3089 -1
2379 45 3005 3099 -1
2384 72 3007 3028 -1
2387 66 3014 3089 -1
2398 62 3024 3026 3084 -1
2410 34 3027 -1
2411 141 3005 3014 3024 3028 3029 3030 3034 3050 3084 3089 -1
2416 37 3029 3068 3080 3099 -1
2435 35 3030 3034 3089 -1
2440 50 3007 3026 3034 3084 -1
2475 2 3026 -1
2472 75 3089 3099 -1
2473 103 3029 3033 3050 3056 3068 3099 -1
2476 35 3029 3033 3034 3056 3068 3099 -1
2485 324 3005 3007 3009 3010 3014 3018 3020 3024 3026 3027 3028 3029 3034 3056 3059 3073 3089 -1
2488 21 3018 -1
2497 38 3010 3050 3089 -1
2502 30 3002 3018 -1
2504 100 3002 3009 3020 3034 3050 3068 3084 3092 -1
2506 46 3014 -1
2507 69 3005 3015 3021 3033 3034 -1
2510 68 3005 3030 3034 -1
2511 8 3084 -1
2516 44 3026 -1
2518 4 3024 -1
2541 37 3029 3050 3068 3082 3089 3099 -1
2542 93 3018 3021 3028 -1
2545 7 3026 -1
2546 34 3034 -1
2547 105 3014 3034 3050 3056 3068 3089 3099 -1
2548 12 3005 -1
2549 70 3002 3005 3007 3024 3029 3033 -1
2557 77 3014 -1
2558 2 3020 -1
2559 82 3029 3034 -1
2560 180 3009 3024 3034 3050 3056 3073 3084 3089 3099 -1
2564 50 3027 -1
2565 893 3000 3002 3005 3007 3009 3010 3018 3020 3021 3024 3026 3027 3028 3029 3030 3033 3034 3050 3056 3059 3068 3073 3084 3089 3092 3099 -1
2576 146 3005 3021 3033 3084 3089 3092 3099 -1
2585 60 3005 3024 3028 3030 3089 -1
2593 32 3026 3082 -1
2594 45 3005 3030 3082 3089 -1
2595 49 3034 3089 -1
2596 13 3073 -1
2474 142 3007 3024 3029 3033 3034 3068 -1
2599 9 3009 -1
2605 64 3029 3033 -1
2609 7 3002 -1
2613 25 3059 -1
2617 22 3029 -1
2618 53 3030 -1
2623 108 3024 -1
2619 46 3028 3084 -1
2646 39 3029 3056 3099 -1
2651 269 3005 3007 3009 3010 3020 3021 3024 3026 3028 3029 3030 3059 3084 -1
2653 113 3005 3007 3009 3024 3026 3028 3059 3084 -1
2655 49 3023 3089 -1
2657 44 3005 3018 3084 -1
2658 307 3000 3002 3005 3010 3014 3092 -1
2659 12 3005 -1
2674 103 3007 3024 3026 3029 3034 3056 3068 3099 -1
2708 9 3002 3030 -1
2699 74 3009 3018 3024 3026 3059 3084 -1
2700 168 3005 3007 3009 3010 3018 3020 3021 3024 3026 3028 3030 3059 3084 -1
2701 19 3030 -1
2686 156 3007 3009 3018 3020 3021 3028 3030 3089 -1
2702 80 3018 3089 3099 -1
2703 61 3020 3021 3030 -1
2688 618 3002 3005 3007 3009 3010 3014 3015 3020 3021 3024 3026 3027 3028 3030 3033 3034 3050 3059 3080 3084 3089 3092 3099 -1
2704 75 3033 3034 3056 3099 -1
2660 164 3005 3010 3014 3018 3020 3027 3030 3089 -1
2689 38 3010 3024 3089 -1
2667 126 3015 3089 3092 -1
2691 44 3014 3092 -1
2692 19 3030 -1
2693 149 3002 3005 3007 3009 3010 3014 3018 3021 3030 3092 -1
2706 18 3007 -1
2696 64 3020 3021 3026 3059 -1
2697 45 3005 3024 3026 3030 3084 -1
2698 15 3009 3020 3030 -1
2711 13 3089 -1
2727 33 3007 3014 3028 -1
2737 16 3089 -1
2747 79 3005 3007 3010 3024 3026 -1
2774 46 3084 3089 -1
2775 35 3034 3089 -1
2790 173 3005 3009 3021 3024 3028 3030 3036 3059 3084 3089 -1
2792 18 3007 -1
2796 8 3056 -1
2544 11 3014 -1
2815 11 3029 -1
2819 18 3018 -1
2822 43 3029 3033 3050 3056 3059 3068 -1
2654 104 3005 3007 3010 3026 3056 3089 -1
2832 50 3029 3099 -1
2851 44 3015 -1
2856 5 3089 -1
2859 139 3007 3024 3028 3034 3073 -1
2860 5 3018 -1
2867 3 3027 -1
2871 282 3005 3007 3010 3014 3020 3024 3026 3028 3029 3030 3033 3034 3050 3056 3073 3080 3084 3089 3092 -1
2872 87 3005 3007 3024 3028 3084 -1
2883 28 3021 -1
2889 14 3027 -1
2901 4 3068 -1
2900 29 3089 -1
2906 6 3059 3084 -1
2908 12 3018 -1
2909 57 3033 -1
2912 33 3020 3021 3033 3034 3099 -1
2913 11 3005 -1
2923 35 3020 3026 3028 -1
2932 62 3028 3059 -1
2933 6 3068 -1
2935 36 3002 -1
2940 123 3005 3009 3026 3028 3056 -1
2947 10 3029 -1
2948 26 3033 3089 -1
2951 19 3014 -1
2958 47 3005 3084 3089 -1
2964 70 3021 3033 3034 -1
2967 238 3002 3005 3007 3009 3010 3014 3026 3029 3034 3059 3073 -1
2968 55 3026 3089 -1
2972 357 3002 3027 3028 3089 3092 -1
2969 3 3028 -1
2974 15 3099 -1
2983 28 3014 -1
2987 9 3089 -1
2988 55 3026 3059 -1
2989 10 3026 3059 -1
2995 10 3029 3056 -1
3000 43 3021 -1
3005 28 3024 3030 -1
3006 31 3020 3021 3029 3030 3050 3068 -1
3010 123 3005 3007 3009 3024 3026 3028 3030 3033 3059 3084 3089 -1
2707 103 3002 3015 3020 3024 3033 3034 3073 -1
3015 44 3020 -1
3018 19 3034 3084 3099 -1
3020 52 3021 3030 3089 3099 -1
3024 52 3005 3029 -1
3026 175 3007 3014 3024 3027 3028 3029 3033 3050 3059 3073 3084 3092 -1
3029 2 3027 -1
3027 39 3029 3089 -1
3028 189 3007 3009 3026 3029 3084 3089 -1
3031 50 3005 3018 -1
3032 216 3005 3020 3026 3027 3089 -1
3033 45 3024 3026 3059 3089 -1
3034 38 3005 3014 3089 3092 -1
2713 200 3005 3007 3009 3021 3024 3026 3028 3030 3059 3084 -1
3037 7 3021 3089 -1
3039 14 3005 -1
3040 7 3021 -1
3041 14 3030 -1
3048 1 3050 -1
3049 6 3033 3034 3050 3099 -1
3046 10 3018 3050 -1
3056 44 3002 3009 3033 3034 3099 -1
3051 1 3056 -1
3052 1 3056 -1
3053 9 3056 -1
3054 1 3056 -1
3055 52 3005 3009 3010 3024 3026 3028 3034 3056 3059 -1
3057 48 3007 3024 -1
3059 32 3026 3033 -1
3047 12 3033 3034 3068 3099 -1
3060 4 3033 -1
2356 57 3005 3007 3024 3026 3028 3033 3084 -1
3061 2 3033 -1
3062 42 3033 3089 -1
3073 34 3002 3021 3034 -1
3077 4 3034 3099 -1
3063 3 3082 -1
3081 20 3082 -1
3083 2 3034 -1
3084 62 3005 3026 3059 3089 -1
3085 1 3034 -1
3086 8 3034 3099 -1
3087 8 3034 3089 -1
3088 37 3005 3007 3034 3089 -1
3089 4 3034 -1
3090 12 3034 -1
3091 1 3034 -1
3092 81 3027 3034 -1
3093 1 3099 -1
3094 5 3089 3099 -1
3097 1 3099 -1
3098 37 3020 3089 3099 -1
3095 37 3018 3099 -1
3096 3 3099 -1
2842 124 3005 3009 3010 3020 3024 3028 -1
3110 21 3028 -1
2003 63 3007 3018 3026 3084 3092 -1
3123 3 3020 -1
3125 16 3005 -1
3127 15 3028 -1
3142 49 3005 -1
3144 88 3014 3018 3021 3026 3028 3059 -1
3145 18 3034 3089 -1
3168 79 3007 3020 -1
3172 13 3007 3028 -1
3175 41 3024 3026 3059 -1
3190 10 3084 -1
3188 20 3028 -1
3192 56 3024 3026 3059 3092 -1
3191 68 3002 3027 -1
3196 22 3059 -1
3199 13 3028 -1
3209 41 3005 -1
3225 13 3020 -1
3227 19 3089 -1
3238 28 3084 -1
3252 37 3009 3024 3028 3059 -1
3256 19 3020 3021 -1
3258 95 3005 3015 3030 3034 -1
3260 8 3030 -1
3262 9 3034 -1
3272 2 3030 -1
3274 69 3015 3084 -1
3276 79 3007 3014 3021 3024 3026 3028 3034 -1
3284 20 3024 3089 -1
3288 1 3020 -1
3291 58 3014 3059 3089 -1
3297 51 3007 3021 -1
3300 5 3021 -1
3301 15 3026 3059 -1
3304 31 3005 3010 3018 -1
3305 5 3018 -1
3317 15 3024 -1
3321 18 3084 -1
3326 18 3014 3021 3030 -1
3335 1 3030 -1
3331 1 3030 -1
3332 1 3030 -1
3333 15 3030 -1
3334 13 3030 -1
3343 13 3005 3028 -1
3345 35 3021 -1
3346 5 3021 -1
3350 55 3002 3027 3028 3034 -1
3352 273 3005 3007 3009 3014 3024 3026 3027 3028 3059 3084 3089 3092 -1
3366 63 3014 3027 -1
3375 43 3005 3026 -1
3379 19 3009 -1
3380 42 3005 -1
3381 180 3000 -1
3392 33 3024 3084 -1
3394 156 3005 3010 3014 3027 3084 -1
3395 1 3018 -1
3396 2 3018 -1
3397 3 3018 -1
3398 1 3018 -1
3399 3 3018 -1
3400 1 3018 -1
3401 1 3018 -1
3403 3 3018 -1
3402 122 3002 3014 3018 3027 3034 3092 -1
3036 7 3009 -1
3404 89 3010 3027 3059 3089 -1
3390 60 3073 -1
3443 20 3026 -1
3439 88 3009 3026 3084 -1
3447 271 3014 3015 3027 3034 3089 3092 -1
3449 314 3002 3014 3015 3027 3034 3073 3089 3092 -1
3450 27 3014 3034 -1
3451 98 3014 3073 -1
3452 131 3073 3092 -1
3453 319 3002 3014 3027 3034 3073 3089 3092 -1
3454 148 3028 3084 -1
3455 68 3002 3034 3073 -1
3456 241 3014 3027 3034 3089 3092 -1
3457 166 3002 3027 3028 3073 3084 3092 -1
3458 69 3002 3005 3026 -1
3459 92 3015 3027 3089 -1
3461 101 3034 3073 3089 -1
3462 54 3014 -1
3463 56 3014 3027 3034 3073 -1
3469 23 3028 3073 3084 -1
3479 102 3002 3005 3009 3027 3073 3084 3089 -1
3480 18 3007 -1
3481 17 3059 -1
3482 24 3010 3028 -1
3483 20 3026 -1
3477 53 3005 3010 3024 -1
3478 42 3089 -1
3488 16 3084 -1
3498 114 3014 3015 3089 -1
3513 4 3009 -1
3518 6 3005 -1
3519 48 3007 3024 3026 3028 3084 3092 -1
3521 29 3005 -1
3523 28 3005 3010 -1
3525 16 3005 3059 -1
3527 64 3007 3010 3024 3026 3028 3059 3084 -1
3386 12 3005 3028 3089 -1
3541 81 3005 3007 3026 3028 3059 3084 -1
3508 11 3026 -1
3554 6 3009 -1
3555 14 3009 3024 3026 -1
3557 10 3028 3084 -1
3562 40 3005 3024 -1
3568 147 3010 3015 -1
3569 42 3026 3059 -1
3576 4 3026 -1
3586 156 3084 -1
3528 13 3024 -1
3591 13 3014 -1
3601 52 3027 3089 -1
3597 13 3010 3026 3059 -1
3603 12 3002 -1
3611 22 3005 3059 -1
3614 205 3002 3027 3034 3089 -1
3615 144 3007 3024 3026 3059 -1
3622 22 3024 3026 3028 3059 3084 -1
3624 64 3007 3024 3026 -1
3629 4 3010 -1
3630 32 3005 3024 -1
3631 91 3007 3026 3084 -1
3633 48 3028 -1
3634 82 3089 -1
3635 63 3007 -1
3639 12 3026 -1
3641 212 3002 3014 3024 3026 3027 3059 3084 3089 -1
3642 362 3084 3089 -1
3643 44 3024 3089 -1
3647 13 3007 3024 3028 -1
3655 9 3002 -1
3658 39 3005 3089 -1
3659 38 3026 3028 3059 3084 -1
3660 87 3002 -1
3661 36 3007 3024 3026 -1
3665 20 3028 -1
3666 144 3024 3026 3089 -1
3678 17 3059 -1
3682 75 3024 -1
3709 7 3026 -1
3714 15 3010 -1
3715 1 3010 -1
3717 1 3010 -1
3718 1 3005 -1
3719 14 3005 -1
3724 93 3026 3059 -1
3571 45 3059 -1
3726 3 3092 -1
3728 85 3034 3089 -1
3744 2 3024 -1
3748 30 3026 3059 -1
3750 2 3007 -1
3751 11 3028 -1
3754 6 3026 3059 -1
3766 9 3028 3034 -1
3775 12 3024 -1
3785 18 3026 -1
3786 99 3089 -1
3787 232 3007 3014 3034 3073 3084 3089 -1
3792 27 3034 -1
3796 113 3002 3014 3034 3092 -1
3794 46 3092 -1
3798 23 3007 3028 -1
3799 6 3007 3028 -1
3800 3 3028 -1
3802 8 3024 3084 -1
3806 45 3024 -1
3812 53 3014 3024 3089 -1
3815 20 3024 -1
3830 20 3014 -1
3821 2 3007 -1
3839 5 3014 -1
3842 15 3007 3024 -1
3854 82 3024 3026 3034 3059 3089 -1
3858 1 3059 -1
3862 2 3059 -1
3863 5 3026 3059 -1
3864 1 3059 -1
3865 2 3059 -1
3873 4 3084 -1
3648 9 3026 3084 -1
3876 3 3026 -1
3881 2 3026 -1
3902 43 3014 3034 -1
3919 15 3024 -1
3952 1 3024 -1
3953 1 3024 -1
3954 2 3024 -1
3955 3 3024 -1
3956 85 3024 3089 -1
3965 89 3027 3073 -1
3976 145 3014 3034 3089 -1
3982 20 3089 -1
4008 7 3089 -1
4036 147 3000 3027 -1
4040 104 3089 -1
4041 68 3015 3089 -1
4044 89 3014 3073 3089 -1
4045 257 3002 3015 3034 3073 3089 3092 -1
4046 89 3002 -1
4077 77 3027 3034 3092 -1
4065 131 3002 3015 -1
4070 111 3092 -1
4073 115 3014 -1
4099 155 3089 3092 -1
4116 12 3002 -1
4127 41 3014 -1
4142 37 3034 -1
4149 2 3089 -1
4150 16 3073 -1
4151 84 3027 3034 3073 -1
4152 43 3014 -1
3995 57 3015 3089 -1
4219 112 3002 3014 3092 -1
4221 42 3014 -1
4273 23 3014 -1
4276 52 3027 3089 3092 -1
4297 38 3089 -1
4326 7 3089 -1
4329 12 3092 -1
4338 40 3084 -1
4335 32 3084 -1
4353 80 3015 3027 -1
4355 50 3089 3092 -1
4364 39 3014 -1
4377 11 3034 -1
4415 17 3073 -1
4416 11 3084 -1
4430 6 3014 -1
4437 70 3014 3034 -1
4440 6 3014 -1
4441 202 3002 3092 -1
4442 18 3014 -1
4447 14 3084 -1
4448 36 3014 -1
4483 153 3089 -1
4488 50 3014 3084 -1
4536 81 3000 -1
4547 45 3014 -1
4550 100 3027 3089 3092 -1
4563 11 3092 -1
4574 40 3084 -1
4582 5 3014 -1
4588 11 3014 -1
4615 1 3014 -1
4616 7 3014 3089 -1
4617 1 3014 -1
4618 4 3014 3034 -1
4487 31 3089 -1
4632 228 3000 3084 -1
4644 1 3034 -1
4653 114 3089 -1
4662 46 3073 -1
4666 24 3089 -1
4686 57 3089 -1
4688 59 3002 3073 -1
4717 62 3084 3089 -1
4718 46 3089 -1
4712 121 3015 3089 -1
4725 36 3002 -1
4726 15 3027 -1
4746 18 3002 -1
4741 3 3002 -1
4764 53 3000 3084 3089 -1
4781 27 3089 -1
4792 62 3084 -1
4818 28 3002 3092 -1
4824 101 3089 -1
4829 78 3027 3089 -1
4843 24 3084 -1
4859 30 3092 -1
4866 2 3073 -1
4894 79 3015 -1
4899 169 3002 3027 3084 3089 3092 -1
4924 10 3015 -1
4937 17 3002 -1
4948 214 3002 3015 3027 3089 3092 -1
4964 60 3015 3089 -1
4967 361 3002 3015 3027 3089 3092 -1
4973 8 3002 -1
4974 44 3002 3027 3089 -1
4976 23 3089 -1
4981 53 3084 -1
4982 43 3092 -1
4992 4 3002 -1
4994 19 3015 -1
5008 27 3089 -1
5009 14 3027 -1
5013 7 3027 -1
5022 172 3015 -1
5020 139 3027 3089 -1
5029 26 3027 -1
5037 18 3089 -1
5038 5 3002 -1
5039 7 3002 -1
5040 3 3002 3027 -1
5051 8 3084 -1
5079 271 3015 3084 3089 -1
5110 84 3092 -1
4828 168 3089 -1
5117 2 3092 -1
5118 13 3027 3092 -1
5119 18 3092 -1
5121 9 3089 -1
5123 69 3015 -1
5050 11 3092 -1
5126 3 3092 -1
5135 1 3092 -1
5166 48 3084 -1
5171 41 3089 -1
5176 139 3027 3089 -1
5177 101 3084 3089 -1
4310 278 3000 3027 3084 3089 -1
5179 217 3000 3084 -1
5180 49 3089 -1
5184 68 3027 3089 -1
5185 152 3015 -1
5189 312 3015 3027 3084 3089 -1
5190 80 3027 -1
5203 15 3027 -1
5207 13 3089 -1
5233 24 3027 -1
5243 19 3027 -1
5246 44 3089 -1
5254 33 3089 -1
5262 59 3089 -1
5263 75 3027 3089 -1
5282 4 3089 -1
5296 16 3089 -1
5301 61 3089 -1
5313 12 3027 -1
5316 24 3089 -1
5320 11 3027 -1
5344 3 3027 -1
5360 15 3027 -1
5382 19 3027 -1
5386 3 3027 -1
5391 37 3027 3084 -1
5399 8 3089 -1
5427 37 3089 -1
5436 1 3027 -1
5437 26 3027 -1
5438 1 3027 -1
5439 66 3027 -1
5440 2 3027 -1
5445 63 3000 3015 -1
5446 26 3015 -1
5455 8 3089 -1
5457 44 3089 -1
5484 22 3089 -1
5524 389 3000 3015 3084 3089 -1
5531 243 3000 3015 3089 -1
5543 137 3015 3089 -1
5582 105 3015 -1
5612 66 3084 -1
5396 12 3089 -1
5630 36 3015 -1
5655 139 3084 3089 -1
5680 4 3089 -1
5684 18 3089 -1
5691 49 3015 3089 -1
5697 230 3084 3089 -1
5704 4 3089 -1
5739 45 3015 -1
5783 23 3089 -1
5787 32 3089 -1
5796 191 3015 3084 3089 -1
5800 222 3000 3084 -1
5804 33 3000 -1
5810 29 3084 -1
5814 144 3084 3089 -1
5818 67 3015 -1
5819 61 3089 -1
5836 11 3089 -1
5857 92 3089 -1
5862 24 3089 -1
5871 50 3084 3089 -1
5930 3 3089 -1
5932 33 3089 -1
5933 4 3089 -1
5934 42 3089 -1
5935 11 3089 -1
5936 2 3089 -1
5937 1 3089 -1
5938 2 3089 -1
5942 4 3089 -1
5939 3 3089 -1
5940 13 3089 -1
5941 1 3089 -1
5999 20 3084 -1
6000 10 3084 -1
6020 25 3015 -1
6043 39 3015 3084 -1
6075 18 3015 -1
6082 18 3084 -1
6156 22 3015 -1
6305 190 3084 -1
6421 23 3084 -1
6443 70 3084 -1
6494 101 3084 -1
6510 54 3084 -1
6523 33 3084 -1
6560 43 3084 -1
6624 135 3000 -1
6772 77 3084 -1
6774 24 3084 -1
6855 14 3084 -1
6907 191 3000 3084 -1
6941 57 3000 -1
6951 47 3084 -1
6316 19 3084 -1
6993 81 3084 -1
7053 31 3084 -1
7054 40 3000 -1
7055 98 3000 -1
7057 118 3000 3084 -1
7080 70 3084 -1
7225 47 3084 -1
7231 101 3000 3084 -1
7236 23 3084 -1
7239 21 3000 -1
7279 19 3000 -1
7294 39 3084 -1
7378 38 3084 -1
7426 2 3000 -1
7471 9 3084 -1
7586 7 3084 -1
7614 39 3084 -1
7679 26 3084 -1
7738 6 3084 -1
7808 12 3084 -1