20 187 7726 -1
68 275 7795 -1
109 190 7757 7763 7788 -1
155 28 7701 -1
199 17 7795 -1
335 46 7795 -1
371 117 7795 -1
395 42 7795 -1
425 79 7707 -1
457 732 7757 7791 -1
737 232 7730 7778 7799 -1
742 93 7707 7795 -1
749 66 7778 -1
766 773 7707 7726 7757 7763 7778 7788 7795 -1
1051 46 7778 -1
1055 196 7707 7726 -1
1098 305 7701 7707 7726 7763 -1
1151 472 7763 7788 7795 -1
1166 599 7707 7726 -1
1200 107 7707 -1
1365 7 7795 -1
1374 462 7707 7726 7757 7763 7788 7795 -1
1542 244 7757 7763 7795 -1
1612 68 7726 7763 7788 7791 -1
1667 55 7795 -1
1701 112 7763 7795 -1
1823 49 7707 -1
1896 51 7707 -1
2010 27 7726 7795 -1
2145 145 7757 -1
2452 42 7701 -1
2485 324 7795 -1
2506 46 7778 -1
2560 180 7707 7726 7778 7788 7795 -1
2565 893 7701 7707 7726 7757 7763 7778 7788 7791 7795 7799 -1
2576 146 7757 7763 -1
2658 307 7707 7726 7778 -1
2774 46 7795 -1
2972 357 7734 -1
2983 28 7791 -1
3063 3 7735 -1
3084 62 7788 -1
3142 49 7791 -1
3274 69 7763 -1
3381 180 7726 7757 7788 -1
3449 314 7757 -1
3498 114 7726 -1
3521 29 7757 -1
3587 15 7708 -1
3586 156 7726 7795 -1
2067 3 7763 -1
3787 232 7726 7788 -1
3965 89 7707 7788 -1
4040 104 7788 -1
2981 44 7778 -1
4221 42 7778 -1
4347 55 7701 7778 -1
4398 9 7757 -1
4441 202 7707 7726 7763 7788 7795 -1
4558 1 7757 -1
4598 71 7757 -1
4632 228 7726 7795 -1
4712 121 7707 -1
4792 62 7788 -1
4948 214 7726 7778 -1
5002 115 7763 -1
5103 127 7726 -1
5123 69 7726 -1
4310 278 7707 7778 7795 -1
5188 211 7788 7795 -1
5189 312 7701 -1
5226 17 7726 -1
5262 59 7707 -1
5342 30 7726 7778 -1
5445 63 7707 -1
5524 389 7707 7726 7740 7757 7763 7788 7795 -1
5655 139 7730 7734 7763 -1
5658 10 7726 -1
5738 14 7740 -1
5776 14 7701 -1
5796 191 7757 -1
5800 222 7726 7763 7795 -1
5802 385 7707 7726 7757 7763 7778 7788 7795 -1
5806 83 7730 7734 7735 7788 -1
5814 144 7757 7795 -1
5818 67 7791 -1
5820 20 7707 7757 7763 7788 -1
5859 16 7791 -1
5896 10 7707 -1
5070 4 7778 -1
5915 52 7701 7726 7763 7788 7795 -1
5998 81 7707 7795 -1
6020 25 7763 -1
6043 39 7726 7757 7788 7795 -1
6072 54 7707 7778 -1
6179 7 7788 -1
6241 75 7763 -1
6274 9 7788 -1
6305 190 7778 7795 -1
6398 29 7763 -1
6421 23 7701 -1
6443 70 7788 7795 -1
6494 101 7763 7799 -1
6510 54 7707 7795 -1
6460 58 7701 7765 7799 -1
6548 10 7788 -1
6555 35 7726 -1
6560 43 7701 7757 -1
6570 4 7795 -1
6563 58 7757 7778 -1
6596 177 7707 7726 7730 7757 7763 7778 7788 7791 7795 -1
6618 91 7765 -1
6615 160 7707 7726 7740 7757 7763 -1
6624 135 7757 7763 7799 -1
6712 11 7795 -1
6766 22 7763 -1
6772 77 7791 -1
6855 14 7757 -1
6885 19 7707 -1
6914 95 7757 7788 -1
6907 191 7707 7726 7757 7763 7788 7795 -1
6916 54 7740 7757 7788 -1
6918 29 7778 -1
6924 16 7757 -1
6934 65 7795 -1
6945 18 7763 -1
6951 47 7778 -1
6976 41 7788 7795 -1
6993 81 7701 7757 7763 7788 7795 -1
7005 13 7757 7763 7788 -1
7043 14 7707 7735 7763 -1
7052 142 7707 -1
7045 36 7726 7757 7763 -1
7053 31 7791 -1
7047 161 7707 7726 7763 7778 7788 7795 -1
7055 98 7707 7726 7757 7763 7778 7788 7795 -1
7056 37 7726 7757 7763 7795 -1
7049 27 7757 7763 7788 7795 -1
7057 118 7707 7763 7788 -1
7080 70 7797 -1
6946 68 7701 -1
7092 93 7788 7795 -1
7120 18 7707 -1
7129 11 7763 -1
6889 5 7701 -1
7198 8 7707 -1
7225 47 7707 7730 -1
7231 101 7707 7726 7757 7763 7788 7795 -1
7241 21 7791 -1
7243 1 7763 -1
7262 11 7757 7763 -1
7270 5 7763 -1
7276 5 7740 7763 -1
7279 19 7726 -1
7280 89 7740 7757 7763 7778 7788 7795 -1
7301 27 7707 7757 -1
7281 12 7795 -1
7335 15 7791 -1
7343 12 7788 -1
7350 21 7726 -1
7352 15 7740 -1
7378 38 7757 7795 -1
7386 25 7791 -1
7391 52 7726 -1
7405 18 7763 -1
7449 39 7740 -1
7511 16 7707 -1
7544 11 7788 -1
7570 3 7778 -1
7579 9 7788 7795 -1
7586 7 7757 7763 -1
7614 39 7707 7726 7795 -1
7661 4 7757 -1
7666 14 7701 -1
7675 25 7778 -1
7685 13 7757 -1
7691 19 7778 -1
7696 4 7707 -1
7697 19 7734 7740 7763 -1
7703 2 7707 -1
7704 1 7707 -1
7705 1 7707 -1
7706 2 7707 -1
7719 4 7763 -1
7728 2 7726 7763 -1
7727 30 7726 -1
7729 1 7730 -1
7732 1 7734 -1
7733 45 7734 7791 -1
7736 2 7757 -1
7738 6 7795 -1
7741 4 7757 7763 -1
7743 13 7757 -1
7744 50 7740 -1
7747 8 7795 -1
7750 2 7757 -1
7751 1 7757 -1
7752 2 7757 -1
7753 2 7757 -1
7755 13 7757 -1
7756 2 7757 -1
7758 1 7763 -1
7759 4 7763 -1
7760 1 7763 -1
7761 1 7763 -1
7762 1 7763 -1
7766 13 7788 -1
7771 3 7778 -1
7772 20 7778 7791 -1
7773 1 7778 -1
7774 35 7778 -1
7775 11 7778 -1
7777 1 7778 -1
7780 3 7788 -1
7796 1 7795 -1
8046 16 7791 -1
8051 8 7791 -1
8053 20 7791 -1
8107 13 7791 -1