3 23 108 152 178 182 -1
25 90 127 152 154 182 192 -1
4 29 130 140 147 151 152 -1
5 23 127 130 147 153 163 167 168 175 -1
6 302 127 130 132 135 140 147 151 153 154 163 167 168 171 175 178 182 183 -1
7 24 105 -1
8 182 127 130 132 135 140 144 150 151 152 153 154 163 167 168 175 178 182 183 192 -1
9 81 130 135 144 151 168 -1
10 86 105 130 132 135 147 153 154 163 168 175 183 -1
11 743 105 127 130 132 147 151 153 154 163 168 171 178 183 192 -1
13 11 178 -1
14 114 127 130 140 150 152 178 182 183 192 -1
15 50 105 152 -1
17 45 108 127 135 183 -1
18 12 144 192 -1
19 39 127 130 132 151 154 163 168 182 183 -1
20 187 105 132 135 140 151 153 167 168 182 183 -1
21 76 105 135 140 144 150 168 183 -1
23 74 127 135 144 151 163 168 175 183 -1
24 309 130 132 150 -1
28 133 127 130 132 135 144 147 150 151 152 154 163 178 182 192 -1
33 24 127 140 144 147 167 178 183 -1
36 227 152 -1
35 65 132 135 151 152 153 183 -1
37 20 168 -1
38 14 152 182 -1
39 41 127 135 147 152 163 168 182 -1
26 95 127 130 132 135 140 144 147 151 152 154 163 167 168 182 183 -1
41 30 140 151 183 -1
42 89 105 178 -1
43 4 182 -1
44 44 147 154 -1
46 59 132 150 152 182 -1
47 146 127 135 140 151 152 154 163 168 178 182 -1
48 21 168 -1
50 14 154 -1
51 24 175 -1
29 150 105 127 130 140 147 150 151 152 154 183 -1
55 64 135 144 152 -1
56 24 105 152 175 192 -1
58 38 127 132 144 154 163 167 183 -1
59 94 152 167 168 -1
27 102 132 135 140 144 152 153 167 175 182 183 -1
66 44 152 183 -1
72 164 144 152 178 182 -1
73 13 152 -1
75 31 152 154 192 -1
78 41 144 -1
79 53 153 167 192 -1
77 25 108 130 175 -1
80 59 144 150 151 168 -1
81 18 105 175 192 -1
67 17 132 153 178 192 -1
86 122 150 -1
71 109 144 151 168 -1
87 195 150 151 154 183 192 -1
89 29 151 153 168 -1
90 72 171 -1
93 1 153 -1
92 5 105 168 -1
94 80 127 130 132 147 150 151 152 175 183 -1
95 2 108 -1
102 5 108 -1
103 68 144 167 182 192 -1
115 3 108 -1
104 30 150 152 178 -1
68 275 127 130 -1
110 95 108 175 -1
111 29 192 -1
122 213 152 -1
113 89 132 140 152 -1
124 3 108 -1
130 13 152 182 -1
126 25 130 -1
127 132 130 144 152 178 -1
128 80 127 130 -1
129 4 130 -1
132 29 144 152 -1
133 10 135 144 -1
134 2 144 -1
135 7 144 -1
136 99 132 144 150 178 -1
137 1 144 -1
138 72 132 144 151 153 163 168 -1
139 37 144 192 -1
140 30 135 144 -1
141 1 144 -1
142 25 144 147 182 -1
143 94 132 135 144 171 182 183 -1
145 18 147 -1
146 1 147 -1
151 74 171 182 -1
149 1 151 -1
152 21 182 192 -1
154 61 151 153 168 171 178 -1
155 28 105 -1
156 4 163 168 -1
157 44 140 182 -1
158 7 152 153 -1
159 1 153 -1
160 1 153 -1
161 32 153 154 -1
162 4 168 -1
165 3 152 167 -1
173 334 175 -1
174 1 175 -1
74 69 154 178 -1
176 39 154 -1
177 19 135 183 -1
178 63 182 183 -1
179 17 135 183 -1
180 54 132 135 182 183 -1
181 3 183 -1
182 79 183 -1
166 93 152 171 -1
187 37 135 -1
197 11 152 -1
202 6 135 -1
205 12 140 150 152 -1
215 100 178 192 -1
221 10 135 -1
224 13 152 -1
230 6 171 -1
231 50 132 175 178 -1
232 23 178 -1
236 39 150 151 178 182 -1
237 41 178 -1
257 8 132 -1
254 25 105 150 -1
263 22 182 -1
265 31 150 -1
268 3 178 -1
273 7 151 -1
276 7 132 -1
277 2 140 -1
275 56 152 182 -1
241 8 132 -1
280 76 132 152 178 -1
282 39 132 140 -1
283 2 132 -1
284 7 132 -1
292 6 178 -1
310 230 171 -1
319 199 182 -1
329 6 135 -1
324 14 135 -1
326 12 140 152 -1
335 46 151 -1
150 28 178 -1
336 31 135 151 -1
337 1 135 -1
338 1 135 -1
339 80 135 140 150 -1
340 30 135 151 178 -1
341 47 135 151 171 -1
342 2 135 -1
343 4 135 -1
344 3 135 -1
352 9 192 -1
353 6 152 -1
365 8 152 -1
387 11 150 -1
101 16 108 152 192 -1
383 45 140 150 175 182 -1
400 12 192 -1
406 34 178 -1
410 6 140 -1
418 1 140 -1
426 41 105 151 152 178 182 192 -1
430 5 108 151 -1
432 157 178 -1
438 1 178 -1
412 21 151 178 -1
439 8 178 -1
440 8 178 -1
441 1 178 -1
453 1 192 -1
454 9 192 -1
455 4 192 -1
456 5 192 -1
457 732 155 192 -1
458 4 105 192 -1
462 4 105 -1
463 6 105 -1
164 8 108 151 -1
473 1 105 -1
488 4 105 -1
489 5 105 -1
490 1 105 -1
497 2 152 -1
556 121 150 -1
561 4 152 -1
564 15 150 -1
570 4 152 -1
574 5 151 -1
575 3 152 -1
579 4 152 -1
576 1 152 -1
577 1 152 -1
578 1 152 -1
580 30 182 -1
586 13 151 -1
592 12 150 175 -1
597 2 151 -1
598 1 151 -1
599 1 151 -1
615 35 150 -1
620 14 175 -1
621 1 175 -1
633 55 171 -1
648 2 150 -1
649 40 150 -1
663 158 171 -1
686 83 171 -1
705 28 171 -1
708 51 171 -1
766 773 155 -1
769 146 171 -1
789 317 171 -1
795 60 171 -1
805 90 171 -1
810 34 171 -1
842 30 171 -1
870 38 171 -1
871 59 171 -1
904 119 171 -1
941 80 171 -1
971 72 171 -1
978 65 171 -1
986 77 171 -1
993 238 171 -1
1006 138 171 -1
1029 135 171 -1
1114 39 171 -1
1125 37 171 -1
1129 62 171 -1
1133 399 171 -1
1135 115 171 -1
1160 24 171 -1
1167 158 171 -1
1204 61 171 -1
1211 79 171 -1
1234 16 171 -1
1248 21 171 -1
1253 51 171 -1
1252 2 171 -1
1279 124 171 -1
1374 462 171 -1
1395 199 171 -1
1487 117 171 -1
1492 157 171 -1
1549 587 171 -1
1587 5 171 -1
1594 114 171 -1
1615 162 171 -1
1922 204 188 -1
2481 8 155 -1
2565 893 155 -1
2658 307 155 -1
2778 22 155 -1
3274 69 155 -1
3586 156 155 -1
3642 362 155 -1
3787 232 155 -1
4036 147 155 -1
4632 228 155 -1
4813 46 155 -1
4926 7 155 -1
5173 122 155 -1
5179 217 155 -1
5445 63 155 -1
5446 26 155 -1
5524 389 155 -1
5531 243 155 -1
5802 385 155 -1
5821 22 155 -1
6461 6 155 -1
6619 104 155 -1
6627 50 155 -1
6713 4 155 -1
6714 100 155 -1
6759 3 155 -1
6766 22 155 -1
6772 77 155 -1
6914 95 155 -1
6907 191 155 -1
6916 54 155 -1
6934 65 155 -1
6941 57 155 -1
7052 142 155 -1
7054 40 155 -1
7055 98 155 -1
7057 118 155 -1
7090 11 155 -1
7225 47 155 -1
7227 12 155 -1
7231 101 155 -1
7262 11 155 -1
7294 39 155 -1
7344 3 155 -1
7350 21 155 -1
7378 38 155 -1
7514 3 155 -1
7569 4 155 -1
7570 3 155 -1
7571 1 155 -1
7572 1 155 -1