6 302 4942 -1
11 743 4938 4962 -1
24 309 4944 4953 4999 -1
36 227 4929 -1
72 164 4994 -1
86 122 4962 -1
103 68 4929 4944 -1
68 275 4944 4981 -1
109 190 4940 4994 -1
110 95 4981 -1
122 213 4953 4964 4977 4999 -1
113 89 4940 -1
127 132 4999 -1
172 123 4994 -1
290 71 4983 -1
319 199 4954 4962 4994 -1
335 46 4994 -1
383 45 4977 -1
407 145 4980 -1
456 5 4981 -1
457 732 4929 4940 4944 4953 4964 4980 4986 4994 4999 -1
580 30 4983 -1
583 26 4977 -1
634 150 4929 4994 -1
663 158 4980 -1
695 118 4962 4999 -1
722 264 4980 -1
737 232 4953 4983 -1
697 100 4953 4962 4964 -1
749 66 4953 4981 -1
763 68 4953 -1
766 773 4929 4938 4944 4953 4962 4964 4977 4980 4981 4983 4986 4994 4999 -1
788 113 4980 -1
789 317 4929 4953 4977 4999 -1
813 272 4999 -1
825 165 4986 -1
841 61 4964 -1
854 99 4929 -1
879 122 4938 4962 -1
947 27 4962 -1
950 9 4994 -1
974 36 4962 4981 -1
988 292 4962 4999 -1
994 45 4953 -1
996 297 4929 4964 -1
1006 138 4983 -1
1043 21 4953 -1
1051 46 4953 -1
1074 95 4994 -1
1097 88 4953 -1
1098 305 4940 4981 -1
1133 399 4929 4938 4942 4946 4953 4962 4983 4999 -1
1151 472 4954 4964 4981 4986 -1
1166 599 4953 4981 -1
1169 29 4999 -1
1204 61 4938 -1
1207 26 4994 -1
1247 77 4953 -1
1267 61 4938 -1
1305 290 4938 4953 4993 -1
1320 6 4980 -1
1360 22 4953 -1
1374 462 4964 4977 4981 -1
1385 35 4999 -1
1463 26 4944 -1
1466 24 4964 -1
1467 11 4964 -1
1470 156 4983 -1
1492 157 4964 -1
1506 41 4953 -1
1542 244 4981 4994 -1
1592 30 4953 -1
1691 50 4981 -1
1734 55 4929 4954 -1
1799 48 4981 -1
1814 105 4944 -1
1922 204 4983 -1
1951 29 4994 -1
1972 181 4929 -1
2068 4 4981 -1
2135 146 4953 -1
2145 145 4953 -1
2172 29 4980 -1
2181 2 4983 -1
2237 241 4938 4962 -1
2240 108 4981 -1
2256 247 4946 -1
2257 49 4938 -1
2258 95 4980 4994 -1
2297 164 4981 4983 -1
2326 252 4938 4962 -1
2328 215 4994 -1
2369 189 4929 4964 4977 4983 -1
2371 124 4964 -1
2381 71 4977 -1
2384 72 4999 -1
2387 66 4964 -1
2410 34 4929 -1
2440 50 4981 -1
2456 31 4981 4983 -1
2485 324 4938 4964 4977 -1
2504 100 4953 4962 4981 4999 -1
2506 46 4983 -1
2542 93 4981 -1
2549 70 4929 -1
2566 32 4994 -1
2557 77 4953 4999 -1
2560 180 4999 -1
2564 50 4953 -1
2565 893 4929 4938 4940 4944 4953 4964 4981 4983 4986 4999 -1
2576 146 4981 -1
2605 64 4986 -1
2617 22 4980 -1
2651 269 4938 4962 4993 4999 -1
2657 44 4953 -1
2658 307 4942 4962 4964 4981 4983 -1
2677 40 4944 -1
2686 156 4999 -1
2702 80 4953 4983 -1
2688 618 4929 4953 4954 4962 4964 4977 4983 4986 4993 4999 -1
2660 164 4980 -1
2667 126 4929 4964 4980 -1
2693 149 4953 4980 -1
2775 35 4981 -1
2802 9 4964 -1
2811 19 4929 -1
2832 50 4953 -1
2851 44 4940 -1
2871 282 4929 4953 4962 4964 4999 -1
2935 36 4938 4962 4983 4999 -1
2940 123 4980 -1
2967 238 4938 4953 4962 4999 -1
2968 55 4983 -1
2972 357 4929 4934 4938 4964 4986 4987 4992 4999 -1
2983 28 4940 -1
2989 10 4999 -1
3000 43 4994 -1
3015 44 4980 -1
3026 175 4962 4983 4999 -1
3028 189 4962 4964 4983 4987 4999 -1
3032 216 4953 4981 -1
3092 81 4962 -1
3142 49 4940 4964 -1
3172 13 4964 -1
3192 56 4983 -1
3191 68 4964 4977 4986 -1
3208 6 4999 -1
3227 19 4983 -1
3256 19 4953 -1
3291 58 4999 -1
3297 51 4940 -1
3321 18 4964 4999 -1
3345 35 4964 -1
3350 55 4962 -1
3352 273 4929 4953 4962 4964 4999 -1
3375 43 4977 -1
3381 180 4944 4980 -1
3402 122 4953 -1
3404 89 4940 -1
3390 60 4964 4986 4993 -1
3417 30 4983 -1
3433 9 4962 -1
3447 271 4934 4953 4954 4962 4964 4977 4983 4986 4994 4999 -1
3449 314 4929 4938 4953 4962 4964 4980 4986 4999 -1
3452 131 4929 4938 4942 4964 4987 4999 -1
3453 319 4929 4938 4962 4964 4980 4981 4983 4986 4999 -1
3454 148 4938 4953 4999 -1
3455 68 4938 4942 4953 4962 4987 -1
3456 241 4929 4938 4962 4964 4980 4999 -1
3457 166 4938 4992 -1
3459 92 4929 4986 -1
3461 101 4964 4977 4986 -1
3462 54 4962 -1
3466 17 4986 -1
3472 15 4999 -1
3479 102 4929 4938 4999 -1
3498 114 4953 4977 4986 -1
3535 5 4994 -1
3567 18 4929 -1
3568 147 4953 4999 -1
3586 156 4981 4994 -1
3593 26 4999 -1
3601 52 4977 -1
3607 24 4953 -1
3614 205 4929 4938 4953 4962 4999 -1
3615 144 4953 -1
3624 64 4946 -1
3634 82 4964 -1
3636 11 4953 -1
3641 212 4929 4962 4977 -1
3642 362 4980 -1
3660 87 4938 4953 4983 -1
3666 144 4977 4986 -1
3691 95 4944 -1
3728 85 4977 4983 -1
3743 10 4962 -1
3786 99 4964 -1
3787 232 4942 4953 4962 4977 4980 4999 -1
3792 27 4938 4999 -1
3794 46 4938 4953 -1
3803 10 4962 -1
3806 45 4964 -1
3813 94 4964 -1
3835 35 4962 -1
3854 82 4999 -1
3871 5 4999 -1
3869 5 4999 -1
3872 15 4999 -1
3917 29 4977 4999 -1
3956 85 4983 -1
3969 90 4940 4962 -1
3976 145 4954 4966 4977 -1
4001 28 4994 -1
4024 2 4986 -1
4036 147 4929 4938 4953 4962 4981 4986 -1
4040 104 4966 4981 -1
4041 68 4938 4964 4987 -1
4044 89 4938 4962 4987 4991 4993 -1
4045 257 4938 4944 4953 4994 4999 -1
4046 89 4929 4993 4999 -1
4077 77 4929 4964 4977 -1
4065 131 4938 4962 4999 -1
4072 29 4938 -1
4073 115 4929 4964 -1
4099 155 4977 4993 -1
4127 41 4938 4999 -1
4130 2 4983 -1
4138 64 4929 4964 4986 -1
4144 76 4983 -1
4162 16 4981 -1
4191 20 4987 -1
3995 57 4964 -1
4212 53 4983 4999 -1
4219 112 4929 4962 4964 4987 -1
4221 42 4977 -1
4255 9 4962 -1
4276 52 4929 4964 -1
4285 2 4962 -1
4315 29 4964 4983 -1
4316 8 4987 -1
4335 32 4981 -1
4347 55 4983 -1
4355 50 4953 -1
4428 12 4938 -1
4441 202 4938 4953 4962 4964 4980 4981 4994 4999 -1
4455 22 4987 -1
4468 18 4977 -1
4483 153 4929 4940 4986 4993 -1
4526 5 4983 4991 -1
4536 81 4953 4962 4964 4983 4986 4993 4999 -1
4547 45 4938 4946 4953 4962 4999 -1
4550 100 4929 4964 4986 -1
4564 33 4929 -1
4576 10 4977 -1
4587 27 4953 4999 -1
4600 15 4999 -1
4487 31 4964 4977 4991 -1
4632 228 4940 4964 4980 4994 -1
4653 114 4964 4977 4983 4994 -1
4659 3 4999 -1
4662 46 4953 4962 -1
4663 10 4999 -1
4673 96 4980 4994 -1
4681 20 4962 4993 -1
4682 14 4953 4999 -1
4686 57 4964 -1
4687 23 4983 -1
4688 59 4938 4942 4953 4962 4983 4999 -1
4709 25 4981 -1
4715 11 4964 -1
4718 46 4964 -1
4712 121 4987 -1
4725 36 4983 -1
4746 18 4983 -1
4756 34 4942 4964 -1
4748 38 4987 -1
4781 27 4999 -1
4782 2 4953 -1
4792 62 4981 -1
4814 20 4938 4962 4993 4999 -1
4813 46 4994 -1
4818 28 4938 4983 -1
4824 101 4929 4981 4986 -1
4829 78 4929 -1
4832 7 4991 -1
4842 2 4999 -1
4843 24 4977 -1
4859 30 4953 4999 -1
4846 34 4964 -1
4850 3 4999 -1
4881 4 4977 -1
4885 4 4983 -1
4891 7 4942 -1
4894 79 4964 4993 -1
4898 11 4987 4993 4999 -1
4899 169 4929 4980 4986 4994 -1
4901 2 4962 -1
4937 17 4938 4953 4993 4999 -1
4943 31 4938 4962 -1
4944 4 4986 -1
4948 214 4929 4940 4964 4980 4981 4983 -1
4952 3 4938 4953 -1
4960 8 4962 -1
4963 13 4938 4993 -1
4967 361 4929 4944 4964 4980 4986 4994 4999 -1
4974 44 4929 -1
4976 23 4999 -1
4981 53 4983 -1
4982 43 4964 4983 -1
4983 4 4981 -1
4992 4 4993 -1
4864 4 4999 -1
5002 115 4964 4966 4981 4992 -1
5006 28 4964 -1
5008 27 4983 -1
5011 10 4977 -1
5012 14 4964 4983 -1
5022 172 4994 -1
5020 139 4929 4964 4977 -1
5028 43 4981 4986 -1
5029 26 4929 -1
5031 1 4983 -1
5032 2 4983 -1
5053 52 4981 -1
5079 271 4929 4940 4944 4964 4980 4981 4983 4986 4994 -1
5089 8 4980 -1
5106 33 4983 -1
5110 84 4964 -1
4828 168 4944 -1
5119 18 4964 -1
5160 12 4929 -1
5166 48 4981 -1
5171 41 4964 4994 -1
5173 122 4940 -1
5175 35 4964 -1
4795 73 4929 -1
5176 139 4929 4964 4977 4986 -1
5177 101 4981 4994 -1
5178 19 4986 -1
4310 278 4929 4980 4981 4983 4986 -1
5179 217 4964 4980 -1
5184 68 4929 4964 4986 -1
5185 152 4980 4986 -1
5186 2 4944 -1
5188 211 4929 4944 4964 4981 4986 4994 -1
5189 312 4929 4940 4964 4986 -1
5190 80 4929 4964 4986 -1
5196 32 4964 -1
5197 3 4964 -1
5203 15 4929 -1
5263 75 4964 4986 -1
5285 21 4977 -1
5289 6 4980 -1
5295 22 4977 -1
5296 16 4929 -1
5301 61 4994 -1
5313 12 4977 -1
5324 16 4929 -1
5382 19 4929 -1
5405 4 4977 -1
5423 48 4980 4994 -1
5427 37 4964 -1
5445 63 4940 -1
5454 19 4981 -1
5477 1 4929 -1
5478 9 4929 4964 -1
5480 3 4929 4964 -1
5479 28 4929 -1
5484 22 4980 -1
5487 30 4981 -1
5494 1 4977 -1
5495 4 4977 -1
5496 1 4977 -1
5462 19 4977 -1
5497 1 4977 -1
5524 389 4944 4980 4981 4983 4994 -1
5531 243 4994 -1
5543 137 4944 4980 -1
5577 8 4964 -1
5582 105 4944 4964 4980 4994 -1
5584 12 4964 4983 -1
5589 11 4964 -1
5605 11 4981 -1
5608 16 4986 -1
5612 66 4986 -1
5614 7 4940 -1
5674 1 4986 -1
5675 8 4986 -1
5696 50 4980 4994 -1
5697 230 4944 4980 4994 -1
5714 44 4981 -1
5773 75 4944 4992 -1
5776 14 4992 -1
5796 191 4981 4983 4994 -1
5799 23 4980 -1
5800 222 4934 4940 4944 4983 -1
5802 385 4944 4966 4980 4981 4983 4992 4994 -1
5806 83 4966 -1
5807 27 4934 -1
5812 41 4980 -1
5814 144 4940 -1
5816 84 4944 -1
5817 75 4980 -1
5819 61 4940 4994 -1
5820 20 4981 4983 -1
5822 98 4994 -1
5823 12 4983 -1
5857 92 4981 4994 -1
5859 16 4940 -1
5915 52 4981 -1
5998 81 4944 4994 -1
6006 68 4983 -1
6020 25 4940 -1
6023 30 4994 -1
6032 80 4944 4981 -1
6043 39 4981 -1
6072 54 4940 4983 -1
6114 2 4981 -1
6174 10 4940 -1
6197 2 4980 -1
6198 14 4992 -1
6218 53 4940 4981 4994 -1
6241 75 4983 -1
6270 88 4944 -1
6272 76 4940 4944 -1
6305 190 4994 -1
6317 5 4980 -1
6359 81 4980 -1
6360 35 4980 -1
6327 108 4944 -1
6394 8 4994 -1
6467 8 4994 -1
6486 85 4944 4966 4992 -1
6494 101 4940 4983 -1
6502 12 4981 -1
6504 7 4994 -1
6510 54 4994 -1
6513 1 4994 -1
6514 1 4994 -1
6515 1 4994 -1
6460 58 4966 4981 -1
6563 58 4981 -1
6552 29 4944 -1
6596 177 4940 4981 4983 -1
6618 91 4934 4940 4944 4992 -1
6619 104 4944 -1
6615 160 4944 4992 -1
6624 135 4981 -1
6649 26 4944 -1
6702 10 4944 -1
6772 77 4940 4983 -1
6774 24 4981 4983 -1
6620 93 4944 4992 -1
6913 44 4944 -1
6914 95 4940 4966 -1
6907 191 4944 4983 -1
6916 54 4940 -1
6934 65 4940 4944 -1
6941 57 4940 -1
6951 47 4940 4983 -1
6976 41 4944 4981 -1
6993 81 4981 -1
7019 4 4981 -1
7021 15 4981 -1
7044 3 4940 -1
7052 142 4934 4981 -1
7053 31 4940 -1
7047 161 4981 4983 -1
7055 98 4983 -1
7056 37 4983 -1
7057 118 4940 4981 4983 -1
7038 7 4944 -1
7080 70 4944 4983 -1
7082 1 4944 -1
6946 68 4934 4992 -1
7086 123 4940 4966 4983 -1
7088 5 4940 -1
5015 14 4940 -1
7131 24 4940 -1
7225 47 4966 -1
7231 101 4981 -1
7280 89 4981 4983 -1
7301 27 4983 -1
7294 39 4940 4983 -1
7350 21 4940 4981 -1
7386 25 4940 -1
7391 52 4940 4983 -1
7400 15 4940 -1
7418 2 4981 -1
7421 9 4940 -1
7425 7 4940 -1
7449 39 4940 -1
7511 16 4981 4983 -1
7578 28 4981 -1
7598 33 4981 -1
7675 25 4983 -1
7676 5 4940 -1
7677 12 4940 -1
7678 2 4940 -1
7691 19 4983 -1
7727 30 4981 4983 -1
7733 45 4940 4981 -1
7743 13 4940 -1
7744 50 4940 4983 -1
7747 8 4981 -1
7750 2 4940 -1
7759 4 4981 4983 -1
7842 2 4981 -1
7843 2 4983 -1
7860 2 4983 -1
7863 1 4981 -1
7864 2 4981 4983 -1
7865 24 4981 -1
7877 6 4940 -1
7882 11 4940 -1
7907 12 4983 -1
7919 3 4940 -1
8036 19 4940 -1
8046 16 4940 -1
8047 20 4940 -1
8053 20 4940 -1
8061 5 4940 -1
8085 16 4940 -1
8107 13 4940 -1
8152 10 4940 -1
8156 5 4940 -1
8190 4 4940 -1
8050 9 4940 -1
8241 2 4940 -1
8263 2 4940 -1
8270 2 4940 -1
8272 1 4940 -1
8273 1 4940 -1