11 743 2328 2329 2332 2333 2339 2341 2345 2350 2362 2364 2381 2384 2385 2397 -1
14 114 2339 2384 -1
15 50 2398 -1
20 187 2324 2339 2348 -1
24 309 2323 2328 2329 2341 2345 2354 2371 2375 2385 2398 -1
36 227 2328 2329 2381 -1
38 14 2385 -1
44 44 2345 -1
47 146 2397 2398 -1
53 39 2324 -1
56 24 2323 -1
58 38 2345 -1
59 94 2345 2371 2375 2397 -1
27 102 2369 2398 -1
72 164 2398 -1
86 122 2354 2397 -1
71 109 2328 2398 -1
87 195 2354 2398 -1
89 29 2328 -1
90 72 2384 2398 -1
31 15 2348 -1
103 68 2398 -1
68 275 2307 2325 2328 2338 2354 2371 -1
109 190 2397 -1
110 95 2397 -1
122 213 2322 2354 2371 2375 2381 2384 2398 -1
113 89 2323 2339 -1
127 132 2323 -1
128 80 2322 2340 2366 2386 -1
136 99 2398 -1
143 94 2329 2341 -1
147 58 2341 2371 -1
154 61 2339 -1
155 28 2398 -1
172 123 2307 2323 2324 2325 2338 2345 2348 2356 2385 2397 2398 -1
173 334 2328 2329 2333 2339 2341 2345 2348 2350 2381 2385 2397 -1
178 63 2381 2398 -1
180 54 2325 -1
182 79 2328 2329 -1
166 93 2398 -1
187 37 2323 -1
203 31 2398 -1
215 100 2332 2378 -1
231 50 2398 -1
259 56 2323 -1
265 31 2369 -1
275 56 2322 2323 -1
280 76 2398 -1
291 35 2326 2328 2397 2398 -1
290 71 2356 -1
306 244 2324 2328 -1
308 142 2323 2328 2329 2339 2345 -1
310 230 2322 2325 2341 2375 2381 -1
311 321 2322 2323 2341 2381 2385 -1
312 227 2397 -1
313 54 2386 -1
315 77 2341 -1
319 199 2371 -1
335 46 2369 -1
339 80 2398 -1
346 86 2323 2325 2326 2375 -1
356 18 2323 -1
371 117 2339 2398 -1
376 37 2325 -1
383 45 2324 2398 -1
395 42 2398 -1
406 34 2369 -1
407 145 2323 2354 2398 -1
325 25 2348 -1
432 157 2329 2333 2375 -1
412 21 2397 -1
457 732 2324 2328 2350 2354 2356 2364 2366 2397 2398 -1
546 142 2385 2397 -1
572 5 2398 -1
580 30 2381 -1
583 26 2398 -1
587 18 2375 -1
588 22 2345 2385 -1
600 214 2323 2328 2398 -1
625 3 2398 -1
633 55 2397 -1
634 150 2328 -1
635 66 2328 2341 -1
647 32 2322 2345 2348 2350 2385 2397 -1
650 98 2323 2332 2333 2339 2397 -1
663 158 2324 2364 2381 -1
686 83 2397 -1
689 47 2333 2397 2398 -1
695 118 2328 -1
704 81 2341 -1
706 95 2385 2397 -1
708 51 2322 -1
710 105 2339 2381 -1
722 264 2326 2333 2340 2375 2398 -1
727 32 2323 2397 2398 -1
730 34 2339 -1
737 232 2381 -1
697 100 2369 2397 2398 -1
749 66 2324 2328 2384 -1
759 77 2398 -1
761 8 2398 -1
763 68 2323 2375 2398 -1
764 34 2322 2328 -1
766 773 2307 2322 2324 2325 2328 2338 2354 2356 2364 2371 2375 2381 2384 2398 -1
769 146 2323 2328 -1
788 113 2397 -1
781 8 2398 -1
784 224 2323 2325 2328 2338 2345 2348 2356 2381 2397 2398 -1
789 317 2307 2322 2326 2341 2345 2350 2354 2364 2381 2385 2397 2398 -1
795 60 2381 -1
805 90 2398 -1
813 272 2322 2323 2324 2328 2329 2354 2371 2375 2384 2385 -1
816 29 2339 -1
822 11 2371 -1
820 16 2322 2397 -1
334 41 2329 -1
826 249 2322 2323 2325 2338 2340 2341 2348 2356 2371 2375 2385 -1
825 165 2328 2398 -1
841 61 2323 2340 2369 2375 2381 -1
854 99 2329 2378 -1
856 91 2328 2338 -1
852 39 2323 -1
859 13 2397 -1
865 97 2323 2398 -1
879 122 2328 2364 2381 2398 -1
904 119 2307 2322 2348 2385 2397 -1
913 3 2328 -1
941 80 2333 -1
943 30 2356 -1
944 5 2332 -1
946 110 2328 2333 2341 -1
949 8 2322 -1
956 42 2341 -1
974 36 2328 -1
982 47 2338 -1
986 77 2322 2328 2341 2348 2397 -1
988 292 2322 2323 2324 2325 2328 2338 2356 2371 -1
993 238 2323 2324 2328 2329 2341 2345 2386 -1
994 45 2328 -1
996 297 2323 2324 2329 2332 2333 2339 2345 2348 2354 2356 2371 2375 2385 2397 2398 -1
998 30 2381 -1
1000 60 2328 2332 -1
1006 138 2324 2341 -1
1009 44 2328 -1
1024 41 2384 -1
1031 19 2339 -1
1032 39 2328 -1
1035 12 2341 2350 -1
1037 86 2323 2338 2339 2398 -1
1050 44 2398 -1
1051 46 2398 -1
1055 196 2323 2328 2339 2341 2398 -1
1062 156 2322 2328 2329 2333 2341 -1
1063 29 2381 -1
1064 16 2333 -1
1065 7 2328 -1
1066 5 2339 -1
1075 74 2354 2398 -1
1097 88 2323 2328 2366 2381 -1
1098 305 2322 2332 2338 2341 2375 2385 -1
1111 60 2323 2354 2398 -1
1113 6 2398 -1
1125 37 2398 -1
1127 62 2348 2350 -1
1129 62 2397 -1
1132 57 2354 2398 -1
1133 399 2326 2328 2333 2364 2398 -1
1135 115 2322 2323 -1
1137 135 2328 2340 2354 2371 -1
1142 48 2328 2345 2381 2398 -1
1151 472 2322 2323 2324 2328 2329 2332 2333 2341 2345 2350 2354 2369 2381 2385 2397 2398 -1
1164 39 2385 -1
1165 13 2328 2340 2398 -1
1166 599 2322 2323 2324 2328 2333 2338 2341 2345 2348 2354 2362 2364 2371 2375 2376 2381 2384 2398 -1
1167 158 2322 2323 2397 -1
1169 29 2366 -1
1193 31 2328 -1
1200 107 2322 2340 2371 2375 -1
1203 22 2356 -1
1204 61 2325 2364 -1
1207 26 2323 2398 -1
1210 218 2322 2324 2345 2364 2398 -1
1211 79 2328 2397 -1
1212 4 2323 -1
1215 65 2323 2356 -1
1221 77 2324 2356 -1
1230 33 2333 -1
1236 103 2328 2338 -1
1247 77 2324 2328 2398 -1
1248 21 2328 -1
1253 51 2381 -1
1259 45 2338 -1
1267 61 2371 -1
1279 124 2341 2345 2371 2385 -1
1282 8 2340 -1
1286 65 2398 -1
1285 31 2398 -1
1297 76 2322 2323 2398 -1
1305 290 2322 2323 2324 2325 2338 2366 2371 -1
1306 20 2375 -1
1319 181 2307 2322 2328 2398 -1
1335 62 2322 2329 -1
1343 2 2398 -1
1350 117 2322 2378 -1
1353 30 2354 2398 -1
1357 91 2328 2371 -1
1358 18 2354 2398 -1
1367 40 2324 2398 -1
1368 33 2325 2397 -1
1374 462 2307 2322 2323 2325 2338 2354 2369 2375 2397 2398 -1
1382 17 2397 -1
1378 14 2371 -1
1381 52 2371 2378 2398 -1
1385 35 2323 -1
1390 32 2322 2323 2325 -1
1395 199 2322 2328 2329 2333 2341 2356 2385 2397 -1
1416 13 2307 -1
1419 41 2323 2338 2366 -1
1424 52 2356 2371 -1
1428 183 2324 2328 2333 -1
1184 79 2322 2340 2375 -1
1441 41 2348 2397 -1
1457 5 2371 -1
1462 48 2328 2398 -1
1465 8 2323 -1
1468 20 2397 -1
1466 24 2328 2329 -1
1470 156 2328 2354 2364 2381 2398 -1
1473 91 2375 -1
1487 117 2325 2338 2356 -1
1489 64 2322 2345 -1
1492 157 2322 2328 2341 2384 -1
1496 210 2324 2328 2381 2398 -1
1500 48 2323 2397 -1
1501 38 2397 -1
1506 41 2333 -1
1521 99 2328 2341 2375 2385 2397 -1
1522 139 2328 2329 2339 2345 2397 2398 -1
1542 244 2333 2348 2354 2364 2384 2385 -1
1552 81 2323 2354 -1
1553 20 2323 -1
1549 587 2307 2322 2323 2324 2326 2328 2329 2333 2338 2339 2341 2348 2350 2354 2356 2366 2371 2375 2384 2385 2397 2398 -1
1550 42 2328 -1
1565 8 2329 2385 -1
1566 46 2328 2371 -1
1570 4 2385 -1
1583 87 2323 -1
1585 102 2329 2356 2371 2385 2397 2398 -1
1594 114 2375 -1
1596 29 2325 2328 -1
1603 16 2332 -1
1571 24 2348 -1
1608 355 2322 2323 2325 2328 2329 2333 2339 2341 2345 2348 2350 2354 2356 2371 2385 2397 2398 -1
1614 73 2328 2348 -1
1615 162 2350 -1
1621 80 2322 2328 2329 2341 -1
1622 50 2328 2378 -1
1623 39 2323 2341 2345 -1
1644 48 2332 2398 -1
1646 5 2339 -1
1661 66 2328 2398 -1
1564 27 2398 -1
1667 55 2328 -1
1684 9 2322 -1
1691 50 2323 2328 -1
1701 112 2322 2328 2354 2381 2398 -1
1697 70 2328 2384 2397 -1
1700 93 2322 2340 2366 -1
1711 9 2328 -1
1705 47 2322 2323 2375 -1
1707 34 2362 2371 2398 -1
1717 96 2328 2339 2381 2397 2398 -1
1729 19 2348 -1
1730 45 2323 2328 2339 2348 2385 2397 2398 -1
1733 42 2364 -1
1734 55 2328 2354 2398 -1
1741 9 2322 -1
1748 76 2398 -1
1749 68 2329 2338 2398 -1
1754 23 2345 -1
1756 89 2332 2385 2397 -1
1766 27 2345 2397 -1
1767 97 2328 2340 2381 2398 -1
1769 67 2371 -1
1772 141 2329 2333 2339 2341 2348 2397 -1
1783 57 2322 2398 -1
1795 44 2324 2364 -1
1811 43 2332 2371 -1
1807 8 2354 -1
1808 129 2328 2375 2385 -1
1814 105 2323 -1
1820 90 2322 2323 2328 2333 2338 2366 -1
1823 49 2381 -1
1835 73 2322 2323 2398 -1
1837 28 2371 -1
1847 47 2324 2354 2398 -1
1848 16 2328 -1
1857 8 2307 -1
1885 44 2322 -1
1888 36 2323 2329 2339 2341 2350 -1
1896 51 2324 2345 2348 -1
1908 9 2333 -1
1915 33 2354 2398 -1
1918 20 2322 -1
1919 112 2345 2385 2397 -1
1922 204 2322 2323 2325 2356 2364 2371 2375 2381 2398 -1
1925 22 2328 -1
1940 5 2323 -1
1947 15 2328 -1
1948 14 2378 2386 -1
1951 29 2324 -1
1955 1 2340 -1
1961 5 2354 -1
1964 13 2375 -1
1967 31 2371 -1
1972 181 2323 2324 2325 2338 2356 2371 2384 2398 -1
1977 34 2329 2332 2339 2341 2362 2385 -1
1980 47 2329 2338 2341 2375 -1
1985 56 2323 2328 -1
1990 36 2324 2398 -1
1991 66 2322 2375 -1
1997 88 2332 -1
1794 26 2324 2375 -1
2009 63 2328 -1
2016 13 2371 -1
2033 22 2398 -1
698 11 2323 -1
2038 5 2341 2350 -1
2050 4 2322 -1
2062 121 2322 2325 2328 2329 2333 2339 2341 2350 2381 2385 2397 -1
2065 50 2328 2385 -1
2069 17 2339 -1
2072 121 2322 2323 2397 -1
2083 2 2322 -1
2085 28 2322 2332 -1
2091 8 2328 -1
2093 55 2323 -1
2099 22 2348 2385 -1
2102 45 2323 2328 -1
2109 47 2350 2354 2398 -1
2114 39 2323 -1
2117 23 2364 2375 2398 -1
2118 113 2323 2324 2328 2332 2338 2345 2381 2385 -1
2120 122 2307 2323 2325 2328 2329 2333 2350 -1
2129 44 2328 2398 -1
2130 8 2375 -1
2133 129 2322 2323 2329 2332 2340 2341 2345 2350 2375 2385 2397 -1
2134 14 2328 -1
2135 146 2322 2323 2324 2328 2375 2381 2398 -1
2144 23 2328 2398 -1
2145 145 2323 2328 2356 2364 2375 2398 -1
2156 41 2329 2362 2378 -1
2160 26 2328 2371 2398 -1
2169 32 2322 2329 -1
2174 65 2328 2332 2339 -1
2176 17 2322 -1
2186 61 2375 -1
2193 12 2398 -1
2206 14 2340 -1
2209 31 2338 -1
2215 15 2397 -1
2223 15 2398 -1
2225 34 2323 2328 -1
2227 4 2375 -1
2230 49 2375 -1
2231 66 2332 2340 2366 -1
2229 143 2325 2328 2356 2371 -1
2233 36 2332 2345 2385 -1
2236 75 2323 2325 2356 -1
2237 241 2324 2328 2381 2398 -1
2240 108 2322 2325 2328 2341 2356 2362 2398 -1
2246 8 2323 -1
2249 38 2322 2338 2397 -1
2251 25 2332 -1
2255 31 2323 2333 2350 2385 2397 -1
2256 247 2307 2322 2329 2340 2341 2375 -1
2257 49 2381 2397 -1
2258 95 2328 -1
2264 58 2328 2381 2385 -1
2274 48 2307 2329 2332 2385 -1
2276 32 2398 -1
2277 8 2354 -1
2282 5 2397 -1
2285 17 2398 -1
2290 120 2324 -1
2289 14 2364 -1
2297 164 2328 2333 2338 2398 -1
2298 48 2328 -1
2299 67 2322 2328 2398 -1
2304 1 2305 -1
2319 3 2325 -1
2322 19 2350 -1
2323 111 2369 2398 -1
2326 252 2307 2324 2325 2328 2329 2338 2339 2341 2348 2350 2356 2384 2398 -1
2328 215 2322 2324 2329 2332 2341 2345 2350 2385 2397 -1
2330 2 2333 -1
1561 1 2333 -1
2331 2 2333 -1
2332 36 2333 -1
2334 1 2339 -1
2335 1 2339 -1
2336 1 2339 -1
2337 1 2339 -1
2340 4 2341 -1
2342 5 2345 -1
2343 7 2345 -1
2344 1 2345 -1
2349 2 2350 -1
2272 31 2385 2398 -1
2361 1 2362 -1
2365 77 2328 2385 -1
2338 6 2323 -1
2369 189 2354 2364 2398 -1
2371 124 2323 2324 2354 2375 -1
2376 26 2398 -1
2381 71 2323 2398 -1
2379 45 2328 2397 -1
2384 72 2328 2354 2371 2385 2398 -1
2387 66 2354 2398 -1
2392 1 2397 -1
2391 1 2397 -1
2394 1 2397 -1
2395 1 2397 -1
2396 1 2397 -1
2393 4 2332 2397 -1
2398 62 2326 -1
2406 2 2356 -1
2411 141 2307 2325 2375 -1
2416 37 2323 2375 -1
2429 2 2323 -1
2435 35 2340 -1
2444 6 2384 -1
2472 75 2322 2323 2375 -1
2473 103 2322 2371 2375 -1
2476 35 2323 -1
2480 7 2369 -1
2485 324 2323 2325 2328 2364 2371 2375 2384 2398 -1
2488 21 2328 -1
2502 30 2323 -1
2504 100 2323 2328 2338 2354 2364 2381 2398 -1
2506 46 2323 -1
2507 69 2322 2324 2325 2356 2375 -1
2508 13 2323 -1
2509 11 2340 -1
2510 68 2328 2371 -1
2535 47 2326 2354 2381 -1
2541 37 2323 2398 -1
2542 93 2323 2328 2356 2398 -1
2546 34 2322 2338 2340 -1
2547 105 2325 2328 2371 2398 -1
2549 70 2323 2371 -1
2550 26 2371 -1
2555 12 2322 -1
2566 32 2354 -1
2557 77 2322 2323 2340 -1
2567 5 2398 -1
2559 82 2324 2356 2398 -1
2560 180 2323 2324 2340 2398 -1
2564 50 2324 -1
2565 893 2307 2322 2323 2324 2325 2328 2338 2354 2356 2364 2369 2371 2375 2381 2384 2386 2398 -1
2576 146 2324 2338 2354 2375 2381 2398 -1
2578 12 2323 -1
2585 60 2328 2338 2398 -1
2592 13 2375 -1
2593 32 2322 2328 -1
2594 45 2322 2398 -1
2595 49 2328 2354 2398 -1
2474 142 2322 2328 2340 2371 2375 2398 -1
2605 64 2323 2381 -1
2608 14 2322 2366 -1
2611 7 2323 -1
2612 29 2323 2375 2398 -1
2617 22 2323 -1
2618 53 2375 -1
2623 108 2324 2375 2398 -1
2619 46 2328 2371 -1
2646 39 2366 -1
2648 1 2365 -1
2651 269 2322 2324 2328 2338 2375 2384 2398 -1
2653 113 2328 2354 2371 2398 -1
2655 49 2326 2371 -1
2657 44 2324 -1
2658 307 2324 2326 2364 -1
2665 6 2322 -1
2672 13 2366 -1
2674 103 2324 2356 2371 -1
2676 7 2366 -1
2683 13 2322 2323 -1
2699 74 2325 2326 -1
2700 168 2324 2325 2328 2338 2384 -1
2701 19 2325 2356 2371 2398 -1
2686 156 2325 2328 2338 2356 -1
2687 13 2338 -1
2702 80 2323 2338 2381 2398 -1
2703 61 2325 2338 2356 2398 -1
2688 618 2307 2324 2325 2326 2328 2338 2354 2356 2364 2369 2371 2381 2384 2386 2398 -1
2704 75 2324 2325 2356 2371 2375 -1
2660 164 2323 2324 2325 2328 2356 2381 2398 -1
2689 38 2325 2398 -1
2667 126 2325 2398 -1
2690 26 2325 2356 -1
2691 44 2324 2328 2398 -1
2692 19 2325 2338 -1
2693 149 2324 2328 2354 2371 2381 -1
2706 18 2325 -1
2694 18 2398 -1
2695 7 2325 -1
2696 64 2325 2328 2354 2356 -1
2697 45 2323 2326 2328 -1
2698 15 2325 2356 -1
2711 13 2307 -1
2719 21 2328 -1
2727 33 2328 -1
2737 16 2398 -1
2747 79 2328 -1
2746 25 2328 2340 -1
2752 7 2398 -1
2760 23 2398 -1
2768 40 2323 2375 -1
2774 46 2323 2328 -1
2775 35 2328 -1
2790 173 2322 2324 2326 2398 -1
2791 15 2375 -1
2792 18 2375 -1
2802 9 2354 -1
2808 2 2398 -1
2811 19 2398 -1
2544 11 2328 -1
2815 11 2322 2323 -1
2822 43 2322 2323 2354 -1
2654 104 2307 2324 2371 -1
2830 6 2323 -1
2831 39 2328 2381 -1
2832 50 2323 -1
2833 7 2371 -1
2840 14 2375 -1
2851 44 2356 -1
2859 139 2307 2328 2398 -1
2871 282 2323 2325 2328 2364 2369 2371 2381 2384 2386 2398 -1
2872 87 2323 -1
2883 28 2323 -1
2885 5 2323 -1
2889 14 2398 -1
2903 8 2398 -1
2904 18 2323 -1
2907 6 2398 -1
2909 57 2384 2398 -1
2912 33 2325 2356 2371 -1
2913 11 2375 2398 -1
2918 3 2375 -1
2923 35 2307 2328 2375 -1
2924 2 2375 -1
2932 62 2328 -1
2940 123 2324 2325 2338 -1
2948 26 2371 -1
2950 13 2323 -1
2953 10 2338 2371 -1
2958 47 2323 2328 -1
2964 70 2384 -1
2967 238 2325 2326 2328 2354 2356 2364 2371 2381 2384 2398 -1
2972 357 2328 2364 2369 2381 -1
2986 3 2371 -1
2987 9 2371 -1
2988 55 2328 -1
2989 10 2371 -1
2995 10 2323 2324 -1
2998 3 2323 -1
2999 7 2323 -1
3007 15 2323 2398 -1
3000 43 2323 -1
3001 7 2323 -1
3002 5 2323 2364 -1
3008 1 2323 -1
3003 1 2323 -1
3009 51 2323 2328 -1
3004 3 2323 -1
3005 28 2323 -1
3006 31 2323 2325 2356 2371 -1
3010 123 2324 2325 2326 2356 -1
2707 103 2325 2328 2338 2356 2364 2384 2398 -1
3015 44 2328 2398 -1
3020 52 2325 2328 2356 2371 -1
3021 7 2325 -1
3024 52 2307 -1
3026 175 2307 2324 2328 2338 2354 2371 2384 -1
3028 189 2326 2328 2371 2398 -1
3031 50 2371 2398 -1
3032 216 2326 2328 2354 2398 -1
3033 45 2328 2371 -1
3034 38 2328 2398 -1
2713 200 2307 2324 2325 2328 2338 2356 2384 2398 -1
3039 14 2328 2398 -1
3041 14 2371 -1
3059 32 2328 2371 -1
2356 57 2324 2328 -1
3062 42 2371 -1
3072 25 2325 2356 2371 -1
3073 34 2364 -1
3084 62 2398 -1
3087 8 2354 2371 -1
3088 37 2398 -1
3090 12 2371 -1
3092 81 2369 -1
3098 37 2371 -1
3095 37 2371 -1
2842 124 2324 2328 2356 2398 -1
3110 21 2328 2369 2381 -1
2003 63 2307 2325 2338 -1
3125 16 2325 -1
3144 88 2307 2324 2338 2356 2371 -1
3145 18 2328 -1
3148 26 2328 2398 -1
3168 79 2328 2398 -1
3172 13 2371 -1
3173 7 2371 -1
3174 1 2371 -1
3175 41 2371 -1
3176 6 2371 -1
3180 24 2324 2328 -1
3190 10 2354 2398 -1
3188 20 2328 -1
3192 56 2325 -1
3191 68 2354 2398 -1
3199 13 2338 -1
3208 6 2384 -1
3225 13 2328 -1
3238 28 2342 2381 -1
3252 37 2324 2338 -1
3256 19 2364 2398 -1
3258 95 2328 2356 2398 -1
3274 69 2398 -1
3276 79 2328 -1
3291 58 2326 2328 2356 -1
3297 51 2338 2356 -1
3304 31 2338 -1
3310 18 2356 -1
3313 5 2328 -1
3290 36 2325 -1
3316 3 2398 -1
3317 15 2328 -1
3321 18 2325 -1
3322 1 2325 -1
3323 2 2325 -1
3325 6 2356 -1
3326 18 2356 -1
3334 13 2398 -1
3345 35 2398 -1
3350 55 2398 -1
3352 273 2324 2326 2328 2338 2354 2369 2381 2384 2398 -1
3361 2 2338 -1
3366 63 2328 2364 -1
3373 12 2328 -1
3375 43 2328 -1
3378 41 2384 2398 -1
3380 42 2324 2328 -1
3384 3 2398 -1
3392 33 2324 -1
3394 156 2324 2326 2328 2381 2398 -1
3402 122 2324 2364 2369 2381 2398 -1
3404 89 2324 -1
3390 60 2338 2364 2398 -1
3417 30 2354 -1
3434 1 2338 -1
3433 9 2338 -1
3435 4 2384 -1
3443 20 2328 -1
3445 21 2381 2398 -1
3439 88 2324 -1
3447 271 2326 2328 2354 2364 2369 -1
3449 314 2354 2369 2381 2398 -1
3451 98 2326 -1
3452 131 2328 2354 2381 -1
3453 319 2326 2354 2364 2369 2381 2398 -1
3454 148 2328 2384 2398 -1
3455 68 2326 2364 -1
3456 241 2328 2354 2364 2369 2381 2386 2398 -1
3457 166 2326 2364 2369 2381 2398 -1
3459 92 2398 -1
3460 22 2326 -1
3461 101 2326 2398 -1
3462 54 2326 2354 2398 -1
3468 3 2324 -1
3479 102 2328 2364 2369 -1
3481 17 2324 -1
3482 24 2324 -1
3488 16 2328 -1
3498 114 2326 2381 2398 -1
3512 9 2328 -1
3518 6 2398 -1
3519 48 2328 2398 -1
3521 29 2328 -1
3522 71 2328 2364 2384 2398 -1
3523 28 2324 -1
3386 12 2398 -1
3541 81 2307 -1
3508 11 2328 -1
3555 14 2324 2328 -1
3562 40 2328 -1
3567 18 2324 2384 -1
3568 147 2328 2384 2398 -1
3587 15 2324 -1
3593 26 2354 -1
3594 2 2384 -1
3598 4 2354 -1
3601 52 2324 2369 2398 -1
3597 13 2328 -1
3607 24 2328 -1
3611 22 2324 -1
3614 205 2328 2364 2381 -1
3615 144 2307 2328 2381 2398 -1
3630 32 2398 -1
3631 91 2328 2364 2369 2381 2398 -1
3633 48 2384 -1
3634 82 2398 -1
3635 63 2328 -1
3641 212 2307 2326 2328 2398 -1
3642 362 2398 -1
3643 44 2354 2398 -1
3645 40 2328 -1
3654 1 2324 -1
3653 2 2324 -1
3655 9 2324 -1
3658 39 2328 -1
3659 38 2307 -1
3661 36 2328 -1
3666 144 2307 2326 2328 2369 2398 -1
3673 5 2398 -1
3682 75 2328 -1
3683 6 2398 -1
3686 3 2384 -1
3692 8 2398 -1
3691 95 2398 -1
3714 15 2384 -1
3724 93 2328 -1
3571 45 2328 2398 -1
3728 85 2398 -1
3729 11 2328 -1
3748 30 2354 -1
3752 15 2328 -1
3785 18 2398 -1
3786 99 2354 2398 -1
3787 232 2326 2328 2354 2369 2398 -1
3796 113 2364 2381 2398 -1
3794 46 2354 -1
3798 23 2328 -1
3806 45 2398 -1
3813 94 2381 2398 -1
3835 35 2354 2398 -1
3839 5 2328 -1
3854 82 2328 2364 2398 -1
3871 5 2384 -1
3869 5 2384 -1
3872 15 2328 2384 -1
3895 1 2307 -1
3897 9 2307 -1
3896 1 2307 -1
3902 43 2326 2398 -1
3916 42 2328 -1
3917 29 2328 -1
3928 2 2328 -1
3930 5 2398 -1
3949 30 2384 -1
3956 85 2364 2398 -1
3960 23 2398 -1
3965 89 2328 2398 -1
3969 90 2328 2354 -1
3973 33 2328 -1
3976 145 2354 2364 2369 2398 -1
3977 14 2398 -1
3980 2 2328 -1
3982 20 2398 -1
4013 21 2369 -1
4016 2 2384 -1
4020 6 2328 -1
4036 147 2364 2384 -1
4039 9 2384 -1
4041 68 2354 2381 -1
4042 21 2384 -1
2981 44 2328 -1
4044 89 2364 2398 -1
4045 257 2364 2381 -1
4046 89 2326 2342 -1
4053 2 2384 -1
4059 4 2398 -1
4077 77 2328 2354 2364 2381 -1
4065 131 2328 -1
4070 111 2354 2364 -1
4072 29 2326 -1
4073 115 2381 2386 2398 -1
4074 33 2328 -1
4082 15 2398 -1
4099 155 2326 2354 2369 2398 -1
4104 3 2354 -1
4116 12 2398 -1
4120 3 2328 -1
4121 2 2328 -1
4076 86 2328 2381 2398 -1
4122 1 2328 -1
4123 25 2328 -1
4124 50 2326 2328 2364 -1
4125 2 2328 -1
4126 2 2328 -1
4127 41 2328 2369 2381 2398 -1
4128 9 2328 -1
4129 2 2328 -1
4130 2 2328 -1
4131 1 2328 -1
4132 1 2328 -1
4133 2 2328 -1
4134 2 2328 -1
4135 2 2328 -1
4136 26 2328 -1
4137 7 2328 -1
4138 64 2328 2398 -1
4139 1 2328 -1
4140 12 2328 -1
4141 5 2328 -1
4142 37 2328 -1
4143 1 2328 -1
4144 76 2328 2354 2398 -1
4145 2 2328 -1
4146 1 2328 -1
4147 2 2328 -1
4148 6 2328 -1
4149 2 2328 -1
4150 16 2328 -1
4151 84 2328 2381 -1
4152 43 2328 2381 -1
4153 1 2328 -1
4154 1 2328 -1
4191 20 2398 -1
4211 65 2326 -1
4219 112 2354 2364 2369 2381 -1
4222 41 2354 2381 2398 -1
4223 7 2326 -1
4273 23 2398 -1
4292 4 2398 -1
4295 17 2369 -1
4297 38 2354 2398 -1
4315 29 2364 2381 2398 -1
4338 40 2354 2398 -1
4335 32 2398 -1
4353 80 2354 2398 -1
4355 50 2364 -1
4364 39 2354 -1
4363 22 2398 -1
4412 2 2398 -1
4428 12 2364 2381 -1
4429 12 2386 -1
4441 202 2354 2364 -1
4442 18 2381 -1
4448 36 2398 -1
4483 153 2354 2364 2381 2386 -1
4509 11 2364 2381 -1
4511 15 2326 -1
4527 14 2342 2369 -1
4531 14 2398 -1
4536 81 2364 2381 2398 -1
4543 2 2398 -1
4550 100 2354 2398 -1
4563 11 2364 -1
4564 33 2326 2398 -1
4574 40 2354 2398 -1
4582 5 2381 2398 -1
4588 11 2326 -1
4487 31 2354 2369 -1
4632 228 2369 -1
4653 114 2354 2386 2398 -1
4662 46 2398 -1
4647 11 2326 -1
4671 7 2398 -1
4681 20 2326 -1
4686 57 2354 2369 2381 2398 -1
4688 59 2326 -1
4717 62 2381 -1
4718 46 2354 -1
4712 121 2364 2398 -1
4725 36 2381 -1
4726 15 2369 -1
4756 34 2326 2354 2369 2398 -1
4748 38 2326 2364 2398 -1
4764 53 2398 -1
4765 4 2354 -1
4774 13 2326 -1
4814 20 2364 -1
4818 28 2354 2364 -1
4824 101 2342 2364 2398 -1
4829 78 2364 -1
4833 6 2354 -1
4843 24 2354 2398 -1
4859 30 2381 -1
4846 34 2381 2398 -1
4894 79 2364 -1
4899 169 2364 2369 2381 2398 -1
4929 9 2381 -1
4934 6 2398 -1
4943 31 2381 -1
4947 10 2364 -1
4948 214 2354 2364 2369 2381 2398 -1
4964 60 2364 2369 2398 -1
4966 25 2398 -1
4967 361 2364 2381 2398 -1
4976 23 2354 2364 -1
4980 16 2398 -1
4981 53 2398 -1
4982 43 2398 -1
4977 3 2369 -1
4993 4 2386 -1
5002 115 2398 -1
5006 28 2342 2369 -1
5008 27 2369 -1
5012 14 2398 -1
5020 139 2354 2381 2398 -1
5039 7 2364 -1
5061 13 2386 -1
5069 5 2364 -1
5067 2 2364 -1
5068 10 2364 -1
5079 271 2369 2381 2398 -1
5081 5 2398 -1
5111 7 2381 -1
5110 84 2354 2369 2381 2386 -1
5118 13 2381 2386 -1
5119 18 2381 2398 -1
5123 69 2398 -1
5125 54 2386 -1
5050 11 2354 -1
5140 51 2369 -1
5150 13 2398 -1
5152 4 2369 -1
5174 6 2398 -1
5175 35 2398 -1
5176 139 2398 -1
4310 278 2354 2398 -1
5179 217 2376 2398 -1
5180 49 2354 -1
5181 41 2398 -1
5184 68 2398 -1
5187 31 2398 -1
5188 211 2398 -1
5189 312 2354 2398 -1
5190 80 2398 -1
5198 6 2354 2398 -1
5217 21 2369 -1
5246 44 2354 -1
5250 14 2398 -1
5254 33 2398 -1
5263 75 2354 2398 -1
5283 2 2398 -1
5285 21 2398 -1
5295 22 2398 -1
5296 16 2354 -1
5312 9 2398 -1
5317 18 2398 -1
5321 32 2398 -1
5324 16 2354 -1
5342 30 2354 -1
5343 2 2354 -1
5344 3 2354 -1
5345 1 2354 -1
5346 1 2354 -1
5347 2 2354 -1
5348 1 2354 -1
5382 19 2398 -1
5404 40 2398 -1
5423 48 2376 -1
5455 8 2398 -1
5462 19 2398 -1
5499 3 2398 -1
5515 7 2398 -1
5526 6 2398 -1
5577 8 2398 -1
5584 12 2398 -1
5591 27 2398 -1
5601 2 2398 -1
5604 7 2398 -1
5605 11 2398 -1
5606 28 2398 -1
5607 1 2398 -1
5608 16 2398 -1
5612 66 2398 -1
5609 1 2398 -1
5610 2 2398 -1
5611 1 2398 -1
5613 1 2398 -1
5614 7 2398 -1
5615 3 2398 -1
5616 15 2398 -1
5617 22 2398 -1