36 227 7908 -1
66 44 7961 -1
71 109 7921 -1
109 190 7908 7924 7961 -1
155 28 7921 7927 -1
166 93 7924 7961 -1
319 199 7910 -1
339 80 7961 -1
432 157 7961 -1
447 15 7992 -1
457 732 7910 7924 7946 7957 7961 7965 7979 -1
553 22 7910 -1
580 30 7946 7961 7992 -1
600 214 7912 -1
737 232 7921 7924 7927 7961 7965 -1
749 66 7992 -1
766 773 7908 7910 7912 7927 7946 7961 7965 7979 -1
791 41 7910 -1
896 26 7961 -1
950 9 7979 -1
988 292 7908 7910 -1
993 238 7961 -1
1055 196 7910 -1
1063 29 7908 -1
1098 305 7924 -1
1133 399 7910 -1
1151 472 7910 7912 7927 7946 7961 -1
1166 599 7908 7946 7992 -1
1374 462 7908 7910 7912 7979 7992 -1
1385 35 7992 -1
1539 5 7912 -1
1542 244 7927 7946 -1
1661 66 7924 -1
1701 112 7946 -1
1734 55 7961 -1
1748 76 7946 -1
1799 48 7908 -1
1811 43 7910 -1
1966 18 7961 -1
1982 29 7961 -1
2010 27 7946 7992 -1
2093 55 7979 -1
2120 122 7994 -1
2135 146 7908 -1
2145 145 7924 -1
2226 28 7924 7961 -1
2240 108 7992 -1
2258 95 7946 -1
2369 189 7908 7924 7928 -1
2381 71 7961 -1
2384 72 7946 -1
2410 34 7910 -1
2440 50 7908 7927 -1
2452 42 7924 -1
2456 31 7912 -1
2485 324 7927 7961 7965 -1
2504 100 7908 7924 -1
2506 46 7979 -1
2560 180 7965 -1
2565 893 7908 7910 7912 7921 7924 7927 7928 7946 7961 7965 7979 7992 7994 7996 -1
2576 146 7910 -1
2658 307 7910 7912 7927 7946 7961 7965 7979 -1
2689 38 7910 7961 -1
2765 29 7965 -1
2831 39 7908 7910 7912 -1
2851 44 7912 -1
2968 55 7908 -1
3057 48 7979 -1
3142 49 7928 7992 7996 -1
3297 51 7910 7961 -1
3393 10 7946 -1
3447 271 7961 -1
3453 319 7908 -1
3458 69 7961 -1
3460 22 7908 -1
3498 114 7961 -1
3586 156 7921 7961 7979 -1
3634 82 7965 -1
3662 10 7924 -1
3571 45 7908 -1
3728 85 7912 -1
3752 15 7908 -1
3770 22 7946 -1
3787 232 7908 -1
3916 42 7961 -1
3958 15 7908 -1
3965 89 7961 -1
3983 4 7908 -1
4162 16 7912 -1
4187 9 7908 -1
4222 41 7924 -1
4335 32 7908 -1
4347 55 7908 7924 7927 7946 7952 7961 7979 7992 7994 7996 -1
4353 80 7910 7961 -1
4364 39 7924 -1
4441 202 7912 7927 -1
4447 14 7912 -1
4476 16 7908 -1
4483 153 7961 -1
4488 50 7908 7924 -1
4632 228 7908 7912 7961 -1
4666 24 7908 7912 7961 7992 -1
4681 20 7992 -1
4709 25 7912 7961 7979 -1
4717 62 7961 -1
4764 53 7908 -1
4788 20 7910 7912 7924 -1
4792 62 7908 7909 7946 -1
4829 78 7946 -1
4920 2 7992 -1
4943 31 7961 -1
4948 214 7924 7965 7979 -1
4964 60 7908 -1
4967 361 7927 -1
2346 4 7965 -1
4981 53 7908 7961 -1
5028 43 7908 -1
5037 18 7908 -1
5051 8 7979 -1
5053 52 7908 -1
5068 10 7908 -1
5079 271 7924 -1
5096 14 7910 -1
5102 54 7908 -1
5103 127 7912 7992 -1
5114 4 7908 -1
4828 168 7979 7992 -1
5162 5 7928 -1
5166 48 7908 7961 7965 -1
5173 122 7921 7924 7946 -1
4795 73 7992 -1
5177 101 7910 -1
5178 19 7910 -1
4310 278 7927 7961 -1
5188 211 7961 7979 -1
5189 312 7913 -1
5226 17 7910 -1
5341 2 7961 -1
5342 30 7921 -1
5445 63 7927 -1
5446 26 7946 -1
5454 19 7908 7910 -1
5472 16 7961 -1
5487 30 7924 -1
5524 389 7908 7910 7924 7927 7961 7979 7992 -1
5543 137 7961 7979 -1
5550 11 7908 -1
5551 8 7924 -1
5553 46 7908 7965 7979 -1
5605 11 7908 -1
5612 66 7961 -1
5614 7 7924 -1
5615 3 7908 -1
5655 139 7994 -1
5697 230 7908 -1
5775 42 7912 7927 7979 7992 -1
5773 75 7924 -1
5796 191 7908 7961 -1
5800 222 7924 7979 7992 7996 -1
5802 385 7908 7910 7924 7927 7946 7961 7965 7979 7992 7994 -1
5806 83 7913 -1
5814 144 7928 7961 -1
5819 61 7908 -1
5820 20 7921 -1
5822 98 7912 -1
5857 92 7908 7961 -1
5872 27 7908 -1
5070 4 7961 -1
5915 52 7909 7910 7912 7924 -1
5952 14 7946 -1
5982 4 7961 -1
5998 81 7924 7961 -1
5999 20 7979 -1
6006 68 7979 7992 -1
4409 7 7924 -1
6032 80 7908 7921 -1
6043 39 7961 -1
6072 54 7908 7910 7924 7927 7946 7979 7992 -1
6068 32 7927 -1
6218 53 7910 7961 -1
6229 19 7946 -1
6241 75 7908 7961 -1
6272 76 7908 7924 -1
6274 9 7992 -1
6305 190 7913 7928 7965 -1
6320 23 7979 -1
6333 2 7965 -1
6347 11 7912 7979 -1
6359 81 7961 -1
6421 23 7928 -1
6443 70 7924 -1
6445 7 7912 7927 -1
6494 101 7979 7996 -1
6502 12 7961 -1
6524 8 7910 7992 -1
6460 58 7910 7912 7921 7924 7952 7994 7996 -1
6550 9 7927 -1
6570 4 7908 -1
6563 58 7927 -1
6596 177 7908 7910 7912 7913 7921 7924 7946 7952 7961 7965 7979 -1
6618 91 7961 -1
6624 135 7908 7910 7912 7927 7946 7992 -1
6627 50 7910 -1
6657 11 7961 -1
3293 10 7908 -1
6770 6 7961 -1
6784 42 7992 -1
6866 4 7979 -1
6875 15 7965 -1
6900 31 7961 -1
6902 28 7928 -1
6914 95 7921 7924 7927 -1
6907 191 7908 7912 7924 7961 7965 7992 -1
6918 29 7927 7965 7979 -1
6924 16 7927 -1
6938 4 7992 -1
5529 39 7908 7921 7927 -1
6951 47 7921 7924 7991 -1
6692 6 7927 7979 -1
6976 41 7908 -1
6993 81 7910 7912 7927 7946 7952 7961 -1
7012 10 7910 7961 -1
7026 13 7965 -1
7052 142 7910 7912 7927 7946 7961 -1
7047 161 7908 7912 7921 7924 7927 7946 7961 7965 7979 7991 7992 7994 7996 -1
7055 98 7910 7946 7965 7979 7992 -1
7056 37 7979 -1
7057 118 7908 7924 7961 7965 -1
7063 16 7961 -1
7080 70 7924 7927 7928 7965 -1
6946 68 7928 7952 7992 7994 7996 -1
7086 123 7908 7910 7912 7924 7946 7965 7979 7992 -1
7092 93 7924 7952 7961 -1
7113 12 7961 -1
7131 24 7910 -1
7132 30 7961 -1
7183 9 7924 -1
6889 5 7921 7928 -1
7225 47 7924 -1
7227 12 7910 -1
7231 101 7921 -1
7233 22 7992 -1
7253 4 7912 -1
7279 19 7910 -1
7280 89 7908 7910 7961 7965 7994 7996 -1
7295 13 7924 -1
7301 27 7908 7979 7992 -1
7343 12 7927 -1
7378 38 7908 -1
7357 9 7924 -1
7387 4 7921 -1
7390 24 7961 -1
7391 52 7921 7924 7965 7992 -1
7405 18 7927 -1
7421 9 7979 -1
7424 4 7908 -1
7449 39 7921 7979 -1
4532 8 7921 7961 -1
7490 27 7992 -1
7471 9 7946 7965 -1
7544 11 7924 -1
7564 31 7908 -1
7578 28 7908 -1
7598 33 7913 7924 -1
7605 3 7924 -1
7614 39 7952 -1
7625 6 7924 -1
7649 10 7965 -1
7653 1 7986 -1
7675 25 7979 7994 7996 -1
7677 12 7924 7928 7992 -1
7682 36 7910 7927 7928 7952 7961 -1
7685 13 7908 -1
7691 19 7946 7961 7979 -1
7697 19 7908 -1
7726 3 7961 -1
7727 30 7910 7921 7965 7992 -1
7733 45 7910 -1
7743 13 7992 -1
7744 50 7910 7924 7961 7979 -1
7759 4 7961 -1
7768 11 7927 -1
7769 19 7908 7910 7912 7927 7946 -1
7771 3 7928 -1
7774 35 7908 7965 7992 -1
7775 11 7965 -1
7792 7 7927 -1
7810 9 7979 -1
7818 23 7912 7946 7952 7961 -1
7865 24 7908 7961 -1
7873 6 7910 7927 7979 -1
7874 4 7927 -1
7877 6 7927 -1
7882 11 7910 -1
7885 6 7928 -1
7900 27 7908 -1
7901 30 7908 7979 -1
7902 21 7908 -1
7903 4 7908 -1
7904 6 7908 7912 7927 -1
7905 1 7908 -1
7906 10 7908 -1
7907 12 7908 7979 7992 -1
7910 4 7912 -1
7911 1 7912 -1
7869 1 7912 -1
7919 3 7921 -1
7920 1 7921 -1
7922 1 7927 -1
7923 1 7927 -1
7924 2 7927 -1
7925 1 7927 -1
7945 5 7946 -1
7948 2 7910 -1
7949 1 7910 -1
7950 1 7910 -1
7959 1 7961 -1
7960 1 7961 -1
7964 11 7965 -1
7969 2 7928 -1
7972 1 7973 -1
7978 1 7979 -1
7980 15 7979 7992 -1
7981 1 7982 -1
7993 2 7992 -1
7995 1 7996 -1
8046 16 7924 -1
8053 20 7924 -1
8069 4 7924 -1
8085 16 7924 -1
8094 4 7928 -1
8107 13 7924 -1
8145 2 7928 -1
8152 10 7924 -1
8190 4 7924 -1
8222 6 7924 -1