11 743 6496 -1
24 309 6441 6496 -1
36 227 6437 6496 -1
42 89 6437 6458 -1
44 44 6432 6437 -1
29 150 6498 -1
72 164 6437 -1
87 195 6400 6407 6437 6441 6458 6496 -1
68 275 6400 6407 6437 -1
109 190 6407 6417 6437 6442 6458 6464 6481 -1
122 213 6498 -1
113 89 6437 -1
136 99 6441 6472 6498 -1
172 123 6441 6498 -1
173 334 6414 -1
177 19 6496 -1
182 79 6400 -1
226 25 6437 -1
237 41 6417 -1
319 199 6442 -1
364 14 6458 -1
425 79 6424 6447 -1
457 732 6400 6407 6409 6417 6422 6432 6437 6441 6442 6447 6458 6464 6472 6474 6481 6491 6496 6498 -1
544 2 6458 -1
546 142 6407 6421 6441 -1
608 3 6414 -1
643 46 6400 -1
658 6 6458 -1
695 118 6437 -1
722 264 6432 -1
737 232 6414 6417 6421 6422 6442 6447 6496 -1
742 93 6424 -1
749 66 6498 -1
766 773 6414 6417 6432 6437 6441 6442 6458 6481 6496 -1
788 113 6400 6407 6409 6417 6422 -1
789 317 6432 6481 -1
791 41 6417 -1
813 272 6400 -1
854 99 6496 -1
993 238 6498 -1
996 297 6400 6432 6437 6441 6498 -1
1004 12 6414 6441 -1
1009 44 6417 -1
1051 46 6496 6498 -1
1074 95 6409 6424 6441 6474 6481 6491 6496 6498 -1
1098 305 6424 -1
1151 472 6414 6437 6458 6481 6496 -1
1164 39 6424 -1
1166 599 6400 6407 6414 6432 6437 6441 6496 6498 -1
1210 218 6498 -1
1215 65 6437 -1
1247 77 6417 -1
1267 61 6496 -1
1319 181 6496 -1
1374 462 6414 6496 -1
1470 156 6417 6432 6458 6474 -1
1496 210 6458 -1
1522 139 6462 -1
1542 244 6417 6447 6481 6496 -1
1549 587 6442 -1
1010 6 6417 -1
1603 16 6400 6407 6422 -1
1612 68 6414 -1
1623 39 6496 -1
1644 48 6414 6437 6498 -1
1701 112 6414 6496 -1
1717 96 6400 -1
1688 25 6496 -1
1733 42 6481 -1
1734 55 6462 -1
1748 76 6442 -1
1767 97 6437 6496 -1
1769 67 6441 -1
1800 20 6496 -1
1814 105 6421 6462 -1
1835 73 6437 -1
1879 13 6417 6442 -1
1951 29 6481 -1
1972 181 6437 6441 6458 -1
2037 8 6481 -1
2135 146 6496 -1
2145 145 6414 6437 6441 6498 -1
2172 29 6407 -1
2174 65 6498 -1
2249 38 6417 -1
2256 247 6409 6422 6432 -1
2258 95 6414 -1
2264 58 6458 -1
2276 32 6422 -1
2297 164 6437 6442 -1
2369 189 6414 6447 6458 -1
2375 49 6441 -1
2376 26 6437 6441 -1
2381 71 6400 6498 -1
2410 34 6414 -1
2427 11 6417 -1
2440 50 6414 -1
2452 42 6417 -1
2456 31 6414 6437 6458 -1
2458 6 6442 -1
2485 324 6417 -1
2493 6 6474 -1
2506 46 6422 -1
2516 44 6481 -1
2545 7 6437 6458 -1
2547 105 6407 6435 6481 -1
2566 32 6464 -1
2560 180 6422 -1
2564 50 6437 6442 -1
2565 893 6414 6417 6422 6424 6442 6496 -1
2576 146 6437 -1
2595 49 6437 -1
2623 108 6447 -1
2655 49 6422 6441 6498 -1
2658 307 6414 6417 6422 6442 -1
2699 74 6458 -1
2686 156 6414 6417 6422 -1
2688 618 6407 6417 6458 -1
2660 164 6417 -1
2667 126 6400 6407 6409 6414 6422 6432 6437 6441 -1
2693 149 6496 -1
2765 29 6441 -1
2774 46 6437 -1
2775 35 6437 -1
2839 5 6417 6442 -1
2851 44 6437 6442 -1
2940 123 6462 6496 -1
2967 238 6400 -1
2972 357 6414 6435 6441 6458 6462 6472 6474 6481 6491 6498 -1
2988 55 6400 -1
3000 43 6424 -1
3009 51 6417 -1
3010 123 6441 -1
3015 44 6481 -1
3021 7 6481 -1
3027 39 6441 6458 6498 -1
3028 189 6409 6427 6462 6474 6475 -1
3032 216 6432 6437 -1
3088 37 6407 -1
3106 5 6458 -1
3176 6 6400 -1
3274 69 6421 -1
3291 58 6432 -1
3297 51 6414 -1
3345 35 6458 6496 6498 -1
3348 25 6472 6498 -1
3366 63 6421 -1
3381 180 6414 6417 6432 6441 6442 6498 -1
3447 271 6414 6474 6481 -1
3449 314 6400 6432 -1
3453 319 6481 6496 -1
3456 241 6437 6458 6481 6496 6498 -1
3459 92 6432 6441 6481 -1
3478 42 6458 -1
3535 5 6437 -1
3508 11 6496 -1
3586 156 6407 6414 6427 6464 6481 -1
3600 12 6417 -1
3634 82 6400 6441 6481 -1
3641 212 6417 6464 6498 -1
3642 362 6400 6409 6414 6417 6422 6424 6435 6437 6441 6458 6462 6474 6475 6481 6496 -1
3665 20 6422 -1
3691 95 6498 -1
3787 232 6400 -1
3932 4 6458 -1
3965 89 6414 6496 -1
3969 90 6481 6496 -1
3985 32 6496 -1
4036 147 6417 6437 -1
4041 68 6400 -1
4045 257 6432 6437 6441 6481 6496 -1
4046 89 6414 -1
4073 115 6400 6417 6422 6424 6437 6472 6474 6481 6498 -1
4099 155 6437 6481 -1
4162 16 6496 -1
4175 8 6498 -1
4187 9 6422 -1
4257 2 6417 -1
4338 40 6422 -1
4335 32 6414 -1
4347 55 6414 6422 -1
4364 39 6422 -1
4437 70 6442 -1
4441 202 6414 6437 6458 -1
4447 14 6422 -1
4483 153 6417 6481 -1
4542 9 6422 -1
4598 71 6400 -1
4632 228 6414 6422 6432 6437 6441 6458 6474 6481 6498 -1
4653 114 6441 -1
4673 96 6407 6409 6424 6432 6441 6458 6474 6481 6498 -1
4669 13 6442 -1
4687 23 6400 6498 -1
4709 25 6458 -1
2621 8 6481 -1
4712 121 6407 6498 -1
4764 53 6442 -1
4781 27 6458 -1
4792 62 6421 -1
4814 20 6422 -1
4813 46 6441 6458 6481 6498 -1
4894 79 6417 6424 6435 6474 -1
4899 169 6441 6458 6481 6498 -1
4948 214 6481 -1
4960 8 6437 -1
4964 60 6407 6414 -1
4966 25 6472 -1
4967 361 6407 6409 6432 6437 6441 6458 6481 6496 -1
4970 8 6437 -1
4988 23 6424 -1
5002 115 6481 -1
5012 14 6441 -1
5022 172 6407 6409 6417 6424 6432 6441 6474 6498 -1
5020 139 6400 6414 6422 -1
5028 43 6409 6414 6498 -1
5053 52 6496 -1
5061 13 6407 -1
5079 271 6417 6422 6427 6432 6437 6481 -1
5096 14 6442 -1
5102 54 6442 -1
5103 127 6400 6417 6441 6442 -1
5110 84 6400 6417 6422 -1
4828 168 6422 6424 6432 6435 6464 6472 6474 6481 -1
5123 69 6422 6498 -1
5125 54 6498 -1
5166 48 6496 -1
5171 41 6481 -1
5173 122 6414 -1
4795 73 6407 6432 6474 -1
5177 101 6437 6441 6481 -1
5178 19 6496 -1
4310 278 6400 6414 6432 6437 6481 -1
5179 217 6400 6407 6414 6432 -1
5181 41 6437 -1
5185 152 6432 6447 6458 6481 6491 6496 -1
5188 211 6458 6496 -1
5189 312 6417 6437 6441 6458 6474 6481 -1
5199 22 6422 -1
5217 21 6442 -1
5248 2 6458 -1
5254 33 6496 -1
5301 61 6498 -1
5316 24 6496 -1
5360 15 6474 -1
5391 37 6400 6414 -1
5423 48 6409 6432 6441 6474 6481 6496 -1
5439 66 6400 6409 6422 6424 6437 6441 6458 6462 6474 6481 6498 -1
5440 2 6462 -1
5457 44 6435 -1
5472 16 6458 -1
5475 2 6414 -1
5524 389 6407 6414 6417 6422 6437 6441 6458 6481 6496 -1
5531 243 6400 6414 6417 6437 6441 6442 6458 6481 6496 6498 -1
5193 18 6498 -1
5551 8 6481 -1
5553 46 6496 -1
5582 105 6432 6437 6441 6458 6481 6496 -1
5591 27 6400 6409 6414 6417 6432 -1
5596 30 6407 6496 -1
5612 66 6441 -1
5630 36 6441 -1
5644 21 6417 -1
5655 139 6407 6424 6462 6464 6491 -1
5696 50 6432 6441 6458 6496 -1
5697 230 6400 6417 6432 6437 6441 6458 6474 6481 6496 -1
5709 11 6427 6472 -1
5714 44 6437 6458 6481 -1
5721 10 6414 -1
5739 45 6424 6435 -1
5775 42 6458 -1
5773 75 6414 -1
5788 5 6447 -1
5796 191 6400 6407 6414 6442 6481 6496 6498 -1
5798 12 6409 6427 -1
5799 23 6407 6432 6435 6437 -1
5800 222 6414 6417 6424 6441 6442 6447 -1
5802 385 6400 6407 6409 6414 6417 6424 6435 6437 6441 6442 6447 6458 6462 6464 6472 6474 6481 6491 6496 -1
5806 83 6424 6441 -1
5804 33 6458 -1
5805 16 6424 6462 -1
5807 27 6417 -1
5810 29 6442 -1
5811 79 6414 6432 6441 6472 6491 6498 -1
5812 41 6458 6498 -1
5813 2 6417 -1
5814 144 6409 6417 6422 6437 6498 -1
5816 84 6432 6441 6498 -1
5817 75 6414 6481 -1
5818 67 6400 6441 6458 -1
5819 61 6432 6441 -1
5820 20 6414 -1
5821 22 6458 -1
5822 98 6424 6432 6435 6437 -1
5823 12 6417 6432 6437 6441 -1
5824 41 6491 -1
5839 41 6417 6424 6432 6442 6458 -1
5857 92 6458 6481 6496 -1
5890 5 6400 -1
5896 10 6422 6474 -1
5932 33 6407 -1
5934 42 6409 -1
5940 13 6496 -1
5952 14 6414 -1
5969 5 6417 -1
5972 2 6424 -1
5999 20 6496 -1
6006 68 6437 6441 6458 6481 6496 -1
6007 6 6496 -1
6013 3 6496 -1
4409 7 6496 -1
6015 3 6496 -1
6016 10 6496 -1
6023 30 6407 6417 6432 6435 6437 6441 6462 6474 6481 -1
6032 80 6414 6442 -1
6072 54 6422 -1
6068 32 6414 6498 -1
6082 18 6424 6496 -1
6097 26 6414 6496 -1
6126 11 6432 6437 6441 -1
6156 22 6417 6422 6432 -1
6179 7 6496 -1
6216 5 6458 6481 -1
6217 31 6441 6458 6496 6498 -1
6218 53 6432 -1
6223 17 6437 -1
6230 2 6407 -1
6239 5 6432 -1
6241 75 6417 6424 6442 6496 -1
6243 35 6414 -1
6270 88 6417 6424 6441 6462 6464 6474 6496 -1
6280 52 6442 -1
6299 78 6400 6414 6417 6496 -1
6305 190 6414 6417 6424 6441 6458 6462 6474 6481 6498 -1
6320 23 6414 -1
6323 44 6417 6481 -1
6317 5 6432 -1
6347 11 6496 -1
6359 81 6491 6496 -1
6360 35 6414 6417 -1
6298 7 6400 6409 -1
6327 108 6414 6432 6437 6462 -1
6391 1 6400 -1
6392 1 6400 -1
6393 1 6400 -1
6394 8 6400 -1
6399 1 6400 -1
6395 1 6400 -1
6396 1 6400 -1
6397 1 6400 -1
6398 29 6400 -1
6406 2 6407 -1
6408 3 6409 -1
6415 4 6417 -1
6416 2 6417 -1
6421 23 6422 -1
6424 2 6481 -1
6426 1 6427 -1
6428 3 6498 -1
6430 1 6432 -1
6431 1 6432 -1
6436 3 6437 -1
6439 1 6441 -1
6440 3 6441 -1
6447 12 6474 6481 6498 -1
6450 1 6458 -1
6451 1 6458 -1
6452 2 6458 -1
6453 1 6458 -1
6454 1 6458 -1
6455 1 6458 -1
6456 3 6458 -1
6457 2 6458 -1
6459 2 6458 -1
6466 1 6424 -1
6467 8 6424 -1
6468 1 6424 -1
6469 2 6424 -1
6470 1 6472 -1
6471 5 6472 -1
6480 1 6481 -1
6483 28 6496 -1
6484 10 6496 -1
6485 1 6496 -1
6486 85 6496 -1
6487 4 6496 -1
6488 22 6496 -1
6489 2 6496 -1
6490 2 6496 -1
6491 4 6496 -1
6492 2 6496 -1
6493 1 6496 -1
6494 101 6496 -1
6495 2 6496 -1
6497 1 6498 -1
6518 33 6442 -1
6525 17 6414 -1
6548 10 6442 -1
6563 58 6414 -1
6596 177 6422 -1
6619 104 6417 6442 -1
6613 9 6414 -1
6615 160 6414 6417 6442 -1
6616 18 6414 -1
6624 135 6414 6442 -1
6627 50 6424 -1
5943 1 6421 -1
6712 11 6414 6442 -1
6714 100 6417 6442 -1
6611 15 6414 -1
6736 33 6422 -1
6749 1 6491 -1
6753 4 6442 -1
6772 77 6417 -1
6784 42 6414 -1
6789 11 6417 -1
6620 93 6414 -1
6875 15 6442 -1
6885 19 6442 -1
6747 4 6414 -1
6914 95 6417 -1
6906 49 6414 6417 -1
6907 191 6414 6417 6442 -1
6918 29 6442 -1
6945 18 6414 -1
6951 47 6422 -1
6975 10 6414 -1
6993 81 6414 6447 -1
7052 142 6414 -1
7045 36 6414 -1
7053 31 6422 -1
7054 40 6424 -1
7047 161 6414 6422 -1
7055 98 6442 -1
7057 118 6414 6417 6442 -1
6946 68 6417 6424 -1
7086 123 6422 6442 -1
7092 93 6414 6422 -1
5015 14 6422 -1
7099 18 6414 -1
7100 15 6414 -1
7110 5 6414 -1
7113 12 6422 -1
7131 24 6442 -1
7151 1 6414 -1
7233 22 6447 -1
7270 5 6442 -1
7280 89 6422 -1
7317 15 6424 -1
7294 39 6414 -1
7335 15 6424 -1
7352 15 6447 -1
7378 38 6417 6422 -1
7386 25 6422 -1
7390 24 6424 -1
7391 52 6422 -1
7394 5 6424 -1
7400 15 6417 -1
7416 1 6417 -1
7417 2 6442 -1
7418 2 6442 -1
7419 1 6442 -1
7420 1 6442 -1
7443 10 6414 -1
7449 39 6422 -1
7490 27 6424 -1
7580 19 6424 -1
7614 39 6422 -1
7675 25 6422 -1
7682 36 6422 -1
7733 45 6414 6422 -1
7743 13 6422 -1
7768 11 6414 -1
7769 19 6414 -1
7775 11 6422 -1
7791 4 6414 -1
7875 2 6447 -1
7882 11 6414 -1
7966 1 6422 -1
7968 3 6422 -1
7969 2 6422 -1
7967 4 6422 -1
7970 1 6422 -1