6 302 1861 1864 -1
9 81 1855 -1
11 743 1802 1805 1811 1816 1835 1836 1842 1847 1848 1849 1855 1857 1858 1859 1861 1864 1880 1884 1888 1893 -1
14 114 1835 1842 1855 1864 -1
20 187 1855 1859 -1
24 309 1808 1814 1816 1835 1836 1837 1842 1855 1858 1880 1893 -1
36 227 1816 1842 1848 1855 -1
38 14 1836 -1
44 44 1855 1857 -1
47 146 1855 1859 1884 -1
48 21 1864 -1
59 94 1808 1836 1842 1893 -1
72 164 1842 1848 -1
75 31 1861 1864 1884 -1
77 25 1816 -1
86 122 1835 1855 1857 1859 -1
71 109 1811 1859 -1
87 195 1847 1855 -1
68 275 1855 -1
109 190 1816 -1
110 95 1836 1842 -1
122 213 1837 -1
113 89 1842 1855 -1
126 25 1855 -1
128 80 1842 1855 1888 1893 -1
132 29 1861 1864 -1
136 99 1893 -1
138 72 1842 -1
143 94 1893 -1
172 123 1814 -1
173 334 1802 1805 1808 1811 1836 1842 1848 1849 1855 1880 -1
74 69 1811 1836 -1
178 63 1893 -1
180 54 1858 -1
182 79 1864 -1
188 3 1808 -1
191 13 1842 1855 1893 -1
203 31 1808 1842 1855 -1
215 100 1802 1805 1811 1842 1848 1849 -1
231 50 1855 1861 1864 -1
232 23 1842 1855 -1
237 41 1855 -1
255 86 1893 -1
259 56 1808 1835 1842 1855 -1
265 31 1858 -1
266 13 1802 -1
269 30 1811 -1
275 56 1835 1888 -1
280 76 1855 -1
285 6 1884 -1
290 71 1805 1836 1893 -1
304 79 1833 1858 1859 1864 1884 -1
308 142 1811 1847 1855 -1
310 230 1842 1888 -1
311 321 1814 1847 1848 1861 1864 1884 1888 1893 -1
312 227 1836 1842 1855 1893 -1
313 54 1859 -1
315 77 1888 -1
317 140 1893 -1
319 199 1842 -1
324 14 1842 -1
328 13 1864 -1
339 80 1855 -1
356 18 1835 -1
376 37 1802 -1
407 145 1816 1835 1858 1859 1884 1893 -1
425 79 1857 1893 -1
432 157 1802 1808 1811 1842 1858 1888 1893 -1
457 732 1802 1805 1811 1814 1816 1835 1836 1842 1848 1849 1855 1859 1880 1884 1888 1893 -1
546 142 1808 1816 1836 1837 1842 1847 1849 1858 1884 1893 -1
553 22 1808 1855 -1
554 6 1842 -1
555 3 1855 -1
556 121 1808 1836 1842 1855 1858 1893 -1
559 4 1802 -1
583 26 1859 -1
588 22 1836 1842 -1
600 214 1808 1835 1836 1837 1842 1847 1855 1884 -1
626 31 1855 -1
633 55 1859 -1
634 150 1842 -1
635 66 1861 1864 -1
650 98 1836 -1
664 13 1864 -1
684 2 1833 -1
686 83 1805 1833 1836 1842 1849 1861 1864 1893 -1
689 47 1805 1859 1864 -1
691 24 1835 1847 1888 -1
695 118 1842 1855 -1
706 95 1819 1864 1884 -1
707 123 1808 1842 1855 -1
708 51 1888 -1
712 19 1855 -1
719 4 1811 -1
722 264 1805 1836 1847 1849 1859 1864 -1
727 32 1842 1861 1864 -1
737 232 1823 1865 -1
697 100 1836 1884 -1
759 77 1842 1855 -1
766 773 1808 1814 1836 1837 1842 1847 1858 1888 1893 -1
762 50 1861 1864 -1
769 146 1808 1835 1836 1842 1884 -1
788 113 1836 1859 -1
784 224 1814 1836 1842 1849 1855 1858 1864 -1
789 317 1805 1816 1855 1888 -1
791 41 1884 -1
803 6 1849 -1
805 90 1842 1847 1855 1884 -1
811 3 1864 -1
813 272 1808 1835 1836 1837 1842 1847 1888 1893 -1
820 16 1819 1842 -1
826 249 1805 1814 1816 1836 1837 1842 1849 1880 1893 -1
825 165 1823 -1
831 12 1811 1855 1858 -1
836 26 1802 1805 1848 -1
844 45 1833 1859 -1
842 30 1859 -1
854 99 1836 1848 1861 1864 -1
856 91 1814 -1
859 13 1836 1842 -1
861 16 1859 -1
865 97 1808 1855 -1
870 38 1893 -1
871 59 1816 1859 -1
469 10 1855 -1
904 119 1819 1833 1842 1847 1849 1855 1857 1861 1864 -1
908 9 1836 1849 -1
918 17 1802 -1
928 21 1861 1864 -1
935 22 1859 -1
937 46 1888 -1
941 80 1805 1816 1859 1893 -1
946 110 1808 1847 1888 -1
954 34 1836 1849 1861 1864 -1
959 12 1835 1836 1842 -1
961 16 1847 -1
933 18 1836 1842 1855 1864 -1
970 11 1893 -1
971 72 1802 1811 1849 -1
978 65 1847 1861 1864 -1
986 77 1842 1861 1864 -1
988 292 1814 1835 1837 1842 -1
993 238 1802 1808 1811 1814 1835 1836 1842 1847 1848 1880 1888 -1
994 45 1859 -1
996 297 1814 1823 1835 1847 1848 1888 -1
1000 60 1835 -1
1006 138 1836 1848 1857 1893 -1
1003 18 1880 -1
1009 44 1811 1858 1893 -1
1029 135 1802 1811 -1
1031 19 1835 1842 1888 -1
1042 41 1835 1842 -1
1043 21 1835 -1
1050 44 1802 1855 -1
1055 196 1811 1823 1849 1857 1864 -1
1062 156 1808 1814 1816 1835 1836 1848 1858 1888 1893 -1
1065 7 1849 1857 -1
872 29 1811 1857 -1
1074 95 1823 -1
1075 74 1802 1842 1858 1893 -1
1080 5 1836 1842 1855 -1
1085 4 1842 -1
1089 8 1842 1855 -1
1093 2 1842 -1
1094 2 1842 -1
1095 10 1833 1836 1842 1855 -1
1097 88 1808 1814 -1
1098 305 1808 1814 1833 1835 1836 1837 1847 1848 1855 1859 1888 1893 -1
1103 9 1842 -1
1099 8 1836 1842 1855 -1
1105 3 1836 -1
1111 60 1836 1842 1855 -1
1113 6 1855 -1
1102 15 1836 1837 1842 1855 -1
1124 20 1888 -1
1128 13 1859 -1
1127 62 1842 -1
1129 62 1861 -1
1132 57 1864 -1
1133 399 1836 1859 -1
1135 115 1808 1814 1836 1847 1858 -1
1137 135 1842 1858 -1
1143 14 1888 -1
1151 472 1808 1814 1816 1835 1836 1842 1847 1848 1888 1893 -1
922 149 1805 1816 1842 1849 1855 1857 1859 1880 1893 -1
1164 39 1816 -1
1166 599 1814 1816 1823 1836 1842 1847 1849 1855 1857 1880 1884 1888 -1
1167 158 1805 1835 1842 1859 1861 1864 1888 1893 -1
1168 5 1816 -1
1169 29 1847 -1
1183 9 1808 -1
1185 43 1805 1842 1849 1855 1859 1861 1864 -1
1196 9 1864 -1
1200 107 1814 -1
1202 66 1847 1861 1864 1893 -1
1203 22 1855 -1
1210 218 1814 1848 1855 1880 1893 -1
1211 79 1808 1814 1819 1836 1842 1849 -1
1215 65 1847 1859 1880 -1
1221 77 1814 1847 1858 1888 -1
1230 33 1814 1837 1880 1893 -1
1236 103 1808 1816 1847 1893 -1
1247 77 1847 -1
1253 51 1833 1842 1847 1884 -1
1261 8 1819 1859 -1
1267 61 1811 1835 -1
1278 69 1808 1816 1893 -1
1279 124 1847 -1
1281 10 1888 1893 -1
1284 20 1859 -1
1291 34 1814 -1
1293 33 1842 1855 -1
1297 76 1836 1847 -1
1299 5 1855 -1
1305 290 1808 1814 -1
1306 20 1808 -1
1308 4 1816 -1
1315 6 1842 -1
1316 7 1836 1842 -1
1319 181 1802 1805 1808 1814 1816 1849 1855 1880 1888 1893 -1
1326 6 1893 -1
1335 62 1835 1848 1861 1864 -1
1350 117 1802 1805 1811 1816 1836 1842 1849 1855 1858 1859 1884 -1
1352 121 1802 1805 1811 1816 1842 1849 1858 1859 1864 1893 -1
1353 30 1836 1848 -1
1360 22 1864 -1
1356 20 1842 1855 -1
1357 91 1808 1814 1859 -1
1358 18 1836 1842 1855 -1
1368 33 1816 1842 1855 1859 1893 -1
1374 462 1805 1808 1814 1847 1849 1855 1858 1865 1888 -1
1377 33 1805 1819 1842 -1
1381 52 1805 -1
1384 37 1837 1847 -1
1386 61 1805 1842 1848 1858 1893 -1
1395 199 1811 1816 1836 1842 1847 1848 1849 1858 1859 1880 -1
1400 3 1849 -1
1423 8 1864 -1
1424 52 1814 -1
1428 183 1802 1805 1811 1816 1848 1849 1858 1859 1880 1893 -1
1184 79 1808 1835 1842 1855 -1
1439 9 1814 -1
1442 20 1864 -1
1462 48 1842 1849 1864 -1
1463 26 1808 1893 -1
1470 156 1816 1836 1857 1893 -1
1471 72 1880 1884 -1
1473 91 1805 1836 1842 1855 1859 1880 1893 -1
1480 44 1802 1805 1811 1816 1842 1849 1859 1893 -1
1482 26 1805 1816 1893 -1
1483 52 1802 1805 1811 1842 1849 1859 1893 -1
1487 117 1816 1836 1847 1855 1857 1858 1893 -1
1489 64 1816 1847 1855 1857 1893 -1
1492 157 1814 1816 1847 1858 1880 1888 1893 -1
1495 10 1816 1893 -1
1496 210 1808 1814 1816 1836 1842 1847 1849 1859 1880 1884 1893 -1
1501 38 1811 1861 1864 -1
1506 41 1849 1880 -1
1505 4 1893 -1
1521 99 1808 1814 1836 1842 1888 1893 -1
1522 139 1814 1842 1857 1880 1893 -1
1525 35 1802 1811 -1
1538 81 1802 1805 1811 1816 1836 1855 1858 1893 -1
1537 68 1808 1814 1816 -1
1542 244 1823 1833 1836 1842 1855 1859 1893 -1
1552 81 1808 1836 1842 1849 1858 1880 1893 -1
1553 20 1816 -1
1549 587 1802 1805 1808 1814 1816 1819 1836 1842 1847 1849 1857 1858 1859 1880 1888 1893 -1
1555 79 1802 1805 1816 1842 1847 1861 1864 1893 -1
1566 46 1847 1855 -1
1583 87 1842 -1
1585 102 1811 1836 1847 1855 1857 1858 1888 -1
1592 30 1837 -1
1594 114 1802 1836 1855 1858 1859 1880 1888 1893 -1
1603 16 1835 -1
1608 355 1802 1808 1811 1814 1816 1835 1842 1847 1848 1855 1857 1858 1888 1893 -1
1614 73 1802 1805 1811 1814 1842 1848 1857 1859 1893 -1
1615 162 1802 1805 1811 1816 1849 1855 1857 1858 1859 1864 1880 1893 -1
1530 11 1835 1859 -1
1621 80 1808 1816 1842 1858 1880 1888 -1
1622 50 1816 1893 -1
1623 39 1893 -1
1628 12 1811 1858 1859 -1
1639 36 1858 -1
1644 48 1842 1859 -1
1661 66 1808 1859 -1
1564 27 1805 1893 -1
1664 3 1888 -1
1667 55 1802 1835 1849 1857 1859 -1
1668 5 1816 -1
1670 18 1847 -1
1683 2 1802 -1
1691 50 1836 1842 -1
1701 112 1847 1888 -1
1696 4 1893 -1
1697 70 1808 1842 1849 1855 1859 1880 -1
1700 93 1816 1847 1893 -1
1711 9 1855 -1
1705 47 1808 1888 -1
1707 34 1888 -1
1717 96 1855 1858 -1
1722 14 1808 -1
1729 19 1857 1888 1893 -1
1732 18 1805 1811 1893 -1
1730 45 1859 -1
1733 42 1816 -1
1734 55 1808 1893 -1
1738 3 1811 -1
1746 7 1848 1893 -1
1742 6 1859 -1
1758 2 1802 -1
1754 23 1893 -1
1756 89 1802 1805 1811 1816 1835 1836 1842 1849 1859 1888 -1
1757 16 1849 1855 1857 -1
1764 2 1811 -1
1765 4 1849 -1
1766 27 1835 1842 -1
1767 97 1802 1811 1847 -1
1772 141 1805 1811 1836 1842 1847 1859 1861 1864 1880 1884 1888 1893 -1
1778 8 1819 1884 -1
1792 31 1805 1842 1857 1858 1861 1864 -1
1795 44 1805 1814 -1
1800 20 1836 1842 1858 -1
1803 19 1811 1842 -1
1804 1 1811 -1
1805 2 1811 1893 -1
1806 1 1811 -1
1807 8 1811 -1
1808 129 1805 1811 1816 1847 1888 -1
1809 2 1811 1859 -1
1810 1 1811 -1
1812 4 1842 1855 -1
1813 41 1842 -1
1820 90 1808 1814 1888 -1
1822 11 1880 1893 -1
1823 49 1805 1842 1855 1858 1893 -1
1825 1 1842 -1
1826 1 1842 -1
1827 2 1842 -1
347 8 1842 1855 -1
1835 73 1842 -1
1836 16 1842 -1
1828 2 1842 1849 -1
1837 28 1842 -1
1829 2 1842 -1
1838 57 1842 1849 1893 -1
1830 3 1842 1855 -1
1831 3 1842 1855 -1
1832 6 1805 1842 -1
1833 6 1842 1855 -1
1834 1 1842 -1
1839 1 1842 -1
1840 2 1842 1855 -1
1841 1 1842 -1
1844 1 1849 -1
1845 1 1849 -1
1846 1 1849 -1
1847 47 1849 1893 -1
1852 1 1849 -1
1848 16 1849 -1
1853 1 1849 -1
1855 12 1859 1893 -1
1856 1 1859 -1
1857 8 1859 -1
1858 1 1859 -1
1860 1 1859 -1
1862 2 1864 -1
1867 2 1865 -1
1868 22 1848 -1
1875 33 1837 -1
1879 13 1880 -1
1885 44 1893 -1
1886 4 1893 -1
1887 2 1893 -1
1888 36 1893 -1
1889 1 1893 -1
1891 36 1893 -1
1892 5 1893 -1
1908 9 1858 -1
1919 112 1816 1836 1842 1848 1888 -1
1922 204 1808 1814 1837 1847 1888 -1
1923 2 1855 -1
1924 5 1855 -1
1925 22 1836 1842 1855 -1
1928 7 1855 -1
1890 1 1855 -1
1926 1 1855 -1
1927 2 1855 -1
1929 1 1855 -1
1930 1 1855 -1
1931 15 1842 1855 1888 -1
1937 13 1855 -1
1932 1 1855 -1
1933 1 1855 -1
1938 1 1855 -1
1934 1 1855 -1
1935 7 1855 -1
1939 1 1855 -1
1940 5 1835 1855 -1
1941 1 1857 -1
1945 2 1816 -1
1962 31 1816 1858 -1
1967 31 1858 -1
1972 181 1823 -1
1977 34 1836 1888 -1
1952 3 1816 -1
1980 47 1816 1835 1842 1888 -1
1981 2 1816 -1
1982 29 1816 -1
1985 56 1888 -1
1986 17 1835 1888 -1
1991 66 1808 1814 1842 -1
1992 16 1808 -1
1997 88 1835 1842 1848 -1
1794 26 1814 1847 -1
2009 63 1835 -1
2052 14 1835 -1
2061 4 1888 -1
2062 121 1836 1842 1848 1888 -1
2063 21 1835 -1
2065 50 1808 1842 -1
2072 121 1808 1835 1836 1842 1847 1848 1888 -1
2085 28 1835 -1
2091 8 1836 -1
2093 55 1835 1847 -1
2102 45 1808 -1
2115 16 1835 -1
2116 20 1888 -1
2119 5 1814 -1
2118 113 1847 1888 -1
2120 122 1842 1848 -1
2125 3 1836 -1
2133 129 1808 1835 1836 1842 1847 1888 -1
2135 146 1837 -1
2145 145 1814 1847 1888 -1
2156 41 1888 -1
2159 18 1848 1888 -1
2169 32 1836 1842 1888 -1
2174 65 1808 -1
2186 61 1808 -1
2193 12 1836 -1
2197 4 1835 -1
2227 4 1808 -1
2230 49 1808 1847 -1
2231 66 1835 -1
2229 143 1814 1835 -1
2236 75 1814 1848 -1
2241 14 1888 -1
2240 108 1842 1888 -1
2242 3 1848 -1
2254 6 1847 1888 -1
2255 31 1836 1842 1888 -1
2256 247 1808 1814 1847 -1
2257 49 1823 -1
2258 95 1842 -1
2274 48 1835 1888 -1
2289 14 1888 -1
2293 2 1888 -1
2295 2 1888 -1
2296 2 1888 -1
2297 164 1814 1847 1888 -1
2298 48 1837 1888 -1
2322 19 1835 -1
2323 111 1836 1847 -1
2328 215 1808 1835 1836 1842 1847 -1
2332 36 1835 -1
2366 7 1835 -1
2371 124 1808 1814 1837 1847 -1
2372 7 1835 -1
2393 4 1836 -1
2398 62 1847 -1
2403 2 1842 -1
2404 1 1842 -1
2405 1 1842 -1
2406 2 1842 -1
2407 4 1842 -1
2414 6 1865 -1
2416 37 1835 -1
2472 75 1808 -1
2473 103 1808 1814 1847 -1
2485 324 1808 -1
2497 38 1814 -1
2502 30 1835 -1
2503 2 1835 -1
2504 100 1835 -1
2505 1 1835 -1
2506 46 1835 -1
2507 69 1814 1835 1847 -1
2508 13 1835 -1
2509 11 1835 -1
2510 68 1808 1814 1847 -1
2547 105 1808 -1
2548 12 1847 -1
2549 70 1808 -1
2559 82 1814 1847 -1
2565 893 1808 1814 1865 -1
2576 146 1865 -1
2593 32 1847 -1
2594 45 1847 -1
2595 49 1808 -1
2598 7 1847 -1
2474 142 1808 1814 1847 -1
2605 64 1808 -1
2618 53 1814 1847 -1
2619 46 1808 1847 -1
2628 1 1847 -1
2646 39 1808 1823 1847 -1
2647 18 1847 -1
2674 103 1814 -1
2686 156 1814 -1
2703 61 1814 -1
2688 618 1814 1823 -1
2704 75 1814 1837 -1
2660 164 1814 -1
2690 26 1814 -1
2706 18 1814 -1
2719 21 1808 -1
2768 40 1808 -1
2790 173 1814 -1
2791 15 1808 -1
2796 8 1808 -1
2840 14 1808 -1
2871 282 1814 -1
2568 4 1808 -1
2925 19 1808 -1
2935 36 1808 -1
2914 4 1808 -1
3006 31 1814 -1
2707 103 1814 -1
3020 52 1814 -1
3026 175 1814 -1
3028 189 1814 -1
3032 216 1823 -1
3059 32 1837 -1
3062 42 1814 -1
3092 81 1814 -1
3098 37 1814 -1
3095 37 1814 1837 -1
2003 63 1814 -1
3125 16 1814 -1
3144 88 1837 -1
3192 56 1837 -1
3225 13 1814 -1
3354 5 1823 -1
3381 180 1823 -1
3447 271 1823 -1
3642 362 1823 -1
4343 7 1823 -1
4632 228 1823 -1
4673 96 1823 -1
4781 27 1865 -1
4813 46 1823 -1
4966 25 1865 -1
5022 172 1823 -1
5103 127 1823 -1
5140 51 1823 -1
4310 278 1865 -1
5188 211 1823 -1
5189 312 1823 -1
5199 22 1823 -1
5531 243 1823 -1
5802 385 1823 -1
5819 61 1823 -1
6272 76 1823 -1
6314 10 1823 -1
6327 108 1823 -1
6510 54 1823 -1
6537 5 1823 -1
6596 177 1865 -1
6615 160 1865 -1
6934 65 1865 -1
7047 161 1865 -1
7120 18 1865 -1
7390 24 1865 -1
7721 1 1865 -1
7724 2 1865 -1