15 50 7871 -1
71 109 7809 -1
99 24 7803 -1
68 275 7839 -1
109 190 7809 7810 -1
110 95 7855 7862 -1
113 89 7809 7839 -1
173 334 7809 7813 -1
311 321 7809 7833 7839 7855 -1
371 117 7809 -1
395 42 7890 -1
432 157 7813 7862 -1
457 732 7810 7833 7835 7860 -1
646 17 7862 -1
663 158 7809 -1
695 118 7809 -1
737 232 7803 7819 7839 7874 -1
742 93 7803 7809 -1
697 100 7809 -1
763 68 7813 7862 -1
766 773 7809 7813 7855 7860 7862 7871 7879 7882 7890 -1
762 50 7809 -1
791 41 7899 -1
805 90 7862 -1
825 165 7809 7839 -1
854 99 7890 -1
856 91 7803 -1
968 5 7890 -1
988 292 7810 7835 -1
1051 46 7890 -1
1098 305 7810 7819 7833 7839 7874 7879 -1
1133 399 7833 7890 -1
1142 48 7839 -1
1151 472 7809 7813 7835 7855 7862 7871 7879 7882 7890 -1
1164 39 7809 -1
1166 599 7803 7809 7839 -1
1200 107 7879 -1
1215 65 7835 -1
1285 31 7839 -1
1374 462 7803 7809 7813 7839 7855 7860 7862 7871 7879 7882 7890 -1
1385 35 7890 -1
1471 72 7855 -1
1473 91 7890 -1
1496 210 7839 7890 -1
1539 5 7855 -1
1542 244 7809 7855 7862 -1
1565 8 7862 -1
1608 355 7882 -1
1612 68 7803 7810 -1
1613 15 7839 -1
1644 48 7839 -1
1658 9 7871 -1
1691 50 7862 7871 -1
1701 112 7855 -1
1720 14 7860 -1
1748 76 7809 7890 -1
1789 11 7833 7871 -1
1799 48 7809 -1
1982 29 7839 -1
2010 27 7803 -1
2110 3 7890 -1
2120 122 7839 -1
2192 5 7803 -1
2196 3 7890 -1
2226 28 7890 -1
2258 95 7810 -1
2276 32 7839 -1
2369 189 7810 7839 7855 7860 7862 7871 -1
2410 34 7839 -1
2485 324 7809 7833 7855 7862 7890 -1
2504 100 7839 -1
2506 46 7860 -1
2523 5 7890 -1
2549 70 7803 -1
2560 180 7803 7809 7813 -1
2565 893 7803 7809 7810 7813 7819 7833 7835 7839 7855 7857 7860 7862 7871 7879 7882 7890 -1
2576 146 7809 7871 7882 -1
2619 46 7809 -1
2658 307 7810 7813 7835 7855 7860 7862 7871 7879 7882 7890 7899 -1
2660 164 7809 7855 -1
2689 38 7874 -1
2694 18 7862 -1
2851 44 7871 -1
2907 6 7809 -1
2983 28 7810 7833 -1
3021 7 7890 -1
3057 48 7833 7890 -1
3084 62 7803 7809 -1
3088 37 7810 7879 -1
3092 81 7855 -1
2003 63 7860 -1
3142 49 7810 -1
3227 19 7810 7862 -1
3238 28 7809 7839 7855 -1
3274 69 7809 -1
3297 51 7860 -1
3348 25 7809 -1
3380 42 7809 -1
3381 180 7899 -1
3404 89 7833 -1
3447 271 7813 7833 -1
3458 69 7855 -1
3459 92 7809 -1
3460 22 7855 7879 -1
2524 7 7803 -1
3498 114 7882 -1
3499 3 7803 -1
3545 2 7890 -1
3554 6 7839 -1
3586 156 7809 7835 7874 -1
3642 362 7809 7839 -1
3691 95 7809 -1
3571 45 7809 -1
3728 85 7855 -1
3787 232 7810 7899 -1
3813 94 7839 -1
3965 89 7809 -1
3969 90 7833 -1
3982 20 7809 -1
3985 32 7855 -1
4036 147 7860 -1
4040 104 7809 7871 -1
4046 89 7890 -1
4110 4 7803 -1
4151 84 7862 -1
4162 16 7871 -1
4347 55 7879 -1
4353 80 7809 -1
4437 70 7839 -1
4441 202 7803 7809 7810 7813 7855 7862 7879 7882 7890 -1
4447 14 7862 -1
4451 9 7862 -1
4485 12 7809 -1
4483 153 7809 7833 7862 7890 -1
4488 50 7833 -1
4534 19 7879 -1
4574 40 7839 -1
4598 71 7839 -1
4632 228 7803 7809 7810 7813 7833 7839 7855 7871 7882 -1
4661 19 7855 7882 -1
4666 24 7860 -1
4709 25 7871 7874 7890 -1
4786 3 7879 -1
4788 20 7857 7879 -1
4789 2 7879 -1
4792 62 7809 7899 -1
4884 4 7882 -1
4889 2 7809 -1
4899 169 7809 7810 7860 7890 -1
4944 4 7839 -1
4948 214 7810 7833 7855 7860 7862 7871 7882 7890 -1
4974 44 7803 -1
4981 53 7833 7862 7879 7882 -1
4983 4 7860 7862 -1
4994 19 7803 7809 7813 -1
5002 115 7809 -1
5010 4 7857 -1
5016 10 7890 -1
5028 43 7809 -1
5037 18 7871 -1
5051 8 7855 7862 7890 -1
5053 52 7871 7890 -1
5079 271 7810 7839 -1
5096 14 7833 -1
5106 33 7803 -1
5103 127 7810 7813 7835 7862 7890 -1
4828 168 7899 -1
5123 69 7809 7860 -1
5140 51 7810 -1
5172 29 7871 -1
5173 122 7810 7839 -1
4795 73 7809 7839 7860 -1
4310 278 7813 -1
5179 217 7839 -1
5188 211 7835 -1
5189 312 7809 7813 -1
5199 22 7809 -1
5201 15 7855 -1
5233 24 7862 7890 -1
5254 33 7835 7890 -1
5295 22 7809 7839 -1
5342 30 7809 -1
5391 37 7809 -1
5423 48 7809 -1
5445 63 7803 7860 -1
5446 26 7809 -1
5472 16 7809 -1
5479 28 7809 -1
5487 30 7839 -1
5489 12 7890 -1
5524 389 7809 7810 7833 7835 7839 7855 7860 7862 7871 7874 7879 7882 7890 7899 -1
5553 46 7813 -1
5563 2 7882 -1
5605 11 7862 -1
5655 139 7839 -1
5697 230 7810 -1
5702 10 7855 -1
5775 42 7813 7835 7855 7862 7871 7874 7882 7890 -1
5773 75 7839 7855 7890 -1
5796 191 7871 -1
5800 222 7809 7810 7833 7874 7882 -1
5802 385 7809 7813 7819 7839 7855 7860 7862 7879 7882 7890 -1
5806 83 7809 7857 7882 -1
5804 33 7862 7874 -1
5810 29 7809 -1
5814 144 7809 7833 7835 7857 7860 7874 -1
5816 84 7809 -1
5819 61 7833 -1
5820 20 7809 7839 -1
5822 98 7809 7813 7833 7835 -1
3788 2 7809 -1
5590 5 7879 -1
5896 10 7803 -1
5908 19 7810 -1
5915 52 7803 7809 7813 7819 7839 7855 7862 7871 7882 7890 -1
5922 7 7860 -1
5927 10 7882 -1
5940 13 7890 -1
5952 14 7839 -1
5969 5 7835 -1
5998 81 7833 7839 7871 7890 -1
5999 20 7803 -1
6006 68 7803 7810 -1
6013 3 7890 -1
4409 7 7890 -1
6015 3 7890 -1
6016 10 7833 -1
6032 80 7833 7839 -1
6029 2 7890 -1
6043 39 7839 -1
6071 3 7803 -1
6072 54 7833 7890 -1
6068 32 7879 -1
6174 10 7839 -1
6212 3 7835 -1
6218 53 7809 7835 -1
6221 31 7809 7839 -1
6241 75 7819 7855 -1
6243 35 7809 -1
6252 2 7813 -1
6272 76 7839 7882 -1
6274 9 7835 -1
6305 190 7810 7860 7874 -1
6320 23 7809 -1
6323 44 7839 -1
6347 11 7862 -1
6383 3 7855 -1
6414 21 7839 7874 -1
6422 11 7809 -1
6443 70 7833 7890 -1
6445 7 7855 -1
6458 28 7855 -1
6484 10 7890 -1
6494 101 7833 7871 7890 -1
6502 12 7879 -1
6510 54 7835 -1
6523 33 7839 -1
6460 58 7803 7809 7835 7857 -1
6538 21 7819 -1
6536 2 7879 -1
6555 35 7809 -1
5273 12 7839 -1
6560 43 7813 7833 -1
6563 58 7809 7839 7840 -1
6552 29 7809 -1
6596 177 7803 7809 7810 7833 7835 7839 7855 7862 7871 7879 7882 7890 -1
6598 6 7855 -1
6618 91 7810 7833 -1
6624 135 7803 7809 7813 7839 7855 7860 7862 7871 7882 7890 -1
6657 11 7840 -1
6772 77 7835 7862 -1
6774 24 7810 -1
6780 6 7813 7890 -1
6895 6 7809 -1
6914 95 7803 7810 7833 7862 7890 -1
6907 191 7803 7809 7813 7835 7860 7874 7879 7882 -1
6924 16 7840 -1
6934 65 7803 -1
6941 57 7809 7810 7819 7833 -1
5529 39 7803 7809 7813 7860 7890 -1
6951 47 7810 7819 7839 7881 7899 -1
6976 41 7839 7871 7890 -1
6993 81 7803 7809 7810 7813 7835 7855 7862 7871 7879 7882 7890 7899 -1
7019 4 7862 -1
7021 15 7813 -1
7043 14 7833 -1
7044 3 7803 -1
7052 142 7835 7855 7862 7871 7879 7890 -1
7045 36 7882 -1
7054 40 7809 -1
7047 161 7803 7809 7810 7813 7833 7835 7839 7855 7860 7862 7871 7874 7879 7882 7890 -1
7055 98 7809 7813 7835 7871 7882 -1
7056 37 7803 7809 7839 -1
7049 27 7803 7809 7855 7862 7871 -1
7057 118 7809 7810 7833 7839 -1
7080 70 7813 7871 7879 7882 -1
6946 68 7809 7857 -1
7086 123 7810 7833 7835 7855 7860 7882 -1
7092 93 7809 7833 7835 7890 -1
5015 14 7810 -1
7120 18 7809 -1
7131 24 7809 7833 7871 -1
7132 30 7809 -1
7225 47 7835 -1
7231 101 7809 7813 7855 7862 7871 7879 7882 7890 -1
7233 22 7809 7860 -1
7238 9 7833 -1
7253 4 7871 -1
7280 89 7809 7813 7833 -1
7301 27 7833 7871 7890 -1
7171 9 7809 -1
7281 12 7809 -1
7335 15 7833 -1
7343 12 7809 -1
7350 21 7809 -1
7352 15 7809 -1
7378 38 7803 7813 -1
7387 4 7809 -1
7386 25 7803 7809 7813 7833 7857 7882 -1
7390 24 7809 -1
7391 52 7809 7835 7862 -1
7405 18 7835 -1
7409 10 7839 -1
7393 12 7840 -1
7443 10 7809 7882 -1
7449 39 7839 -1
7180 4 7803 -1
4532 8 7862 -1
7511 16 7810 7813 7890 -1
7544 11 7813 -1
7564 31 7860 -1
7578 28 7833 7855 -1
7586 7 7809 -1
7598 33 7809 7862 7890 -1
7609 2 7839 -1
7614 39 7809 7819 7874 7879 -1
7625 6 7803 -1
7050 5 7839 -1
7659 6 7855 -1
7665 6 7810 -1
7679 26 7809 7813 7855 -1
7682 36 7839 7862 7874 7881 -1
7691 19 7835 7855 7862 7871 -1
7696 4 7810 -1
7697 19 7803 7809 -1
7726 3 7809 -1
7727 30 7835 7871 -1
7733 45 7809 7810 7833 7839 7862 -1
7738 6 7839 -1
7744 50 7803 7809 7810 7890 -1
7747 8 7809 -1
7755 13 7803 -1
7766 13 7803 7809 7855 7862 7871 -1
7768 11 7879 7882 7890 -1
7769 19 7871 7879 7882 7890 -1
7772 20 7833 -1
7774 35 7860 -1
7779 2 7835 -1
7780 3 7803 -1
7790 4 7803 -1
7792 7 7835 -1
7800 1 7803 -1
7804 1 7803 -1
7801 1 7803 -1
7805 1 7803 -1
7802 1 7803 -1
7808 12 7809 -1
7812 6 7839 7890 7899 -1
7818 23 7819 7871 7874 -1
7829 4 7879 -1
7833 4 7890 -1
7837 2 7839 -1
7853 2 7855 -1
7854 1 7855 -1
7856 7 7835 -1
7862 11 7860 -1
7860 2 7862 -1
7865 24 7835 7882 -1
7867 1 7871 -1
7868 1 7871 -1
7870 1 7871 -1
7874 4 7890 -1
7877 6 7879 -1
7878 1 7879 -1
7885 6 7882 -1
7883 1 7882 -1
7884 5 7882 -1
7886 1 7890 -1
7887 1 7890 -1
7888 1 7890 -1
7889 1 7890 -1
7900 27 7860 -1
7901 30 7860 -1
7954 1 7835 -1
7955 1 7835 -1
7956 1 7835 -1
7967 4 7810 -1
7980 15 7860 -1
8012 7 7860 -1
8036 19 7810 7860 -1
8046 16 7810 -1
8047 20 7810 7833 -1
8053 20 7810 -1
8055 1 7860 -1
8056 1 7860 -1
8057 1 7860 -1
8107 13 7833 -1
8156 5 7810 -1
8211 11 7810 -1
8050 9 7833 -1
7637 1 7833 -1
8270 2 7833 -1
8271 1 7833 -1