24 309 6833 6855 6869 -1
47 146 6875 -1
72 164 6832 6833 6855 -1
103 68 6832 -1
68 275 6832 -1
109 190 6832 6860 -1
136 99 6805 6855 -1
163 9 6875 -1
173 334 6833 -1
166 93 6833 6855 -1
259 56 6833 6840 -1
319 199 6860 -1
395 42 6869 -1
398 7 6890 -1
425 79 6803 6805 6809 6813 6832 6833 6855 -1
432 157 6832 6875 -1
434 6 6832 -1
457 732 6803 6832 6840 6860 6869 6873 6875 6890 6897 -1
546 142 6840 -1
600 214 6833 6855 6892 -1
634 150 6869 -1
637 25 6833 -1
668 2 6897 -1
737 232 6803 6805 6832 6855 6875 6897 -1
742 93 6832 -1
697 100 6873 -1
766 773 6832 6860 6869 6873 -1
769 146 6840 -1
789 317 6855 -1
856 91 6833 6855 -1
935 22 6875 -1
948 29 6832 -1
1032 39 6833 -1
1037 86 6833 6855 -1
1063 29 6832 -1
1074 95 6850 6860 6869 6873 6890 6892 6897 -1
1098 305 6806 6855 6860 -1
1133 399 6833 -1
1151 472 6832 6869 6873 6897 -1
1166 599 6832 6855 -1
1210 218 6860 -1
1241 35 6869 -1
1286 65 6875 -1
1284 20 6875 -1
1374 462 6803 6850 6855 6875 -1
1385 35 6833 -1
1473 91 6833 -1
1542 244 6832 -1
1549 587 6832 6897 -1
1612 68 6832 6833 -1
1661 66 6855 -1
1701 112 6833 6869 -1
1762 47 6809 6832 6833 6850 -1
1796 38 6832 -1
1823 49 6860 -1
1835 73 6833 6840 -1
1982 29 6869 -1
2145 145 6855 -1
2186 61 6832 -1
2240 108 6832 -1
2256 247 6806 -1
2264 58 6833 -1
2276 32 6803 -1
2277 8 6813 -1
2299 67 6832 -1
2328 215 6832 -1
2369 189 6875 -1
2381 71 6833 -1
2452 42 6832 -1
2485 324 6832 6875 6897 -1
2502 30 6833 -1
2535 47 6832 -1
2564 50 6833 6897 -1
2565 893 6832 6833 6850 6855 6860 6869 6873 6875 6897 -1
2620 24 6833 6850 -1
2677 40 6832 -1
2688 618 6803 6809 6833 6850 6855 6869 6873 6897 -1
2660 164 6833 6840 6869 6873 -1
2689 38 6833 -1
2693 149 6855 6869 -1
2774 46 6832 -1
2790 173 6833 6869 -1
2851 44 6832 6850 6875 -1
2909 57 6832 -1
2940 123 6897 -1
2972 357 6855 6860 6869 -1
2988 55 6832 -1
3000 43 6832 6840 -1
3015 44 6869 -1
3032 216 6833 6897 -1
3057 48 6833 -1
3084 62 6833 6869 -1
3142 49 6875 -1
3238 28 6833 -1
3258 95 6897 -1
3381 180 6832 6855 6860 6869 6873 6897 -1
3439 88 6860 -1
3447 271 6832 6873 -1
3449 314 6869 -1
3453 319 6805 6809 6826 6832 6875 -1
3456 241 6832 6869 -1
3457 166 6833 -1
3459 92 6832 6869 -1
3525 16 6855 -1
3562 40 6832 -1
3576 4 6855 -1
3587 15 6850 6855 6869 -1
3586 156 6832 6833 6875 -1
3607 24 6833 -1
3614 205 6875 -1
3634 82 6875 -1
3641 212 6805 6855 6860 6869 6897 -1
3642 362 6803 6832 6833 6850 6855 6860 6869 6873 6897 -1
3691 95 6833 6897 -1
3571 45 6875 -1
3786 99 6833 -1
3792 27 6832 -1
3794 46 6832 -1
3798 23 6875 -1
3813 94 6832 6833 -1
3910 33 6897 -1
3956 85 6833 -1
3965 89 6832 -1
3969 90 6860 -1
3982 20 6869 -1
4036 147 6869 -1
4065 131 6803 6832 -1
4099 155 6890 -1
4076 86 6858 -1
4169 9 6832 -1
4192 7 6873 -1
4224 17 6875 -1
4221 42 6840 6869 -1
4266 11 6833 -1
4326 7 6869 -1
4338 40 6833 6855 -1
4343 7 6897 -1
4364 39 6855 -1
4451 9 6833 -1
4455 22 6832 -1
4483 153 6873 -1
4598 71 6855 -1
4632 228 6860 6875 -1
4717 62 6832 -1
4712 121 6803 6833 6855 6860 -1
4764 53 6832 -1
4788 20 6833 -1
4792 62 6832 6869 -1
4793 2 6869 -1
4829 78 6856 6873 6892 -1
4883 5 6833 -1
4899 169 6832 -1
4943 31 6832 -1
4948 214 6875 -1
4967 361 6806 6860 6869 6873 6897 -1
4974 44 6832 -1
4994 19 6832 6869 -1
5002 115 6832 -1
5009 14 6855 -1
5022 172 6803 6833 6850 6855 6860 6890 6897 -1
5048 6 6855 6869 -1
5053 52 6832 6897 -1
5079 271 6832 6833 6855 6897 -1
5106 33 6832 6875 -1
5102 54 6875 -1
5103 127 6832 6833 6869 6875 6897 -1
4828 168 6803 6813 6832 6850 6855 6860 6869 -1
5125 54 6855 -1
5166 48 6832 6897 -1
5173 122 6806 6832 -1
4310 278 6832 6833 6860 6869 -1
5179 217 6832 6855 6860 -1
5185 152 6803 6806 6832 6833 6850 6855 6860 6869 6873 6897 -1
5188 211 6803 6832 6833 6855 6860 6869 6873 6897 -1
5189 312 6832 6855 6897 -1
5196 32 6809 6832 6850 -1
5215 8 6832 -1
5217 21 6832 -1
5246 44 6832 -1
5254 33 6832 6840 6860 -1
5276 9 6833 -1
5301 61 6860 -1
5332 6 6833 -1
5404 40 6833 -1
5423 48 6832 -1
5430 6 6833 -1
5439 66 6855 6858 -1
5452 17 6860 -1
5454 19 6832 -1
5456 2 6833 -1
5479 28 6832 -1
5489 12 6833 6869 -1
5524 389 6832 6833 6850 6855 6860 6869 6873 6875 6892 6897 -1
5531 243 6803 6832 6833 6850 6855 6860 6869 6897 -1
5532 26 6832 6833 6869 -1
5193 18 6806 -1
5543 137 6832 6855 6860 6869 6873 6897 -1
5552 8 6833 6869 -1
5553 46 6860 -1
5582 105 6833 6855 -1
5596 30 6813 -1
5605 11 6840 -1
5630 36 6860 -1
5655 139 6809 6832 6833 -1
5656 5 6826 -1
5692 21 6855 6892 -1
5697 230 6803 6855 6860 6869 6873 6897 -1
5714 44 6833 -1
5738 14 6875 -1
5739 45 6833 6869 6892 -1
5760 3 6832 -1
5772 15 6890 -1
5773 75 6850 6855 6873 -1
5796 191 6832 6833 6860 6869 6875 6890 6897 -1
5800 222 6806 6832 6860 6869 6873 6890 6892 -1
5802 385 6803 6806 6809 6832 6850 6860 6869 6873 6875 -1
5807 27 6805 6897 -1
5810 29 6869 -1
5811 79 6832 6833 6850 6855 6860 6869 -1
5812 41 6855 -1
5814 144 6806 6832 6855 6869 -1
5815 5 6871 -1
5816 84 6803 6832 6855 -1
5817 75 6832 6855 -1
5818 67 6833 6850 6869 6873 6875 -1
5822 98 6832 6855 6869 -1
5824 41 6855 6892 -1
5857 92 6875 -1
5872 27 6875 -1
4767 14 6832 -1
5871 50 6832 -1
5922 7 6875 -1
5932 33 6832 -1
5934 42 6805 6850 6855 6869 -1
5982 4 6833 -1
5999 20 6833 -1
6004 6 6832 -1
6032 80 6832 6875 -1
6068 32 6875 -1
6082 18 6833 -1
6097 26 6832 -1
6151 13 6832 -1
6169 3 6855 -1
6174 10 6832 -1
6179 7 6897 -1
6198 14 6832 -1
6190 3 6833 -1
6208 3 6805 -1
6229 19 6833 -1
6241 75 6832 6860 -1
6242 5 6892 -1
6243 35 6832 -1
6270 88 6832 6869 6873 -1
6271 11 6809 6813 -1
6272 76 6832 -1
6280 52 6832 -1
6299 78 6832 6833 -1
6305 190 6803 6850 6855 6860 6875 -1
6320 23 6809 6869 6873 -1
6323 44 6832 6869 -1
6346 17 6869 -1
6359 81 6832 6840 6855 6860 6869 6873 -1
6377 17 6833 6850 6855 -1
6380 4 6897 -1
6381 3 6850 -1
6327 108 6805 6832 6833 6869 6873 -1
6398 29 6833 6850 6869 6892 -1
6421 23 6805 -1
6436 3 6803 -1
6443 70 6832 6855 -1
6458 28 6869 -1
6486 85 6832 6873 -1
6488 22 6869 6873 -1
6494 101 6832 6833 6860 6873 6892 6897 -1
6501 17 6803 6897 -1
6510 54 6803 6809 6832 6833 6850 -1
6518 33 6832 -1
6522 29 6803 6809 6813 6833 6840 6855 6869 6873 -1
6523 33 6832 -1
6525 17 6803 -1
6526 11 6805 6840 -1
6538 21 6850 -1
6555 35 6832 -1
6560 43 6832 -1
6123 24 6832 -1
6563 58 6832 6860 6873 -1
6577 10 6897 -1
6552 29 6832 -1
6595 12 6832 -1
6596 177 6875 -1
6618 91 6832 6860 -1
6619 104 6832 6855 6897 -1
6615 160 6832 6833 6850 6855 6869 6873 6890 6892 -1
6616 18 6897 -1
6624 135 6832 -1
6627 50 6809 6833 6840 6850 6855 -1
6649 26 6855 6860 6869 6873 -1
6658 5 6833 -1
6665 29 6833 -1
6671 4 6832 -1
6714 100 6803 6832 6833 -1
6717 4 6869 -1
6736 33 6832 6833 6850 6860 6869 6873 6892 -1
6726 12 6833 6850 6869 -1
6753 4 6890 -1
4401 9 6897 -1
6771 2 6833 -1
6772 77 6803 6806 6809 6832 6833 6850 -1
6774 24 6832 -1
6781 8 6833 -1
6784 42 6855 6860 -1
6789 11 6832 -1
6802 3 6803 -1
6804 6 6805 -1
6808 1 6809 -1
6807 1 6809 -1
6776 3 6855 -1
6829 4 6833 -1
6834 2 6833 -1
6835 1 6833 -1
6836 1 6833 -1
6845 2 6832 6850 -1
6846 6 6850 6855 6860 -1
6848 14 6850 6869 -1
6847 1 6850 -1
6855 14 6832 -1
6854 1 6855 -1
6859 11 6860 -1
6620 93 6832 6860 6873 6897 -1
6865 19 6832 6869 -1
6870 3 6869 6873 -1
6895 6 6832 6897 -1
6896 4 6897 -1
6913 44 6832 -1
6914 95 6832 -1
6906 49 6832 -1
6907 191 6832 6875 -1
6934 65 6832 -1
6316 19 6832 -1
7020 3 6832 -1
7052 142 6832 6875 -1
7047 161 6875 -1
7057 118 6875 -1
7061 3 6832 -1
7063 16 6832 -1
7086 123 6875 -1
7092 93 6832 -1
7121 7 6832 -1
7129 11 6832 -1
7131 24 6832 -1
7132 30 6832 -1
7188 14 6832 -1
7241 21 6832 6875 -1
7278 4 6832 -1
7280 89 6875 -1
7301 27 6832 -1
7317 15 6832 -1
7294 39 6832 -1
7327 6 6832 -1
7329 2 6832 -1
7335 15 6832 -1
7343 12 6832 -1
7347 1 6832 -1
7348 2 6832 -1
7349 1 6832 -1
7350 21 6832 -1
7351 2 6832 -1
7352 15 6832 -1
7353 1 6832 -1
7354 4 6832 -1
7355 1 6832 -1
7405 18 6875 -1
7677 12 6875 -1
7679 26 6875 -1
7682 36 6875 -1
7774 35 6875 -1
7810 9 6875 -1
7885 6 6875 -1
7901 30 6875 -1
7902 21 6875 -1
7933 4 6875 -1
8036 19 6875 -1
8060 5 6875 -1
8166 1 6875 -1
8167 1 6875 -1