20 187 5714 5775 5780 -1
24 309 5714 -1
36 227 5714 5799 -1
37 20 5780 -1
42 89 5775 -1
27 102 5743 -1
71 109 5714 -1
87 195 5732 5737 5775 5790 5798 -1
68 275 5721 5732 5745 5780 -1
109 190 5714 5739 5760 5798 5799 -1
122 213 5790 -1
113 89 5721 -1
136 99 5738 5739 -1
155 28 5745 -1
173 334 5714 5760 5799 -1
166 93 5738 -1
231 50 5737 5743 -1
259 56 5714 5773 -1
298 2 5793 -1
308 142 5714 -1
310 230 5721 5753 -1
311 321 5743 -1
335 46 5743 -1
371 117 5775 -1
398 7 5739 -1
425 79 5798 -1
457 732 5705 5714 5721 5732 5737 5738 5739 5743 5753 5757 5760 5775 5776 5780 5792 5798 5799 -1
600 214 5714 -1
633 55 5773 -1
634 150 5773 -1
689 47 5790 -1
695 118 5760 -1
737 232 5738 5760 5772 -1
742 93 5745 -1
697 100 5790 -1
766 773 5714 5721 5732 5737 5739 5743 5753 5773 5775 5776 5780 5790 5799 -1
788 113 5709 5798 -1
789 317 5721 5743 5753 -1
813 272 5753 -1
825 165 5737 5740 5743 5745 -1
865 97 5743 -1
879 122 5739 -1
469 10 5714 -1
896 26 5798 -1
950 9 5757 -1
996 297 5784 5790 -1
1000 60 5798 -1
1008 8 5714 -1
1041 49 5743 5790 -1
1042 41 5799 -1
1055 196 5714 5780 5790 -1
1074 95 5714 5739 5799 -1
1097 88 5743 -1
1098 305 5738 5760 5772 5773 5776 -1
1133 399 5753 5773 5775 5780 -1
1151 472 5714 5721 5743 5775 5776 -1
1166 599 5714 5721 5743 5772 5773 5780 5784 5790 5798 -1
1210 218 5799 -1
1286 65 5757 -1
1285 31 5760 -1
1305 290 5739 -1
1374 462 5714 5721 5732 5737 5743 5760 5773 5780 5790 -1
1419 41 5732 -1
1462 48 5780 -1
1470 156 5706 5714 5798 -1
1473 91 5714 -1
1496 210 5732 -1
1542 244 5714 5739 5743 5760 5780 5798 5799 -1
1549 587 5714 5721 5732 5775 5776 -1
1601 4 5714 -1
1608 355 5714 -1
1612 68 5772 -1
1621 80 5739 -1
1667 55 5737 5760 -1
1674 8 5732 -1
1691 50 5714 -1
1701 112 5714 5775 -1
1697 70 5714 5732 5773 -1
1717 96 5780 -1
1688 25 5798 -1
1733 42 5714 -1
1737 9 5760 -1
1748 76 5738 -1
1762 47 5714 -1
1767 97 5714 -1
1795 44 5773 -1
1796 38 5739 -1
1799 48 5798 -1
1808 129 5714 5721 -1
1814 105 5737 5798 -1
1835 73 5714 5799 -1
1891 36 5784 -1
2096 2 5799 -1
2102 45 5780 -1
2109 47 5790 -1
2115 16 5721 -1
2135 146 5743 -1
2226 28 5773 -1
2246 8 5714 -1
2256 247 5709 -1
2257 49 5732 -1
2258 95 5721 5732 5753 5760 5773 5784 5790 5798 -1
2264 58 5714 5775 -1
2297 164 5714 -1
2299 67 5714 -1
2323 111 5799 -1
2328 215 5714 -1
2331 2 5714 -1
2365 77 5721 5773 5775 5780 -1
2369 189 5714 5739 5745 5775 5799 -1
2381 71 5721 5743 5799 -1
2384 72 5753 5775 5790 -1
2387 66 5780 -1
2410 34 5721 5743 -1
2440 50 5760 -1
2456 31 5760 -1
2485 324 5721 5790 -1
2502 30 5773 -1
2516 44 5743 -1
2542 93 5714 -1
2549 70 5743 5773 5784 5790 -1
2564 50 5714 -1
2565 893 5714 5739 5760 5772 5773 5776 -1
2576 146 5713 5721 5732 5739 -1
2595 49 5760 -1
2605 64 5713 5721 -1
2623 108 5705 5772 -1
2651 269 5775 5780 -1
2674 103 5743 -1
2677 40 5739 5773 -1
2702 80 5705 -1
2688 618 5732 5737 5739 5743 5753 5756 5775 5780 5784 5790 -1
2660 164 5732 5773 5790 -1
2667 126 5738 5753 5798 -1
2691 44 5757 -1
2693 149 5714 5739 5780 -1
2696 64 5743 -1
2744 39 5784 -1
2760 23 5784 -1
2834 5 5793 -1
2871 282 5737 5775 -1
2908 12 5753 -1
2958 47 5772 -1
2972 357 5705 5721 5732 5737 5738 5743 5756 5757 5775 5776 -1
2974 15 5743 -1
2983 28 5738 -1
2988 55 5775 -1
3009 51 5756 -1
3010 123 5780 -1
2707 103 5705 5721 5737 5775 -1
3015 44 5732 5756 5775 5780 -1
3028 189 5738 -1
3032 216 5776 5799 -1
3034 38 5790 -1
2713 200 5721 5732 -1
3057 48 5775 -1
3088 37 5738 -1
3092 81 5705 5714 5775 -1
3110 21 5743 -1
3142 49 5738 -1
3145 18 5790 -1
3168 79 5790 -1
3191 68 5737 5743 5775 -1
3209 41 5756 5757 -1
3247 2 5773 -1
3309 4 5721 -1
3345 35 5775 5784 -1
3375 43 5743 -1
3381 180 5714 5739 5760 5776 5798 -1
3404 89 5732 -1
3390 60 5705 5732 5737 5743 5756 5775 -1
3447 271 5705 5737 5743 5760 5775 -1
3449 314 5732 5737 5743 5753 5775 5780 5790 5798 -1
3452 131 5753 5790 -1
3453 319 5714 5721 5737 5739 5743 5775 5780 5784 -1
3456 241 5714 5739 5743 5760 5775 -1
3457 166 5753 -1
3459 92 5739 5780 -1
3479 102 5732 5737 5743 -1
3478 42 5732 5775 5799 -1
3498 114 5721 5743 5753 5780 5790 -1
3522 71 5790 -1
3554 6 5705 -1
3568 147 5757 -1
3586 156 5714 5739 5753 5760 5799 -1
3593 26 5776 -1
3601 52 5721 5732 5737 5743 -1
3614 205 5714 5732 5737 5739 5743 5753 5775 5798 -1
3634 82 5773 -1
3641 212 5714 5739 5743 5753 -1
3642 362 5705 5713 5714 5721 5732 5737 5739 5743 5745 5753 5756 5760 5773 5775 5780 5784 5790 5799 -1
3643 44 5743 -1
3658 39 5799 -1
3666 144 5743 5790 -1
3691 95 5739 5760 -1
3722 2 5773 -1
3571 45 5799 -1
3728 85 5775 5780 -1
3747 4 5790 -1
3786 99 5705 5721 5737 5760 5778 5780 5790 -1
3787 232 5760 5784 5790 5798 -1
3792 27 5714 -1
3796 113 5737 5743 5775 5780 -1
3794 46 5753 -1
3813 94 5721 5739 5743 5780 -1
3815 20 5721 5732 -1
3854 82 5737 -1
3877 13 5772 -1
3910 33 5773 5780 5799 -1
3916 42 5705 5714 5775 -1
3956 85 5775 -1
4036 147 5732 5737 5743 5780 5790 -1
4040 104 5732 5743 5745 5757 -1
4041 68 5737 -1
4045 257 5739 5753 5773 5775 5776 5780 5790 5799 -1
4046 89 5773 -1
4059 4 5760 -1
4065 131 5760 -1
4070 111 5706 5721 5732 5737 5756 5775 5784 5790 -1
4071 17 5775 -1
4082 15 5784 5790 -1
4099 155 5714 5743 5760 -1
4138 64 5732 5737 -1
4144 76 5721 5732 5743 -1
4151 84 5714 5743 5799 -1
3995 57 5743 5757 5780 -1
4212 53 5737 5740 -1
4222 41 5790 -1
4221 42 5714 -1
4266 11 5780 -1
4276 52 5737 5743 5775 -1
4295 17 5743 -1
4326 7 5714 -1
4338 40 5714 -1
4353 80 5713 5732 5743 5775 -1
4355 50 5713 5737 5775 5778 5780 5784 -1
4416 11 5714 -1
4437 70 5775 5776 -1
4441 202 5780 5798 5799 -1
4443 7 5799 -1
4483 153 5706 5739 5743 5745 5753 5760 5790 5799 -1
4486 20 5726 -1
4488 50 5743 -1
4524 9 5773 -1
4530 9 5743 -1
4536 81 5743 5775 -1
4550 100 5705 -1
4557 16 5743 5780 -1
4598 71 5705 5756 5773 5776 5784 5790 -1
4616 7 5799 -1
4632 228 5743 5753 5760 5780 5798 -1
4653 114 5737 5743 -1
4662 46 5760 -1
4673 96 5738 5798 5799 -1
4686 57 5705 5743 -1
4709 25 5775 -1
4714 3 5775 -1
4715 11 5790 -1
4717 62 5743 5760 -1
4718 46 5743 -1
4712 121 5743 5753 5776 -1
4746 18 5760 -1
4756 34 5737 5760 -1
4764 53 5721 -1
4792 62 5732 5739 5745 5756 -1
4813 46 5799 -1
4818 28 5790 -1
4824 101 5706 5721 5732 5737 5743 5745 5753 5775 5780 -1
4825 2 5775 -1
4829 78 5739 -1
4843 24 5714 -1
4879 28 5760 -1
4883 5 5714 -1
4894 79 5713 5799 -1
4899 169 5743 5753 5775 5780 5799 -1
4926 7 5760 -1
4948 214 5721 5732 5737 5743 5773 -1
4960 8 5799 -1
4964 60 5760 -1
4967 361 5705 5714 5721 5732 5737 5739 5743 5753 5775 5776 5780 5790 5792 5798 5799 -1
4974 44 5743 5775 -1
4981 53 5714 -1
4988 23 5790 -1
4994 19 5760 -1
5002 115 5721 5737 5773 -1
5006 28 5743 -1
5022 172 5738 5739 5753 5760 5798 5799 -1
5020 139 5706 5740 5760 5772 -1
5037 18 5743 -1
5051 8 5775 -1
5053 52 5760 5775 -1
5061 13 5760 -1
5079 271 5709 5714 5732 5737 5739 5743 5756 5760 5775 5780 5798 5799 -1
5102 54 5773 -1
5103 127 5714 5799 -1
5110 84 5798 -1
4828 168 5714 5738 5739 5757 -1
5118 13 5743 -1
5123 69 5737 5760 5775 5799 -1
5125 54 5753 5790 -1
5150 13 5743 5775 -1
5153 5 5753 -1
5160 12 5709 -1
5166 48 5714 -1
5171 41 5775 -1
5172 29 5780 -1
5173 122 5714 5738 5772 5773 5784 5790 -1
5175 35 5721 5743 5775 5790 -1
4795 73 5773 -1
5176 139 5705 5721 5732 5737 5743 5756 5757 5760 5775 5780 -1
5177 101 5709 5714 5798 -1
5178 19 5753 -1
4310 278 5721 5732 5739 5743 5760 5775 5798 -1
5179 217 5721 5732 5737 5738 5739 5743 5753 5756 5760 5775 5776 5778 5798 -1
5180 49 5743 5775 5780 5790 -1
5181 41 5784 -1
5182 14 5743 -1
5184 68 5743 5775 -1
5185 152 5714 5753 5760 5798 5799 -1
5187 31 5721 5775 5784 -1
5188 211 5714 5732 5737 5739 5743 5775 5776 5780 5790 5798 5799 -1
5189 312 5705 5737 5738 5743 5745 5753 5754 5756 5760 5775 5798 5799 -1
5217 21 5743 5760 -1
5246 44 5756 -1
5254 33 5714 -1
5262 59 5713 5754 5756 -1
5263 75 5705 5721 5743 5756 5784 5790 -1
5295 22 5780 -1
5296 16 5732 -1
5301 61 5753 -1
5313 12 5775 5780 -1
5316 24 5714 -1
5317 18 5780 -1
5320 11 5743 -1
5334 7 5721 -1
5342 30 5705 5721 -1
5404 40 5757 5784 5790 -1
5398 2 5714 -1
5423 48 5709 5798 5799 -1
5419 9 5705 5737 5775 -1
5439 66 5738 5739 5773 5799 -1
5452 17 5739 -1
5454 19 5743 -1
5457 44 5757 5760 5780 5792 -1
5479 28 5773 -1
5484 22 5780 -1
5489 12 5780 -1
5495 4 5737 -1
5462 19 5780 -1
5524 389 5714 5739 5760 5773 5776 -1
5531 243 5714 5732 5739 5753 5760 5775 5776 5780 5799 -1
5532 26 5772 5780 -1
5534 14 5775 -1
5543 137 5739 5753 5798 -1
5549 10 5714 -1
5552 8 5780 -1
5558 3 5705 -1
5582 105 5714 5776 5799 -1
5591 27 5799 -1
5596 30 5738 -1
5606 28 5745 5775 5780 -1
5612 66 5757 -1
5616 15 5732 5760 -1
5617 22 5772 5780 -1
5624 28 5713 5778 5782 -1
5630 36 5739 5760 -1
5655 139 5709 5714 5738 -1
5660 2 5799 -1
5647 8 5706 -1
5684 18 5743 5798 -1
5691 49 5743 5753 5780 5784 5790 -1
5692 21 5773 -1
5697 230 5714 5738 5739 5743 5773 5776 5798 5799 -1
5704 4 5705 -1
5709 11 5799 -1
5714 44 5743 5760 5798 5799 -1
5721 10 5776 -1
5720 3 5721 -1
5722 3 5721 5737 -1
5729 1 5732 -1
5730 1 5732 -1
5731 2 5732 -1
5735 1 5737 -1
5741 13 5743 -1
4418 1 5745 -1
5744 1 5745 -1
5747 2 5799 -1
5755 1 5756 -1
5761 9 5780 5784 -1
5763 4 5775 -1
5766 1 5767 -1
5770 6 5784 -1
5775 42 5773 -1
5771 9 5760 5773 5775 -1
5772 15 5775 -1
5773 75 5745 5760 5772 5775 -1
5774 1 5775 -1
5783 23 5784 -1
5787 32 5753 -1
5788 5 5790 -1
5789 1 5790 -1
5796 191 5714 5739 5760 5772 -1
5800 222 5739 5760 -1
5802 385 5714 5738 5739 5760 5773 5776 5798 5799 -1
5805 16 5738 5799 -1
5807 27 5776 -1
5809 21 5753 -1
5811 79 5739 5760 -1
5812 41 5760 -1
5814 144 5714 5738 5739 5760 -1
5815 5 5798 -1
5816 84 5798 -1
5817 75 5709 -1
5818 67 5760 5798 -1
5819 61 5753 -1
5822 98 5799 -1
5823 12 5798 -1
5824 41 5739 5773 -1
5834 6 5753 -1
5857 92 5714 5799 -1
5871 50 5739 -1
5932 33 5799 -1
5934 42 5753 -1
5966 7 5772 -1
5981 6 5799 -1
5998 81 5773 5776 5799 -1
6006 68 5714 5776 5799 -1
6023 30 5799 -1
6032 80 5739 -1
6045 7 5773 -1
6068 32 5753 -1
6075 18 5753 -1
6082 18 5714 5799 -1
6094 11 5753 -1
6108 4 5753 -1
6156 22 5714 5798 -1
6218 53 5798 5799 -1
6221 31 5738 5760 -1
6229 19 5714 -1
6239 5 5760 -1
6241 75 5760 -1
6243 35 5739 -1
6270 88 5714 5739 5773 5799 -1
6271 11 5799 -1
6272 76 5739 -1
6280 52 5760 5773 -1
6299 78 5760 5773 5776 -1
6305 190 5714 5738 5739 5760 5773 5799 -1
6323 44 5739 -1
6347 11 5773 -1
6356 2 5714 -1
6359 81 5714 5739 -1
6360 35 5798 -1
6298 7 5709 -1
6377 17 5798 -1
6378 2 5798 -1
6327 108 5714 5772 5773 5776 -1
6398 29 5714 -1
6423 1 5738 -1
6424 2 5738 -1
6458 28 5760 -1
6456 3 5714 -1
6479 13 5714 -1
6486 85 5739 5773 -1
6488 22 5739 -1
6494 101 5714 5760 5799 -1
6500 8 5714 5799 -1
6501 17 5739 5799 -1
6502 12 5799 -1
6503 4 5799 -1
6523 33 5714 -1
6555 35 5760 -1
6560 43 5776 -1
6123 24 5760 -1
6563 58 5714 5739 5745 5773 -1
6596 177 5738 -1
6618 91 5773 5776 -1
6619 104 5760 5773 -1
6615 160 5739 5760 5773 5776 -1
6624 135 5760 -1
6627 50 5760 5773 -1
6645 2 5714 -1
6649 26 5739 5760 -1
6671 4 5760 -1
6676 6 5738 -1
6714 100 5714 5745 5760 -1
6611 15 5739 -1
6736 33 5739 -1
6772 77 5714 5739 5773 -1
6774 24 5739 -1
6797 1 5714 -1
6798 1 5714 -1
6800 1 5714 -1
6801 6 5714 5773 -1
6855 14 5773 -1
6859 11 5776 -1
6620 93 5739 5773 5776 -1
6865 19 5739 -1
6883 4 5776 -1
6747 4 5773 -1
6902 28 5739 5773 -1
6913 44 5772 5773 5776 -1
6914 95 5760 5773 -1
6906 49 5760 5773 5776 -1
6907 191 5760 5773 5776 -1
6923 2 5739 -1
6924 16 5739 -1
6941 57 5745 -1
6951 47 5738 -1
6976 41 5776 -1
7023 8 5772 -1
7052 142 5738 5760 5776 -1
7045 36 5760 -1
7047 161 5738 -1
7056 37 5738 -1
7038 7 5772 -1
7080 70 5773 -1
6946 68 5745 -1
7086 123 5738 -1
7092 93 5745 5773 -1
5015 14 5760 -1
7096 5 5773 -1
7099 18 5760 -1
7120 18 5776 -1
7121 7 5776 -1
7130 2 5773 -1
7131 24 5773 -1
7126 3 5773 -1
7142 4 5773 -1
7174 1 5773 -1
7175 2 5773 -1
7178 2 5773 -1
7179 2 5773 -1
7176 4 5773 -1
7177 1 5773 -1
7189 3 5760 -1
7233 22 5760 -1
7237 15 5738 -1
7317 15 5760 -1
7281 12 5760 -1
7335 15 5760 -1
7374 1 5760 -1
7377 1 5760 -1
7744 50 5738 -1
7774 35 5738 -1
8162 9 5738 -1
8173 7 5738 -1
8189 4 5738 -1
7861 2 5738 -1