25 90 857 864 893 -1
6 302 802 813 820 826 857 863 871 881 885 893 895 897 -1
8 182 802 806 810 817 822 844 857 864 866 868 875 878 881 882 885 -1
9 81 857 868 893 -1
11 743 802 803 805 806 810 817 822 825 826 829 836 837 838 839 844 849 853 857 859 863 864 866 868 871 873 878 881 882 885 887 893 895 -1
12 65 805 810 822 838 857 -1
15 50 893 -1
16 15 817 857 887 -1
20 187 803 829 838 853 861 864 896 -1
21 76 802 837 853 868 871 887 893 -1
23 74 810 857 881 897 -1
24 309 803 813 817 829 849 853 856 857 863 887 893 895 -1
28 133 857 859 864 895 -1
36 227 813 817 838 844 849 857 859 861 895 -1
35 65 803 853 -1
37 20 881 -1
39 41 822 878 -1
41 30 837 857 887 893 -1
42 89 810 817 823 853 -1
43 4 857 -1
45 8 871 -1
46 59 838 844 857 -1
47 146 820 844 857 -1
48 21 817 878 -1
51 24 893 -1
53 39 806 857 -1
29 150 810 829 837 838 840 857 863 866 868 878 882 893 895 -1
57 13 817 -1
58 38 853 -1
59 94 861 895 -1
27 102 866 -1
72 164 802 820 844 857 881 885 895 896 -1
78 41 857 -1
79 53 817 857 864 875 878 893 -1
77 25 868 878 -1
80 59 817 857 -1
86 122 820 857 866 878 893 895 -1
71 109 895 -1
87 195 837 -1
90 72 820 -1
94 80 857 859 873 -1
31 15 857 -1
102 5 813 -1
68 275 825 -1
110 95 810 837 838 839 844 857 859 863 866 868 881 882 885 893 895 897 -1
111 29 838 857 885 895 -1
121 9 857 -1
122 213 825 856 -1
113 89 817 829 838 849 859 868 893 -1
130 13 895 -1
127 132 805 849 893 -1
128 80 813 857 864 873 895 -1
132 29 829 -1
138 72 806 817 849 857 863 868 871 875 -1
139 37 802 806 822 829 849 895 -1
143 94 805 817 871 887 -1
147 58 820 -1
151 74 806 837 844 857 863 878 887 893 895 897 -1
154 61 829 857 895 -1
157 44 857 885 893 -1
168 9 857 875 -1
171 70 803 853 857 887 -1
172 123 856 873 878 -1
173 334 803 805 813 817 820 823 836 853 857 861 871 873 887 895 -1
74 69 803 806 817 863 864 893 895 -1
176 39 805 857 871 -1
177 19 820 849 -1
178 63 817 829 838 844 866 895 -1
179 17 829 -1
182 79 805 857 878 895 -1
166 93 829 837 838 859 897 -1
191 13 802 829 -1
201 21 817 823 -1
203 31 829 -1
192 19 857 -1
216 8 895 -1
215 100 836 -1
223 19 882 -1
224 13 806 857 -1
240 5 857 -1
232 23 849 857 -1
236 39 844 857 -1
254 25 857 864 881 895 -1
255 86 817 864 878 893 -1
259 56 803 817 853 893 -1
263 22 893 -1
265 31 827 -1
266 13 836 844 -1
269 30 817 895 -1
270 14 853 -1
276 7 802 849 -1
241 8 802 864 -1
280 76 813 817 820 -1
290 71 887 -1
304 79 810 820 -1
306 244 810 817 829 838 857 863 866 868 875 878 881 895 896 -1
308 142 813 817 838 844 853 857 859 861 878 895 -1
320 7 849 -1
310 230 805 806 813 817 844 857 866 868 871 878 893 -1
311 321 805 810 826 844 857 859 861 871 875 878 882 887 893 895 -1
312 227 802 803 805 806 813 817 820 822 837 838 839 844 849 857 861 863 864 866 868 878 881 882 885 887 893 895 897 -1
313 54 857 871 -1
315 77 802 806 817 829 838 844 857 863 864 873 878 881 885 893 895 -1
317 140 805 813 820 823 826 838 844 849 853 857 863 864 866 868 871 878 882 887 895 -1
319 199 803 805 813 817 822 826 844 857 878 -1
324 14 817 849 -1
327 8 857 -1
328 13 875 -1
335 46 839 -1
339 80 803 817 822 853 863 881 885 893 895 -1
340 30 885 -1
341 47 829 -1
348 21 817 878 -1
346 86 853 -1
351 11 893 -1
371 117 823 844 849 857 868 878 881 882 885 895 897 -1
376 37 817 -1
387 11 817 829 -1
407 145 838 844 887 -1
409 2 875 -1
427 6 820 -1
424 6 838 857 893 -1
429 5 837 839 -1
432 157 802 813 817 837 839 844 849 861 864 868 895 -1
412 21 838 844 859 868 -1
439 8 895 -1
456 5 817 -1
457 732 810 826 836 856 857 861 871 873 -1
467 12 849 893 -1
499 14 802 829 893 -1
501 10 817 887 -1
545 24 803 -1
553 22 893 -1
555 3 893 -1
556 121 803 817 829 849 853 857 863 878 893 895 897 -1
564 15 895 -1
588 22 859 -1
590 8 829 -1
592 12 863 -1
601 9 803 -1
600 214 803 817 829 844 853 856 859 864 866 873 878 885 893 895 -1
618 11 844 857 875 895 -1
620 14 881 882 -1
626 31 802 803 817 893 -1
633 55 817 820 857 863 893 -1
634 150 803 813 844 853 887 -1
646 17 810 -1
635 66 803 857 863 -1
636 11 806 -1
647 32 836 857 -1
637 25 838 857 863 -1
643 46 823 866 -1
644 27 863 -1
645 16 817 857 863 875 -1
649 40 802 810 820 863 878 881 882 885 -1
650 98 806 817 829 853 857 859 868 885 895 -1
659 14 857 -1
664 13 849 -1
663 158 817 822 844 853 857 864 868 871 875 878 881 887 -1
639 31 810 817 823 857 863 -1
674 16 857 878 895 -1
677 2 817 -1
686 83 803 805 826 853 861 -1
689 47 873 -1
691 24 817 863 -1
695 118 813 863 893 -1
704 81 805 857 859 873 -1
705 28 823 857 878 -1
706 95 803 817 829 836 838 -1
707 123 803 813 826 853 857 861 -1
708 51 866 -1
710 105 857 861 -1
715 23 803 857 -1
722 264 813 817 825 827 839 844 856 857 893 895 897 -1
725 6 849 859 -1
728 5 817 -1
730 34 838 857 893 895 -1
732 4 857 -1
733 8 829 -1
737 232 840 -1
742 93 810 817 829 838 857 863 885 893 897 -1
697 100 817 859 875 895 -1
749 66 805 817 878 -1
321 27 817 895 -1
759 77 829 857 893 895 897 -1
763 68 817 820 849 857 893 -1
766 773 817 825 826 856 857 871 878 -1
762 50 838 881 895 896 -1
769 146 802 805 813 817 829 868 887 893 -1
770 3 893 897 -1
771 7 893 -1
772 3 817 -1
736 4 857 866 -1
788 113 849 859 863 893 895 -1
782 9 802 817 -1
784 224 810 856 857 -1
789 317 817 844 857 875 887 893 -1
791 41 802 817 -1
794 18 895 -1
795 60 853 882 887 895 -1
797 5 817 868 -1
802 4 829 -1
799 1 802 -1
800 2 802 829 -1
801 6 802 838 -1
803 6 806 -1
805 90 813 825 857 871 -1
807 1 806 -1
810 34 805 817 -1
811 3 817 -1
812 3 817 822 -1
813 272 805 817 822 825 859 864 871 878 887 -1
814 3 817 893 -1
815 2 817 829 -1
816 29 817 829 871 -1
822 11 813 -1
819 1 822 -1
820 16 822 -1
821 1 822 -1
334 41 822 829 838 839 849 863 864 885 893 -1
818 2 822 -1
826 249 871 887 -1
825 165 826 827 -1
830 3 829 -1
832 3 829 878 -1
831 12 829 -1
835 1 829 -1
837 4 839 -1
838 36 810 839 844 857 864 866 878 881 882 885 -1
841 61 837 -1
840 7 837 -1
844 45 805 857 -1
842 30 844 853 -1
843 1 844 -1
845 1 838 -1
847 1 838 -1
848 8 838 881 882 893 -1
851 2 857 -1
854 99 857 863 875 -1
855 2 857 -1
856 91 825 857 897 -1
852 39 857 -1
853 16 857 868 -1
862 3 849 897 -1
863 5 849 897 -1
865 97 810 849 857 866 882 893 895 897 -1
867 1 868 -1
869 11 882 -1
870 38 857 861 887 896 -1
871 59 805 826 857 875 -1
873 5 849 875 -1
874 1 875 -1
876 1 878 -1
877 2 878 -1
879 122 810 825 881 -1
880 1 881 -1
882 7 897 -1
887 1 863 -1
888 1 863 -1
889 1 863 -1
890 1 863 -1
891 1 863 -1
892 1 893 -1
469 10 893 -1
896 26 897 -1
898 10 849 897 -1
902 2 849 -1
904 119 810 857 -1
935 22 853 -1
941 80 861 -1
943 30 826 -1
946 110 857 859 887 -1
954 34 857 -1
956 42 823 857 -1
960 22 805 -1
970 11 857 -1
971 72 805 810 857 871 -1
978 65 805 -1
981 16 857 -1
982 47 857 887 -1
985 6 857 -1
986 77 805 -1
988 292 856 859 -1
993 238 805 813 826 836 857 871 873 887 -1
994 45 805 -1
996 297 810 813 820 859 -1
1005 5 813 -1
1000 60 896 -1
1006 138 803 805 813 836 857 861 871 -1
1003 18 857 -1
1013 23 857 -1
1024 41 825 -1
1029 135 803 805 810 813 853 871 -1
1032 39 857 -1
1034 33 857 -1
1037 86 859 -1
1041 49 896 -1
1042 41 856 -1
1046 24 810 -1
1055 196 826 871 896 -1
1062 156 803 836 853 -1
1064 16 857 -1
1075 74 825 853 -1
1089 8 873 -1
1097 88 805 856 -1
1098 305 859 -1
1111 60 803 -1
1114 39 853 -1
1124 20 859 -1
1125 37 805 810 -1
1129 62 813 887 -1
1133 399 805 825 896 -1
1135 115 805 813 836 887 -1
1137 135 813 887 -1
1138 3 805 -1
1142 48 871 -1
1151 472 836 859 871 -1
922 149 803 826 861 871 887 -1
1160 24 810 853 -1
1164 39 857 -1
1165 13 857 871 -1
1166 599 825 840 856 857 873 887 896 -1
1167 158 805 810 826 857 871 873 -1
1169 29 856 -1
1193 31 859 871 887 -1
1195 5 805 -1
1200 107 856 -1
1202 66 871 887 -1
1203 22 887 -1
1204 61 803 853 -1
1210 218 803 840 -1
1215 65 896 -1
1221 77 803 887 -1
1233 14 826 -1
1236 103 871 -1
1241 35 871 -1
1244 2 805 -1
1245 10 805 -1
1246 8 805 -1
1247 77 805 -1
1253 51 861 -1
1259 45 853 -1
1278 69 810 853 -1
1279 124 813 826 871 887 -1
1286 65 853 -1
1285 31 853 -1
1290 16 871 -1
1291 34 871 -1
1293 33 810 826 871 -1
1296 9 813 -1
1297 76 859 -1
1305 290 803 810 813 825 826 853 856 861 -1
1306 20 813 -1
1319 181 813 -1
1350 117 826 -1
1352 121 887 -1
1360 22 856 -1
1357 91 813 871 887 -1
1367 40 810 856 -1
1374 462 826 840 856 896 -1
1377 33 826 871 -1
1380 63 871 -1
1381 52 813 -1
1386 61 813 836 887 -1
1394 9 887 -1
1395 199 836 840 861 -1
1423 8 826 -1
1424 52 826 871 887 -1
1428 183 836 873 887 -1
1441 41 871 -1
1442 20 813 -1
1457 5 813 -1
1470 156 871 887 -1
1471 72 861 871 -1
1473 91 856 -1
1480 44 896 -1
1483 52 813 826 871 887 -1
1487 117 887 -1
1492 157 826 861 871 887 -1
1496 210 825 887 -1
1500 48 859 -1
1501 38 871 -1
1510 16 871 -1
1521 99 871 -1
1522 139 871 -1
1537 68 856 -1
1542 244 859 873 -1
1547 28 887 -1
1549 587 825 840 856 859 887 896 -1
1555 79 813 887 -1
1565 8 813 -1
1566 46 813 -1
1589 13 861 -1
1594 114 825 887 -1
1601 4 861 -1
1606 3 861 -1
1607 2 861 -1
1608 355 836 859 887 -1
1614 73 836 -1
1615 162 887 -1
1621 80 836 -1
1623 39 887 -1
1650 1 887 -1
1662 6 856 -1
1697 70 873 -1
1688 25 825 -1
1749 68 856 859 -1
1756 89 859 -1
1772 141 836 -1
1811 43 859 -1
1803 19 859 -1
1813 41 825 -1
1814 105 856 -1
1836 16 859 -1
1837 28 836 -1
1838 57 825 836 -1
1848 16 836 -1
1868 22 836 -1
1885 44 856 -1
1888 36 873 -1
1896 51 836 -1
1919 112 836 859 -1
1922 204 827 856 -1
1967 31 873 -1
1972 181 825 -1
1977 34 859 -1
1997 88 836 873 -1
2062 121 836 873 -1
2072 121 859 873 -1
2102 45 825 -1
2105 11 873 -1
2119 5 856 -1
2133 129 859 -1
2135 146 825 -1
2163 2 873 -1
2172 29 873 -1
2176 17 856 873 -1
2177 3 873 -1
2197 4 859 -1
2217 11 825 -1
2225 34 856 -1
2234 14 825 -1
2229 143 856 -1
2233 36 859 -1
2236 75 856 -1
2240 108 856 -1
2251 25 856 -1
2252 22 825 -1
2255 31 859 -1
2256 247 827 -1
2274 48 856 859 -1
2276 32 840 896 -1
2290 120 825 827 -1
2297 164 825 -1
2299 67 856 -1
2323 111 827 -1
2326 252 825 827 -1
2328 215 825 859 -1
2365 77 856 -1
2369 189 840 896 -1
2371 124 856 -1
2411 141 825 -1
2428 1 859 -1
2429 2 859 -1
2427 11 859 -1
2440 50 896 -1
2472 75 856 -1
2473 103 856 -1
2485 324 825 856 896 -1
2488 21 825 -1
2504 100 825 -1
2560 180 825 827 856 -1
2565 893 825 827 840 856 -1
2594 45 856 -1
2618 53 856 -1
2619 46 825 -1
2651 269 825 856 -1
2653 113 825 -1
2655 49 896 -1
2674 103 825 856 -1
2677 40 840 -1
2680 6 896 -1
2700 168 825 -1
2686 156 825 856 896 -1
2703 61 856 -1
2688 618 825 856 896 -1
2704 75 856 -1
2660 164 825 856 -1
2690 26 856 -1
2693 149 856 896 -1
2706 18 856 -1
2696 64 856 -1
2737 16 856 -1
2744 39 896 -1
2746 25 825 -1
2790 173 827 856 -1
2822 43 856 -1
2654 104 825 827 -1
2859 139 825 -1
2871 282 825 827 856 -1
2883 28 856 -1
2940 123 825 -1
2964 70 825 856 -1
2967 238 825 -1
2972 357 825 896 -1
2978 6 856 -1
2999 7 825 -1
3007 15 896 -1
3006 31 856 -1
3010 123 825 -1
2707 103 825 856 -1
3020 52 856 -1
3026 175 825 856 -1
3028 189 825 -1
3032 216 856 -1
2713 200 825 827 -1
3057 48 840 -1
2356 57 825 -1
3062 42 856 -1
3095 37 856 -1
2842 124 825 -1
3125 16 856 -1
3159 9 856 -1
3168 79 825 -1
3175 41 827 -1
3192 56 825 827 -1
3196 22 856 -1
3199 13 825 -1
3209 41 856 -1
3239 3 856 -1
3252 37 825 -1
3258 95 827 -1
3317 15 825 -1
3326 18 825 -1
3352 273 825 827 -1
3378 41 896 -1
3392 33 827 -1
3394 156 825 827 -1
3404 89 896 -1
3439 88 825 -1
3449 314 896 -1
3452 131 896 -1
3454 148 825 -1
3457 166 896 -1
3458 69 896 -1
3459 92 896 -1
3469 23 825 -1
3470 21 825 -1
3482 24 825 -1
3477 53 827 -1
3498 114 896 -1
3521 29 825 -1
3527 64 827 840 -1
3541 81 825 -1
3562 40 825 -1
3568 147 825 827 -1
3614 205 896 -1
3615 144 825 827 -1
3624 64 825 -1
3635 63 827 -1
3641 212 825 -1
3642 362 840 896 -1
3645 40 825 827 -1
3646 9 825 -1
3655 9 825 -1
3659 38 825 -1
3661 36 825 -1
3682 75 825 827 -1
3724 93 825 -1
3720 11 825 -1
3786 99 825 -1
3798 23 825 -1
3812 53 825 -1
3813 94 896 -1
3814 47 825 -1
3648 9 827 -1
3949 30 827 -1
3965 89 825 -1
4013 21 896 -1
4023 3 840 -1
4036 147 825 -1
4037 15 825 -1
4039 9 825 -1
4042 21 825 -1
4046 89 840 -1
4065 131 825 896 -1
4070 111 896 -1
4073 115 825 896 -1
4095 2 825 -1
4096 1 825 -1
4097 1 825 -1
4098 8 825 -1
4100 1 825 -1
4099 155 825 -1
4076 86 852 -1
4144 76 896 -1
3995 57 896 -1
4276 52 896 -1
4422 15 840 -1
4437 70 840 -1
4455 22 840 -1
4530 9 896 -1
4666 24 840 -1
4717 62 896 -1
4781 27 896 -1
4967 361 840 896 -1
5002 115 840 -1
5020 139 896 -1
5038 5 840 -1
5059 26 840 -1
4828 168 840 896 -1
5123 69 896 -1
5125 54 840 -1
5173 122 840 -1
5176 139 896 -1
5180 49 896 -1
5182 14 896 -1
5189 312 896 -1
5254 33 840 896 -1
5263 75 896 -1
5321 32 896 -1
5399 8 896 -1
5427 37 896 -1
5482 12 840 -1
5524 389 840 896 -1
5531 243 840 896 -1
5589 11 896 -1
5624 28 896 -1
5644 21 896 -1
5714 44 896 -1
5721 10 840 -1
5738 14 840 -1
5773 75 840 -1
5787 32 896 -1
5796 191 896 -1
5800 222 840 -1
5802 385 840 -1
5807 27 840 -1
5811 79 840 -1
5819 61 896 -1
5857 92 896 -1
5862 24 896 -1
5871 50 896 -1
5932 33 896 -1
5934 42 896 -1
5938 2 896 -1
5942 4 896 -1
5945 9 896 -1
5984 10 896 -1
5997 2 896 -1
5998 81 896 -1
5967 1 896 -1
5999 20 896 -1
6000 10 896 -1
6218 53 840 -1
6229 19 840 -1
6299 78 840 -1
6305 190 840 -1
6360 35 840 -1
6327 108 840 -1
6486 85 840 -1
6525 17 840 -1
6560 43 840 -1
6618 91 840 -1
6609 7 840 -1
3293 10 840 -1
6784 42 840 -1
6790 11 840 -1
6620 93 840 -1
6886 7 840 -1
6913 44 840 -1
6907 191 840 -1
6941 57 840 -1
5529 39 840 -1
6984 7 840 -1
6991 18 840 -1
7052 142 840 -1
7063 16 840 -1
7038 7 840 -1