6 302 7161 -1
24 309 7119 7143 7144 -1
36 227 7115 -1
42 89 7108 -1
29 150 7119 -1
68 275 7115 7168 -1
109 190 7101 7115 7168 7185 -1
155 28 7116 -1
259 56 7115 -1
395 42 7115 -1
425 79 7108 7131 -1
580 30 7144 -1
600 214 7115 -1
737 232 7115 7116 7162 7185 7186 -1
749 66 7115 -1
766 773 7101 7115 7116 7119 7143 7144 7168 -1
469 10 7131 -1
996 297 7108 -1
1003 18 7115 -1
1043 21 7115 -1
1075 74 7131 -1
1098 305 7108 7110 7120 7131 7186 -1
1132 57 7108 -1
1142 48 7115 7168 -1
1151 472 7115 7119 7143 7144 -1
1166 599 7108 7168 -1
1215 65 7131 7168 -1
1305 290 7108 -1
1359 3 7168 -1
1353 30 7131 -1
1374 462 7108 7120 7131 -1
1473 91 7115 -1
1542 244 7115 -1
1549 587 7115 7168 7185 -1
1612 68 7162 -1
1647 19 7131 -1
1691 50 7115 -1
1701 112 7131 -1
1717 96 7168 -1
1733 42 7143 -1
1767 97 7131 -1
1795 44 7186 -1
1796 38 7168 -1
1814 105 7168 -1
1823 49 7116 -1
1835 73 7115 -1
1847 47 7146 7168 -1
1896 51 7144 -1
2120 122 7146 -1
2186 61 7108 -1
2192 5 7131 -1
2215 15 7108 -1
2258 95 7119 7143 -1
2153 4 7168 -1
2264 58 7115 -1
2297 164 7168 -1
2328 215 7131 -1
2369 189 7116 7131 7146 7168 -1
2387 66 7143 7144 -1
2417 7 7168 -1
2452 42 7116 -1
2456 31 7115 -1
2502 30 7115 -1
2518 4 7115 -1
2547 105 7115 -1
2549 70 7131 -1
2565 893 7101 7108 7110 7115 7116 7119 7120 7131 7143 7144 7186 -1
2576 146 7120 -1
2585 60 7168 -1
2474 142 7168 -1
2658 307 7116 7131 -1
2660 164 7115 -1
2909 57 7168 -1
2940 123 7116 7162 -1
2972 357 7101 7115 7116 7119 7162 7185 7186 -1
3032 216 7120 -1
3092 81 7146 7168 -1
3106 5 7108 -1
3366 63 7115 -1
3381 180 7101 7108 7115 7119 7143 7144 -1
3447 271 7101 7108 7144 7186 -1
3456 241 7168 -1
3457 166 7115 7131 -1
3459 92 7116 -1
3460 22 7131 -1
3478 42 7115 -1
3527 64 7108 -1
3586 156 7110 7119 7143 7144 7168 7185 -1
3593 26 7101 7115 7143 7144 -1
3607 24 7143 7168 -1
3641 212 7108 -1
3642 362 7108 7115 7131 7168 7185 -1
3691 95 7110 7161 7186 -1
3803 10 7101 7115 -1
3813 94 7168 -1
3910 33 7108 -1
3965 89 7101 -1
3976 145 7185 -1
3982 20 7115 -1
4036 147 7101 -1
2981 44 7120 7149 -1
4045 257 7101 7108 7115 7119 7143 7144 7162 -1
4046 89 7108 7168 7185 -1
4151 84 7115 -1
4200 5 7144 -1
4297 38 7168 -1
4361 6 7115 -1
4422 15 7108 -1
4437 70 7115 7119 -1
4441 202 7108 7116 -1
4451 9 7115 -1
4455 22 7108 -1
4524 9 7144 -1
4536 81 7168 -1
4632 228 7143 -1
4662 46 7143 -1
4709 25 7119 -1
4717 62 7131 -1
4712 121 7144 7168 -1
4760 7 7110 7119 -1
4764 53 7143 -1
4792 62 7185 -1
4964 60 7101 7149 -1
4967 361 7101 7115 7119 7143 7144 7168 -1
5002 115 7115 7119 7143 7144 7186 -1
5020 139 7168 -1
5028 43 7115 7116 -1
5053 52 7116 -1
5054 2 7119 -1
5059 26 7110 7143 -1
5079 271 7108 -1
5102 54 7115 7168 -1
5103 127 7108 7115 7116 -1
5123 69 7168 -1
5166 48 7119 7131 -1
5173 122 7108 7119 7146 -1
4795 73 7101 7108 -1
4310 278 7101 7115 7116 7119 7143 7144 7168 -1
5179 217 7144 -1
5188 211 7101 7115 7119 7143 7144 7168 -1
5189 312 7101 7115 7120 7131 -1
5254 33 7144 -1
5301 61 7131 -1
5445 63 7131 7146 -1
5452 17 7115 -1
5489 12 7115 -1
5524 389 7101 7108 7115 7119 7131 7143 7162 7168 7185 7186 -1
5531 243 7108 7115 7143 7149 -1
5543 137 7101 7119 7131 7143 -1
5553 46 7119 -1
5582 105 7108 7119 7143 7144 -1
5596 30 7108 -1
5616 15 7108 -1
5630 36 7131 -1
5655 139 7116 7146 -1
5692 21 7143 -1
5697 230 7101 7115 7119 7144 7185 -1
5714 44 7115 7168 -1
5721 10 7115 7119 7143 7144 -1
5775 42 7115 -1
5772 15 7168 -1
5773 75 7101 7119 7120 7143 7144 7162 7185 -1
5776 14 7149 -1
5796 191 7115 -1
5800 222 7101 7110 7116 7119 7120 7144 7162 7185 -1
5802 385 7101 7108 7110 7115 7116 7119 7131 7143 7144 7168 7186 -1
5804 33 7115 7116 -1
5807 27 7101 7115 7116 -1
5811 79 7108 7149 -1
5814 144 7110 7116 -1
5816 84 7115 7168 -1
5817 75 7143 7168 7185 7186 -1
5822 98 7168 -1
5827 15 7143 -1
5872 27 7116 -1
5932 33 7101 -1
5940 13 7115 -1
5988 4 7131 -1
5998 81 7101 7115 7119 7143 -1
6000 10 7168 -1
6006 68 7108 -1
6024 17 7131 -1
6032 80 7116 7131 -1
6097 26 7101 7144 -1
6156 22 7131 -1
6218 53 7168 -1
6241 75 7116 -1
6245 8 7116 -1
6270 88 7161 7185 -1
6280 52 7116 7131 -1
6299 78 7185 -1
6305 190 7108 7144 -1
6359 81 7108 -1
6360 35 7108 7119 7143 7144 -1
6327 108 7101 7108 7115 7119 7143 7144 7168 -1
6398 29 7185 -1
6408 3 7144 7149 -1
6414 21 7116 -1
6443 70 7108 7115 7131 7168 -1
6458 28 7108 7115 -1
6459 2 7108 -1
6486 85 7108 7143 7162 7185 -1
6494 101 7101 7115 -1
6502 12 7115 -1
6523 33 7115 -1
6525 17 7119 -1
6538 21 7116 -1
6555 35 7146 -1
6123 24 7185 -1
6563 58 7108 7144 -1
6552 29 7168 -1
6596 177 7116 7120 -1
6612 7 7115 -1
6618 91 7101 7115 7116 7119 7131 7144 7161 -1
6619 104 7101 7108 7115 7116 7144 7162 7185 7186 -1
6615 160 7101 7108 7115 7119 7131 7143 7144 7168 7185 7186 -1
6622 5 7146 -1
6624 135 7131 -1
6627 50 7115 -1
6649 26 7110 -1
6665 29 7101 7108 7116 -1
6671 4 7131 -1
6711 7 7115 7119 -1
6714 100 7131 -1
6611 15 7101 -1
6766 22 7185 -1
6772 77 7185 -1
6784 42 7131 -1
6848 14 7101 7143 -1
6855 14 7185 -1
6620 93 7101 7108 7115 7119 7143 7144 7168 7185 7186 -1
6886 7 7143 -1
6900 31 7131 -1
6913 44 7101 7108 7119 7143 7149 7168 7185 -1
6914 95 7131 -1
6906 49 7101 7108 7115 7119 7143 7144 7185 7186 -1
6907 191 7101 7108 7116 7131 7144 -1
6916 54 7108 7131 -1
6918 29 7108 -1
6924 16 7131 -1
6934 65 7115 7119 7120 7186 -1
6941 57 7131 -1
5529 39 7144 -1
6945 18 7119 -1
6975 10 7110 7119 -1
6976 41 7101 7115 7119 7143 -1
6991 18 7108 -1
7026 13 7116 -1
7052 142 7101 7108 7115 7116 7119 7143 7144 7146 -1
7054 40 7116 -1
7047 161 7120 -1
7055 98 7131 -1
7056 37 7116 -1
7057 118 7131 -1
7070 2 7115 -1
7071 4 7115 -1
7080 70 7108 7185 -1
6946 68 7116 7120 -1
7086 123 7108 7131 -1
7092 93 7131 7144 7162 7185 -1
7098 1 7101 -1
7099 18 7101 -1
7100 15 7101 7115 7119 7143 7144 -1
7103 1 7108 -1
7104 15 7108 -1
7106 4 7108 -1
7107 2 7108 -1
7109 2 7115 -1
7110 5 7115 -1
7111 1 7115 -1
7112 1 7115 -1
7113 12 7115 -1
7114 1 7115 -1
7118 1 7119 -1
7117 7 7119 7143 7144 -1
7132 30 7131 -1
6986 1 7143 -1
7142 4 7143 7144 -1
7145 1 7144 -1
7146 1 7144 -1
6994 19 7161 -1
7163 2 7162 -1
7165 3 7168 -1
7166 1 7168 -1
7167 1 7168 -1
7175 2 7131 -1
7179 2 7131 -1
7176 4 7116 7185 -1
7184 2 7185 -1
7190 1 7191 -1
7194 1 7195 -1
7231 101 7116 7131 -1
7239 21 7116 7131 -1
7317 15 7146 -1
7362 8 7116 -1
7391 52 7120 -1
7451 1 7131 -1
7452 3 7131 -1
7453 1 7131 -1
7181 2 7131 -1
7180 4 7131 -1
7454 1 7131 -1
7455 4 7131 -1
7456 1 7131 -1
7457 1 7131 -1
7458 1 7131 -1
7459 1 7131 -1
7461 1 7131 -1
7462 1 7131 -1
7580 19 7116 -1
7588 8 7116 -1
7598 33 7116 -1
7050 5 7120 -1
7684 2 7120 -1
7687 3 7120 -1
7686 2 7120 -1
7697 19 7120 -1
7733 45 7120 -1
7736 2 7120 -1