24 309 6566 -1
29 150 6503 -1
72 164 6566 -1
87 195 6553 -1
99 24 6560 6592 -1
103 68 6589 -1
68 275 6505 6599 -1
109 190 6505 6511 6523 6528 6529 6552 6555 6567 6576 6596 -1
113 89 6555 -1
136 99 6505 6560 -1
166 93 6523 6560 -1
310 230 6505 -1
311 321 6595 -1
319 199 6505 6570 -1
336 31 6595 -1
406 34 6555 -1
425 79 6599 -1
457 732 6503 6505 6528 6529 6552 6554 6560 6571 6576 6589 6594 6595 -1
545 24 6560 -1
546 142 6523 6553 6576 6590 -1
600 214 6560 6566 -1
643 46 6589 -1
737 232 6523 6560 6566 6567 6576 6595 6596 6599 -1
766 773 6501 6505 6528 6554 6555 6566 6570 6576 6589 6594 6595 -1
789 317 6505 6553 -1
791 41 6566 -1
825 165 6590 6592 -1
865 97 6566 -1
996 297 6566 6599 -1
1042 41 6560 6595 -1
1055 196 6523 6566 6599 -1
1064 16 6589 -1
1074 95 6501 6505 6528 6529 6554 6560 6570 6592 6595 6599 -1
1098 305 6555 6560 6568 -1
1132 57 6560 -1
1151 472 6523 6528 6552 6555 6560 6589 6594 -1
1166 599 6503 6505 6523 6560 6570 6589 6599 -1
1193 31 6560 -1
1210 218 6560 -1
1215 65 6523 -1
1374 462 6523 6555 6560 -1
1470 156 6552 -1
1496 210 6553 -1
1507 2 6576 -1
1539 5 6560 -1
1542 244 6505 6528 6555 6570 6576 6589 6594 6595 -1
1548 4 6555 -1
1612 68 6555 6560 -1
1644 48 6599 -1
1667 55 6566 -1
1691 50 6555 -1
1717 96 6599 -1
1734 55 6553 -1
1762 47 6560 -1
1783 57 6553 -1
1796 38 6505 6552 6560 -1
1799 48 6555 6595 -1
1814 105 6566 -1
1847 47 6552 6566 -1
1865 6 6560 -1
1951 29 6505 -1
1972 181 6501 6552 6589 6594 -1
1990 36 6501 6552 6570 6599 -1
2010 27 6523 6560 -1
2065 50 6566 -1
2145 145 6554 -1
2226 28 6523 -1
2240 108 6567 6576 -1
2249 38 6503 6599 -1
2258 95 6571 6595 -1
2264 58 6554 6594 -1
2297 164 6566 -1
2328 215 6576 -1
2369 189 6523 6566 6571 6576 6596 -1
2452 42 6555 -1
2456 31 6570 6576 6589 -1
2485 324 6523 6560 -1
2493 6 6505 -1
2504 100 6560 -1
2516 44 6532 6589 -1
2547 105 6566 -1
2560 180 6523 6560 -1
2565 893 6503 6523 6555 6560 6596 -1
2576 146 6523 6552 -1
2605 64 6501 6552 -1
2623 108 6523 6555 -1
2620 24 6555 6560 -1
2646 39 6599 -1
2655 49 6543 -1
2658 307 6523 6555 6596 -1
2674 103 6501 6599 -1
2677 40 6555 -1
2688 618 6501 6505 6529 6560 6576 6589 6595 6599 -1
2660 164 6553 6594 -1
2693 149 6566 6595 -1
2855 16 6552 6594 -1
2909 57 6594 -1
2940 123 6505 6595 -1
2972 357 6501 6503 6505 6511 6528 6543 6554 6555 6560 6566 6570 6576 6589 6594 6596 -1
3000 43 6599 -1
3015 44 6594 -1
3024 52 6599 -1
3027 39 6554 6576 -1
3028 189 6529 -1
3032 216 6501 6566 6599 -1
3056 44 6595 -1
3084 62 6560 -1
3090 12 6530 -1
3274 69 6560 -1
3297 51 6596 -1
3310 18 6523 6560 -1
3345 35 6528 6570 -1
3348 25 6511 6571 -1
3381 180 6501 6566 6594 6595 6599 -1
3404 89 6555 -1
3439 88 6501 -1
3447 271 6501 6505 6555 6576 -1
3449 314 6576 -1
3453 319 6505 6528 6553 6554 6567 6571 -1
3456 241 6523 6560 6595 -1
3457 166 6505 6529 6543 -1
3459 92 6576 -1
3462 54 6501 -1
3522 71 6553 -1
3527 64 6560 -1
3585 2 6505 -1
3586 156 6501 6505 6555 -1
3641 212 6560 -1
3642 362 6501 6503 6505 6523 6528 6552 6553 6554 6560 6566 6570 6571 6576 6589 6590 6592 6594 6595 6599 -1
3709 7 6595 -1
3770 22 6503 6560 -1
3786 99 6567 -1
3787 232 6560 -1
3806 45 6566 -1
3835 35 6532 -1
3916 42 6555 -1
3956 85 6505 6570 -1
3958 15 6554 -1
3960 23 6560 -1
3965 89 6552 6566 -1
3985 32 6553 -1
4036 147 6566 -1
2981 44 6555 -1
4045 257 6501 6505 6528 6552 6553 6554 6566 6570 6576 6589 6594 -1
4046 89 6523 6560 6596 -1
4065 131 6528 6560 -1
4073 115 6505 6553 6570 -1
4099 155 6505 6566 6596 -1
4151 84 6523 -1
3995 57 6576 -1
4212 53 6571 -1
4314 4 6594 -1
4338 40 6566 -1
4343 7 6594 -1
4364 39 6553 -1
4437 70 6523 -1
4441 202 6505 6523 6528 6554 6555 6570 6576 -1
4468 18 6529 -1
4476 16 6596 -1
4483 153 6505 6555 6596 -1
4488 50 6571 -1
4536 81 6596 -1
4550 100 6523 -1
4587 27 6566 -1
4598 71 6523 6599 -1
4604 7 6532 6560 -1
4632 228 6523 6555 6589 6595 6599 -1
4653 114 6505 -1
4661 19 6555 -1
4673 96 6501 6505 6528 6529 6552 6554 6567 6570 6571 6576 6589 6590 6594 6595 6599 -1
4687 23 6599 -1
4717 62 6553 6555 6560 6576 -1
4712 121 6501 6560 6566 -1
4725 36 6503 -1
4756 34 6560 -1
4748 38 6571 6590 6594 6599 -1
4764 53 6560 -1
4792 62 6560 -1
4814 20 6503 -1
4813 46 6505 6576 6589 -1
4829 78 6560 -1
4832 7 6503 -1
4833 6 6595 -1
4894 79 6529 6592 -1
4899 169 6554 -1
4915 6 6503 -1
4948 214 6555 -1
4960 8 6505 -1
4967 361 6501 6505 6523 6528 6552 6554 6560 6570 6589 6594 6595 6599 -1
4976 23 6505 -1
4981 53 6555 6560 -1
5002 115 6501 6552 6555 6594 -1
5022 172 6501 6511 6523 6528 6552 6553 6554 6555 6566 6571 6576 6594 6595 6599 -1
5079 271 6505 6523 6552 6555 6560 6566 6576 6594 -1
5102 54 6552 -1
5103 127 6501 6503 6523 6554 6555 6566 6599 -1
4828 168 6503 6532 6555 6567 -1
5121 9 6599 -1
5123 69 6566 -1
5125 54 6528 6555 -1
5140 51 6505 6528 6552 6554 6566 6570 6576 6589 6594 6599 -1
5166 48 6555 -1
5171 41 6576 -1
5173 122 6523 6555 6560 -1
5177 101 6505 6523 6528 6560 6576 -1
4310 278 6505 6523 6555 6566 6567 6570 6576 -1
5179 217 6523 6560 6599 -1
5181 41 6566 -1
5185 152 6501 6505 6560 6595 -1
5188 211 6501 6503 6528 6552 6554 6555 6560 6566 6570 6576 6589 6594 -1
5189 312 6523 6553 6555 6560 6566 6594 -1
5196 32 6505 -1
5199 22 6560 6599 -1
5246 44 6596 6599 -1
5254 33 6566 -1
5262 59 6553 6570 -1
5295 22 6599 -1
5301 61 6503 6505 6599 -1
5360 15 6567 -1
5391 37 6523 -1
5423 48 6530 6570 -1
5439 66 6530 6560 6567 -1
5445 63 6555 6560 -1
5455 8 6576 -1
5479 28 6560 -1
5524 389 6501 6503 6505 6523 6528 6552 6554 6555 6560 6566 6570 6576 6589 6594 -1
5531 243 6501 6503 6505 6528 6552 6553 6560 6566 6567 6576 6589 6594 6599 -1
5532 26 6566 -1
5193 18 6505 6553 6595 -1
5543 137 6555 6570 6589 6594 -1
5582 105 6505 6528 6554 6566 6570 6576 -1
5584 12 6576 -1
5591 27 6566 -1
5596 30 6543 -1
5612 66 6528 6553 6560 -1
5616 15 6560 -1
5617 22 6595 -1
5630 36 6505 -1
5655 139 6505 6523 6530 6555 6567 6590 -1
5666 5 6560 -1
5691 49 6571 -1
5692 21 6560 -1
5696 50 6599 -1
5697 230 6501 6505 6511 6523 6528 6532 6552 6554 6560 6570 6576 6595 -1
5709 11 6529 6566 -1
5731 2 6528 -1
5739 45 6554 -1
5753 4 6528 6554 -1
5768 13 6576 6599 -1
5772 15 6560 -1
5773 75 6555 6560 -1
5796 191 6501 6505 6528 6552 6555 6560 6566 6567 6570 6576 6599 -1
5797 3 6501 -1
5800 222 6523 6555 6560 6595 -1
5802 385 6501 6503 6505 6511 6523 6528 6530 6553 6554 6555 6560 6570 6576 6589 6590 6592 6594 -1
5805 16 6501 -1
5807 27 6552 -1
5811 79 6511 6523 6530 6554 6560 6566 -1
5812 41 6560 -1
5814 144 6560 -1
5816 84 6505 6528 6553 6554 6566 6570 6576 6599 -1
5817 75 6503 6523 6596 -1
5818 67 6576 6599 -1
5819 61 6505 6511 6589 -1
5820 20 6523 6596 -1
5821 22 6505 6590 6594 -1
5822 98 6503 6505 6552 -1
5824 41 6555 6560 -1
5839 41 6501 6505 6523 -1
5857 92 6501 6552 6560 6566 6570 6576 6594 -1
5862 24 6501 -1
5872 27 6523 -1
4767 14 6566 -1
5908 19 6595 -1
5915 52 6523 6555 6560 6596 -1
5916 9 6599 -1
5871 50 6523 6576 -1
5932 33 6523 6560 6566 6599 -1
5980 8 6532 6553 6595 -1
5998 81 6505 6552 6554 6570 6595 -1
5999 20 6553 -1
6006 68 6505 6576 -1
6023 30 6511 6528 -1
6032 80 6529 6555 -1
6043 39 6523 6560 -1
6082 18 6553 6571 -1
6093 5 6505 -1
6001 5 6596 -1
6146 9 6571 -1
6165 4 6554 -1
6170 14 6552 6596 6599 -1
6198 14 6560 -1
6217 31 6552 6566 6594 6599 -1
6218 53 6555 6594 -1
6223 17 6554 6570 -1
6229 19 6566 -1
6241 75 6505 6555 -1
6243 35 6501 -1
6248 10 6554 6570 -1
6270 88 6503 6505 6560 6596 -1
6271 11 6505 6571 -1
6272 76 6501 6523 6554 -1
6280 52 6503 -1
6299 78 6505 6523 6555 6596 -1
6305 190 6503 6505 6511 6523 6528 6529 6532 6543 6552 6553 6560 6566 6589 6590 6594 6595 6599 -1
6314 10 6501 -1
6320 23 6505 6530 -1
6323 44 6505 6528 6555 -1
6325 5 6595 -1
6346 17 6554 6560 -1
6359 81 6501 6503 6555 6560 -1
6360 35 6560 -1
6327 108 6501 6503 6560 6595 -1
6394 8 6529 6571 -1
6398 29 6555 -1
6414 21 6560 6567 6571 -1
6422 11 6560 -1
6421 23 6523 -1
6443 70 6523 6560 -1
6447 12 6501 6554 6594 -1
6462 3 6511 -1
6471 5 6511 -1
6479 13 6552 6566 6595 -1
6483 28 6560 6595 6599 -1
6486 85 6503 6555 6560 -1
6488 22 6560 -1
6494 101 6523 6555 6596 -1
6500 8 6566 -1
6501 17 6599 -1
6503 4 6554 -1
6504 7 6505 -1
6510 54 6511 6523 6560 6566 6599 -1
6522 29 6560 -1
6523 33 6555 -1
6527 1 6528 -1
6460 58 6529 6553 6554 6555 6560 6567 6596 -1
6537 5 6567 6599 -1
6545 5 6595 -1
6550 9 6553 -1
6555 35 6523 6554 6560 6566 -1
6560 43 6523 6596 -1
6565 1 6566 -1
6123 24 6568 -1
6574 1 6576 -1
6575 1 6576 -1
6552 29 6523 6594 -1
6595 12 6594 -1
6596 177 6503 6523 6555 6560 -1
6598 6 6599 -1
6605 10 6501 -1
6619 104 6555 6596 -1
6615 160 6503 6523 6555 6560 -1
6616 18 6560 -1
6624 135 6555 6560 -1
6627 50 6503 6595 -1
6626 9 6595 -1
6665 29 6503 -1
6666 6 6595 -1
6702 10 6555 -1
6714 100 6503 6523 6560 -1
6755 2 6503 -1
6772 77 6555 6596 -1
6781 8 6523 -1
6790 11 6555 -1
6620 93 6523 6560 -1
6865 19 6560 -1
6880 2 6560 -1
6881 1 6560 -1
6883 4 6523 -1
6885 19 6560 -1
6900 31 6560 -1
6913 44 6555 -1
6914 95 6503 6555 6560 -1
6906 49 6503 -1
6907 191 6503 6523 6555 6560 -1
2415 4 6560 -1
6916 54 6503 -1
6918 29 6560 -1
6924 16 6555 -1
6934 65 6503 6560 -1
6941 57 6555 6560 -1
5529 39 6560 -1
6945 18 6560 -1
6951 47 6555 6560 -1
6968 1 6523 -1
6969 1 6523 -1
6316 19 6555 -1
6976 41 6503 -1
6984 7 6555 -1
6993 81 6555 6560 6596 -1
7023 8 6560 -1
7052 142 6555 -1
7045 36 6523 -1
7047 161 6523 6555 6560 -1
7055 98 6523 -1
7056 37 6523 6560 -1
7049 27 6555 -1
7057 118 6555 6560 6596 -1
7063 16 6555 -1
7080 70 6555 6560 -1
7086 123 6523 -1
7092 93 6523 6560 -1
7099 18 6560 -1
7120 18 6560 -1
7131 24 6555 -1
7132 30 6555 -1
6994 19 6560 -1
7188 14 6596 -1
7225 47 6555 6596 -1
7227 12 6555 -1
7231 101 6523 6560 -1
7266 6 6555 -1
7279 19 6555 -1
7280 89 6555 6560 -1
7301 27 6523 -1
7317 15 6503 6596 -1
7294 39 6523 6555 -1
7327 6 6503 -1
7281 12 6503 -1
7335 15 6503 6555 -1
7365 1 6596 -1
7378 38 6523 -1
7390 24 6555 -1
7391 52 6523 -1
7490 27 6560 -1
7544 11 6555 -1
7150 10 6555 -1
7598 33 6555 -1
7614 39 6523 6555 6560 -1
7618 3 6523 -1
7666 14 6555 -1
7679 26 6555 -1
7682 36 6560 -1
7687 3 6560 -1
7715 1 6523 -1
7716 2 6523 -1
7719 4 6523 -1
6367 2 6523 -1
7717 2 6523 -1
7733 45 6555 -1
7744 50 6555 -1
7755 13 6560 -1
7766 13 6555 -1
7779 2 6560 -1
7780 3 6560 -1
7781 1 6560 -1
7782 1 6560 -1
7783 1 6560 -1
7792 7 6555 -1
7829 4 6555 -1
7849 1 6555 -1
7852 1 6555 -1
7850 1 6555 -1
7851 1 6555 -1
6638 1 6555 -1