6 302 6330 -1
44 44 6306 -1
86 122 6327 -1
71 109 6327 -1
87 195 6337 -1
103 68 6327 -1
68 275 6306 -1
109 190 6306 6328 6330 6344 6376 -1
136 99 6330 -1
166 93 6305 6330 -1
265 31 6328 -1
311 321 6306 6330 -1
319 199 6347 -1
371 117 6388 -1
425 79 6323 6337 -1
457 732 6302 6305 6306 6323 6327 6328 6334 6337 6347 6376 6388 -1
580 30 6328 -1
600 214 6330 -1
633 55 6330 -1
643 46 6305 -1
645 16 6306 -1
695 118 6306 -1
737 232 6305 6320 6323 6388 -1
749 66 6347 -1
766 773 6327 6337 6347 -1
788 113 6302 6306 6334 6360 -1
789 317 6337 -1
816 29 6306 -1
825 165 6327 6337 6360 -1
856 91 6347 -1
865 97 6328 6388 -1
879 122 6323 -1
996 297 6306 -1
1004 12 6302 6306 6334 -1
1041 49 6311 -1
1055 196 6306 6328 6347 -1
1074 95 6327 6347 -1
1075 74 6388 -1
1098 305 6305 6306 6323 6327 6330 6334 -1
1132 57 6306 -1
1133 399 6334 -1
1151 472 6327 6328 6337 -1
1166 599 6305 6306 6327 6330 6334 6337 6388 -1
1200 107 6306 -1
1210 218 6305 6330 6334 6337 -1
1356 20 6388 -1
1374 462 6320 6330 6347 -1
1381 52 6347 -1
1401 3 6347 -1
1470 156 6306 6327 6328 6334 6337 -1
1522 139 6327 -1
1542 244 6328 -1
1603 16 6334 -1
1612 68 6347 -1
1622 50 6327 -1
1661 66 6323 -1
1667 55 6302 6306 -1
1717 96 6306 6337 -1
1720 14 6327 -1
1733 42 6337 6347 -1
1737 9 6340 -1
1748 76 6320 -1
1762 47 6347 6388 -1
1796 38 6305 6327 -1
1800 20 6334 -1
1811 43 6328 -1
1879 13 6305 -1
1896 51 6327 -1
1915 33 6306 6328 -1
1982 29 6305 6327 6388 -1
2010 27 6320 -1
2120 122 6321 6388 -1
2135 146 6337 -1
2145 145 6330 -1
2172 29 6328 -1
2226 28 6330 -1
2240 108 6327 6337 -1
2256 247 6302 6306 6328 6334 6337 6388 -1
2258 95 6328 6330 -1
2297 164 6337 -1
2328 215 6327 6347 -1
2369 189 6306 6327 6328 -1
2381 71 6330 -1
2485 324 6327 6347 -1
2506 46 6306 6347 -1
2547 105 6337 -1
2560 180 6320 6330 -1
2564 50 6328 6337 -1
2565 893 6305 6320 6327 6330 6347 6388 -1
2576 146 6320 -1
2474 142 6347 -1
2623 108 6306 6311 -1
2620 24 6305 6388 -1
2655 49 6337 -1
2677 40 6327 6330 -1
2686 156 6337 6360 -1
2688 618 6302 6306 6334 6337 -1
2667 126 6327 6328 6334 6337 6360 6388 -1
2693 149 6330 6347 -1
2774 46 6347 -1
2790 173 6330 6388 -1
2851 44 6337 -1
2855 16 6330 -1
2940 123 6306 -1
2967 238 6306 -1
2972 357 6311 6330 -1
2985 4 6347 -1
3010 123 6347 -1
3028 189 6302 6306 6311 6321 6340 6376 -1
3032 216 6334 6337 6347 6388 -1
3059 32 6347 -1
3092 81 6306 -1
3238 28 6327 -1
3274 69 6305 -1
3348 25 6330 6334 -1
3366 63 6306 -1
3381 180 6305 6306 6328 6334 6347 -1
3404 89 6307 -1
3447 271 6305 6306 6327 6330 6337 6360 -1
3449 314 6306 6328 6337 -1
3453 319 6323 6347 -1
3456 241 6328 6337 -1
3458 69 6337 -1
3460 22 6347 -1
3498 114 6328 -1
3521 29 6328 -1
3522 71 6306 6327 -1
3569 42 6347 -1
3587 15 6328 6388 -1
3586 156 6311 6327 6344 -1
3607 24 6327 -1
3614 205 6327 -1
3634 82 6337 -1
3641 212 6347 -1
3642 362 6305 6306 6323 6327 6328 6330 6334 6337 6340 6344 6347 6388 -1
3662 10 6330 6334 -1
3665 20 6330 -1
3691 95 6305 -1
3571 45 6327 -1
3728 85 6347 -1
3751 11 6337 -1
3764 10 6330 -1
3786 99 6311 6337 -1
3787 232 6305 6306 6320 6328 6347 6388 -1
3792 27 6305 6337 6347 -1
3794 46 6347 -1
3812 53 6337 -1
3956 85 6337 -1
3965 89 6306 6344 -1
3982 20 6337 -1
4041 68 6306 6337 -1
4045 257 6327 6337 -1
4046 89 6320 -1
4055 3 6347 -1
4063 27 6305 -1
4065 131 6323 -1
4073 115 6327 6360 6388 -1
4099 155 6306 -1
4144 76 6323 6328 -1
4151 84 6306 -1
4191 20 6323 -1
4291 4 6306 -1
4347 55 6330 -1
4353 80 6328 -1
4425 2 6334 -1
4437 70 6305 6330 -1
4441 202 6328 6334 6337 -1
4455 22 6327 -1
4483 153 6360 -1
4488 50 6376 -1
4489 15 6334 -1
4550 100 6305 6330 -1
4574 40 6305 6337 -1
4598 71 6327 -1
4632 228 6305 6306 6327 6328 -1
4673 96 6327 6328 6334 6337 6340 6388 -1
4712 121 6306 6328 6330 6334 6337 -1
4746 18 6311 -1
4748 38 6334 -1
4788 20 6388 -1
4818 28 6306 -1
4829 78 6388 -1
4894 79 6302 6321 6340 -1
4899 169 6327 6328 -1
4948 214 6320 -1
4967 361 6327 6328 6330 6337 -1
5002 115 6327 -1
5022 172 6305 6327 6330 6334 6337 6347 6388 -1
5020 139 6311 6327 6334 -1
5028 43 6334 -1
5053 52 6337 -1
5061 13 6360 -1
5079 271 6306 6320 6323 6328 6337 6347 6360 6388 -1
5089 8 6328 -1
5102 54 6330 -1
5103 127 6306 6320 6327 -1
5110 84 6337 6388 -1
4828 168 6305 6327 6330 6337 6347 6388 -1
5123 69 6306 6323 6337 -1
5125 54 6306 -1
5050 11 6337 -1
5166 48 6330 -1
5171 41 6327 -1
5173 122 6323 6327 -1
4795 73 6302 6328 6337 -1
5177 101 6306 -1
4310 278 6327 6328 6337 -1
5179 217 6305 6306 6327 6328 6330 6334 6337 6388 -1
5185 152 6305 6306 6323 6327 6328 6347 6388 -1
5188 211 6305 6306 6327 6328 6330 -1
5189 312 6302 6305 6306 6327 6330 6334 6337 6360 -1
5207 13 6302 -1
5262 59 6306 -1
5332 6 6328 -1
5404 40 6388 -1
5423 48 6306 6328 6334 6337 6388 -1
5439 66 6327 6330 6388 -1
5446 26 6320 -1
5452 17 6388 -1
5457 44 6302 6388 -1
5524 389 6305 6306 6320 6327 6328 6330 6337 6347 6388 -1
5531 243 6305 6306 6327 6330 6347 6388 -1
5532 26 6302 -1
5193 18 6347 -1
5540 3 6330 -1
5543 137 6305 6306 6328 6330 6337 -1
5553 46 6306 -1
5582 105 6327 6328 6334 6347 -1
5591 27 6306 6334 6388 -1
5604 7 6305 -1
5612 66 6328 6337 -1
5630 36 6306 -1
5644 21 6306 -1
5655 139 6302 6327 6340 -1
5658 10 6334 -1
5684 18 6306 6328 -1
5692 21 6327 -1
5696 50 6306 -1
5697 230 6302 6305 6306 6311 6323 6327 6328 6330 6334 6337 6347 -1
5714 44 6328 6337 -1
5739 45 6328 -1
5775 42 6347 -1
5773 75 6327 6330 6388 -1
5776 14 6306 -1
5796 191 6327 6347 6388 -1
5798 12 6337 -1
5799 23 6327 6388 -1
5800 222 6305 6307 6327 6330 6347 6388 -1
5802 385 6306 6320 6323 6327 6330 6334 6360 6388 -1
5806 83 6302 6306 6327 -1
5807 27 6327 -1
5809 21 6306 6328 -1
5810 29 6311 6328 6337 -1
5811 79 6305 6330 6388 -1
5812 41 6328 6330 -1
5814 144 6327 6340 -1
5816 84 6306 6330 -1
5817 75 6305 6327 6330 6337 -1
5818 67 6306 6327 6337 6347 6388 -1
5822 98 6347 -1
5824 41 6323 -1
5827 15 6327 -1
5857 92 6305 6327 -1
5921 4 6327 6330 -1
5932 33 6330 -1
5934 42 6340 -1
5984 10 6323 -1
5998 81 6327 -1
6006 68 6320 6323 6327 6334 -1
4409 7 6306 -1
6024 17 6337 -1
6023 30 6327 -1
6032 80 6327 6328 6347 -1
6068 32 6334 -1
6097 26 6323 -1
6001 5 6327 -1
6134 7 6306 -1
6146 9 6337 -1
6156 22 6328 -1
6170 14 6311 -1
6204 12 6330 -1
6217 31 6327 6388 -1
6218 53 6327 -1
6221 31 6306 -1
6223 17 6306 6388 -1
6229 19 6330 -1
6239 5 6306 -1
6248 10 6337 -1
6270 88 6305 6327 6328 -1
6272 76 6305 -1
6299 78 6305 6306 6330 6334 6337 -1
6301 1 6302 -1
6304 1 6306 -1
6305 190 6306 6311 6323 6327 6330 6347 6388 -1
6312 3 6334 -1
6320 23 6321 6388 -1
6323 44 6327 -1
6334 4 6330 -1
6330 1 6334 -1
6331 3 6334 -1
6332 1 6334 -1
6333 2 6334 -1
6339 3 6328 6340 -1
6359 81 6327 6347 6388 -1
6360 35 6327 6337 6388 -1
6298 7 6328 -1
6366 1 6328 -1
6377 17 6347 6388 -1
6327 108 6323 6347 6388 -1
6387 1 6388 -1
5965 3 6337 -1
6389 1 6337 -1
6416 2 6327 -1
6421 23 6388 -1
6443 70 6320 6388 -1
6458 28 6330 -1
6461 6 6327 -1
6462 3 6327 -1
6486 85 6323 6327 -1
6488 22 6327 -1
6489 2 6330 -1
6494 101 6305 6320 6330 -1
6510 54 6347 6388 -1
6518 33 6327 -1
6522 29 6323 6347 6388 -1
6523 33 6305 6330 -1
6526 11 6323 -1
6538 21 6388 -1
6560 43 6327 -1
6563 58 6305 6327 -1
6592 1 6323 -1
6552 29 6327 -1
6596 177 6320 -1
6608 18 6323 -1
6612 7 6305 6330 -1
6618 91 6305 6320 6327 -1
6619 104 6305 6327 6330 -1
6613 9 6305 -1
6614 2 6305 -1
6615 160 6305 6327 6330 6347 6388 -1
6616 18 6305 6330 -1
6617 1 6305 -1
6627 50 6330 -1
6609 7 6327 -1
6611 15 6327 -1
6736 33 6347 -1
6726 12 6323 6347 -1
6766 22 6347 -1
6772 77 6327 6388 -1
6783 4 6323 -1
6790 11 6323 6330 -1
6815 4 6388 -1
6818 2 6347 -1
6819 1 6347 -1
5269 1 6347 -1
6829 4 6330 -1
6846 6 6388 -1
6848 14 6327 -1
6852 1 6388 -1
6620 93 6327 -1
6864 2 6327 -1
6880 2 6327 -1
6883 4 6327 -1
6885 19 6307 -1
6900 31 6330 -1
6913 44 6327 6330 -1
6914 95 6320 -1
6906 49 6327 -1
6907 191 6320 -1
6916 54 6330 -1
6941 57 6327 -1
5529 39 6327 6330 -1
6954 3 6330 -1
6316 19 6327 6330 -1
6974 2 6330 -1
6984 7 6330 -1
6985 1 6330 -1
7045 36 6320 -1
7053 31 6307 -1
7047 161 6320 -1
7056 37 6320 -1
7057 118 6320 -1
7030 2 6327 -1
7038 7 6327 -1
7080 70 6320 -1
7092 93 6327 -1
7100 15 6327 -1
7117 7 6327 -1
7120 18 6320 -1
7153 12 6327 -1
7154 1 6327 -1
7155 1 6327 -1
7156 1 6327 -1
7157 1 6327 -1
7160 1 6327 -1
7158 1 6327 -1
7159 1 6327 -1
7225 47 6320 -1
7301 27 6320 -1
7350 21 6320 -1
7614 39 6320 -1
7666 14 6320 -1
7701 3 6320 -1
8045 7 6307 -1
8243 6 6307 -1