6 302 2909 -1
11 743 2900 2923 2932 2958 2981 -1
20 187 2900 -1
24 309 2922 2926 2955 2963 2999 -1
47 146 2900 2955 -1
53 39 2900 -1
59 94 2922 2946 2955 2963 2966 2972 2977 2979 -1
27 102 2917 -1
83 8 2963 -1
86 122 2923 -1
71 109 2946 2972 -1
87 195 2900 2925 -1
89 29 2991 -1
103 68 2922 -1
68 275 2900 2912 2951 2973 -1
122 213 2900 2932 2955 2958 2963 2966 2968 2979 2981 -1
127 132 2928 2946 2963 2977 2999 -1
128 80 2900 2912 2966 -1
147 58 2955 -1
157 44 2979 -1
172 123 2951 2958 2966 2973 -1
266 13 2955 -1
275 56 2972 2999 -1
291 35 2958 -1
306 244 2900 2923 2932 2973 -1
310 230 2955 -1
311 321 2918 2940 2963 2968 2973 2981 2999 -1
313 54 2923 -1
315 77 2963 -1
319 199 2925 -1
328 13 2999 -1
346 86 2900 2912 2918 2922 2923 2926 2999 -1
395 42 2963 -1
403 20 2922 2966 -1
405 19 2973 -1
407 145 2977 -1
325 25 2909 -1
425 79 2951 2963 -1
432 157 2932 2958 2963 -1
457 732 2900 2923 2932 2958 2973 2996 2999 -1
587 18 2918 2922 2926 2928 -1
634 150 2955 -1
644 27 2922 2928 -1
650 98 2951 2955 2972 2977 -1
667 19 2958 -1
665 7 2958 -1
695 118 2923 -1
704 81 2912 -1
708 51 2900 2993 -1
710 105 2900 2923 -1
722 264 2900 2902 2917 2918 2926 2940 2946 2951 2968 2972 2991 2993 2996 -1
737 232 2940 -1
742 93 2940 -1
749 66 2951 -1
763 68 2966 2977 -1
766 773 2900 2909 2912 2917 2922 2923 2925 2932 2940 2951 2955 2958 2963 2968 2972 2973 2981 2993 2999 -1
769 146 2963 -1
788 113 2914 -1
784 224 2900 2951 2958 2963 2973 -1
789 317 2909 -1
795 60 2981 -1
813 272 2925 2932 2955 2958 2963 2968 2973 2981 2999 -1
826 249 2900 2912 2922 2946 2955 2966 2968 2972 2977 2979 2999 -1
825 165 2917 2940 2958 -1
841 61 2918 2926 2968 2993 2999 -1
842 30 2996 -1
854 99 2963 2966 -1
856 91 2900 2951 2973 -1
853 16 2910 -1
871 59 2990 2993 2996 -1
879 122 2973 -1
928 21 2996 -1
937 46 2955 2968 -1
946 110 2993 2996 -1
961 16 2966 -1
978 65 2900 -1
982 47 2912 2951 -1
988 292 2900 2912 2918 2923 2951 2958 2972 2973 2974 2991 2999 -1
993 238 2972 -1
996 297 2923 2951 2963 2968 -1
1006 138 2912 -1
1012 7 2991 -1
1024 41 2977 -1
1032 39 2909 2912 -1
1035 12 2963 -1
1037 86 2966 -1
1042 41 2951 2963 -1
1051 46 2963 -1
1055 196 2900 2902 2923 2963 -1
1062 156 2932 2968 -1
1074 95 2914 -1
1097 88 2958 2972 -1
1098 305 2940 2963 2968 2973 -1
1103 9 2946 -1
1111 60 2925 -1
1128 13 2968 -1
1127 62 2963 -1
1132 57 2946 -1
1133 399 2900 2909 2925 2932 2958 2968 2981 -1
1135 115 2922 2955 -1
1137 135 2900 2958 -1
1143 14 2963 -1
1151 472 2940 2963 2999 -1
922 149 2923 -1
1166 599 2900 2902 2912 2918 2940 2951 2958 2968 2972 2973 2977 2991 -1
1167 158 2900 2966 -1
1169 29 2951 -1
1183 9 2922 2955 -1
1200 107 2912 2918 2922 2951 -1
1202 66 2968 -1
1204 61 2951 -1
1211 79 2922 2923 -1
1221 77 2922 -1
1228 11 2940 -1
1236 103 2981 2999 -1
1259 45 2900 -1
1267 61 2955 2963 2968 2999 -1
1279 124 2963 2973 -1
1286 65 2955 2956 -1
1284 20 2955 -1
1285 31 2955 -1
1291 34 2972 2999 -1
1297 76 2900 2918 2923 2966 -1
1305 290 2900 2902 2912 2946 2951 2955 2958 2963 2966 2968 2972 2973 2977 2981 2993 2999 -1
1306 20 2922 -1
1319 181 2900 2923 2958 -1
1322 12 2922 -1
1360 22 2951 -1
1357 91 2968 -1
1367 40 2973 -1
1374 462 2909 2912 2922 2928 2955 2963 2966 2977 -1
1381 52 2966 -1
1383 4 2963 -1
1385 35 2999 -1
1395 199 2955 2963 -1
1428 183 2932 2958 2973 -1
1184 79 2922 2926 2963 -1
1463 26 2963 -1
1470 156 2923 -1
1473 91 2966 -1
1487 117 2912 -1
1492 157 2912 2958 2981 -1
1496 210 2900 2923 2981 2996 -1
1501 38 2951 -1
1506 41 2912 -1
1521 99 2958 -1
1522 139 2973 2981 2999 -1
1537 68 2963 -1
1542 244 2909 2940 2973 -1
1549 587 2900 2918 2922 2932 2946 2951 2955 2958 2963 2966 2968 2972 2973 2977 2981 2999 -1
1566 46 2946 -1
1583 87 2900 2955 2968 2991 -1
1592 30 2963 -1
1594 114 2922 2968 2972 -1
1596 29 2958 -1
1604 4 2917 -1
1608 355 2951 2972 2981 2996 2999 -1
1613 15 2940 -1
1622 50 2923 2958 -1
1623 39 2966 -1
1639 36 2955 -1
1661 66 2912 2923 2940 -1
1691 50 2909 2922 -1
1701 112 2973 2981 -1
1697 70 2923 -1
1700 93 2946 -1
1705 47 2902 2922 2946 2955 2963 2968 2972 2993 2999 -1
1706 4 2955 -1
1707 34 2955 -1
1717 96 2999 -1
1688 25 2955 -1
1732 18 2955 -1
1734 55 2912 -1
1744 8 2900 -1
1748 76 2923 -1
1749 68 2912 2951 2991 2993 -1
1756 89 2955 2963 2966 2972 2977 -1
1766 27 2955 -1
1767 97 2900 2909 2932 2946 2955 2963 2991 -1
1769 67 2922 2968 -1
1751 35 2951 -1
1795 44 2912 2973 -1
1799 48 2912 -1
1808 129 2900 2922 2955 2963 -1
1814 105 2900 2955 2963 2966 2968 2972 2977 2979 2981 2991 2993 2999 -1
1820 90 2963 2991 -1
1835 73 2993 2996 -1
1837 28 2963 -1
1838 57 2958 -1
1847 47 2973 -1
1875 33 2928 2996 -1
1885 44 2932 -1
1891 36 2923 2977 -1
1918 20 2958 -1
1919 112 2946 2977 -1
1922 204 2900 2902 2918 2922 2926 2928 2946 2951 2955 2963 2966 2996 -1
1947 15 2900 2923 -1
1951 29 2973 -1
1966 18 2955 -1
1964 13 2966 -1
1967 31 2973 -1
1972 181 2909 2955 2958 2966 2968 2972 2981 2999 -1
1976 6 2955 -1
1980 47 2922 2993 -1
1991 66 2922 2955 2963 2968 -1
2014 10 2909 -1
698 11 2966 -1
2062 121 2923 -1
2069 17 2946 -1
2072 121 2968 2999 -1
2093 55 2922 2966 2972 -1
2102 45 2968 -1
2114 39 2968 2993 2999 -1
2117 23 2966 -1
2118 113 2900 2909 2958 2966 2968 2977 2999 -1
2120 122 2900 2902 2926 2974 2979 2996 -1
2130 8 2955 -1
2133 129 2922 2926 2955 2963 2968 2972 2979 2993 2999 -1
2135 146 2900 2909 2912 2963 -1
2145 145 2912 2922 2981 -1
2160 26 2900 -1
2168 3 2977 -1
2169 32 2902 -1
2174 65 2928 2946 2955 -1
2177 3 2991 2993 -1
2186 61 2922 2963 2968 2977 2979 2999 -1
2193 12 2991 -1
2209 31 2900 -1
2225 34 2951 -1
2234 14 2900 -1
2230 49 2926 2996 -1
2231 66 2918 2977 2979 -1
2229 143 2900 2912 2951 -1
2236 75 2900 2912 2951 2966 2968 -1
2237 241 2909 2932 2955 2968 2973 2996 2999 -1
2240 108 2951 -1
2251 25 2968 2972 2977 2999 -1
2255 31 2963 2999 -1
2256 247 2900 2902 2918 2922 2926 2928 2955 2958 2963 2974 2979 2993 2999 -1
2258 95 2981 -1
2274 48 2946 -1
2278 4 2917 -1
2287 4 2968 -1
2290 120 2900 2923 2973 2974 -1
2294 9 2990 -1
2297 164 2958 -1
2298 48 2900 2926 2932 2993 -1
2299 67 2909 2972 2999 -1
2323 111 2900 2923 2958 -1
2326 252 2900 2918 2923 2932 2958 2973 2981 -1
2328 215 2932 2958 2973 2981 -1
2332 36 2912 -1
2364 14 2923 -1
2365 77 2951 -1
2369 189 2909 -1
2371 124 2900 2902 2918 2922 2926 2955 2963 2968 2972 2973 2977 2979 2993 2996 2999 -1
2379 45 2900 2923 2932 2958 2981 -1
2384 72 2909 -1
2387 66 2909 -1
2411 141 2900 2955 2958 2974 -1
2416 37 2902 2926 2946 2966 2968 2993 -1
2417 7 2991 -1
2435 35 2900 -1
2434 2 2963 -1
2472 75 2922 2946 2955 2963 2999 -1
2473 103 2900 2902 2918 2922 2926 2955 2963 2968 2979 2993 2999 -1
2476 35 2900 2918 2968 2999 -1
2485 324 2900 2902 2909 2918 2923 2928 2940 2955 2958 2966 2972 2993 -1
2488 21 2912 -1
2502 30 2918 -1
2504 100 2940 -1
2506 46 2932 -1
2507 69 2912 2928 2955 2963 2973 -1
2510 68 2999 -1
2517 5 2996 -1
2516 44 2912 -1
2523 5 2999 -1
2535 47 2981 -1
2541 37 2926 2963 2991 -1
2542 93 2968 -1
2546 34 2900 -1
2547 105 2900 2912 2914 2946 2972 2991 2993 2996 -1
2548 12 2923 -1
2549 70 2923 2932 2955 2958 2963 -1
2550 26 2902 2918 -1
2566 32 2900 2972 -1
2557 77 2918 2922 2955 2963 2966 2972 2977 2979 2996 2999 -1
2559 82 2951 2958 2968 -1
2560 180 2912 2917 2918 2923 2926 2951 2963 2968 2972 2979 2993 2996 2999 -1
2564 50 2940 2981 -1
2565 893 2900 2902 2909 2912 2917 2918 2922 2923 2926 2932 2940 2946 2951 2955 2958 2963 2966 2968 2972 2973 2974 2977 2979 2981 2991 2993 2999 -1
2576 146 2912 2918 2926 2973 -1
2585 60 2958 -1
2592 13 2928 -1
2593 32 2902 2958 2990 -1
2594 45 2958 -1
2474 142 2902 2912 2922 2928 2951 2955 2963 2968 2993 -1
2605 64 2922 2963 2996 -1
2608 14 2979 -1
2612 29 2900 2912 2922 -1
2613 25 2900 -1
2618 53 2958 2973 -1
2623 108 2900 2918 2926 2996 -1
2619 46 2963 2972 -1
2630 2 2968 -1
2646 39 2963 2968 2972 2979 2993 -1
2647 18 2902 -1
2651 269 2900 2918 2958 2973 2981 -1
2653 113 2909 2918 2958 -1
2655 49 2981 -1
2658 307 2900 2923 2940 2973 -1
2665 6 2973 -1
2674 103 2912 2918 2973 -1
2699 74 2900 2973 -1
2700 168 2912 2923 2932 2958 2973 2974 2981 -1
2686 156 2900 2912 2918 2951 -1
2702 80 2900 2928 2977 2979 2991 -1
2703 61 2912 2951 -1
2688 618 2900 2909 2912 2918 2923 2925 2932 2951 2958 2973 2974 2981 -1
2704 75 2900 2918 2926 2951 2991 2993 -1
2660 164 2900 2912 2918 2951 -1
2689 38 2958 -1
2667 126 2914 2925 -1
2691 44 2912 2958 -1
2692 19 2951 -1
2693 149 2932 2958 2973 -1
2706 18 2973 -1
2696 64 2909 2912 -1
2697 45 2900 2996 -1
2719 21 2958 -1
2721 2 2963 -1
2724 10 2973 2974 -1
2727 33 2958 -1
2740 28 2922 2973 -1
2744 39 2918 -1
2747 79 2900 2923 2973 2974 -1
2746 25 2923 2958 -1
2768 40 2902 2918 2922 2926 2928 2946 2963 2968 2972 2979 2990 2999 -1
2778 22 2946 2972 -1
2780 3 2972 -1
2790 173 2900 2912 2918 2951 2973 -1
2791 15 2955 2963 -1
2792 18 2922 -1
2796 8 2946 2955 -1
2815 11 2996 -1
2822 43 2900 2902 2923 2968 2991 -1
2654 104 2900 2902 2958 2996 -1
2799 8 2923 -1
2831 39 2912 2972 -1
2832 50 2932 2979 -1
2838 21 2923 2958 2999 -1
2840 14 2922 2972 2993 -1
2844 2 2902 -1
2845 3 2955 -1
2851 44 2955 -1
2858 3 2963 -1
2859 139 2900 2958 2981 -1
2862 4 2926 -1
2863 5 2902 -1
2871 282 2900 2902 2912 2932 2951 2955 2958 2963 2966 2972 2977 2979 2981 2993 2996 2999 -1
2872 87 2918 2979 2981 -1
2883 28 2968 -1
2885 5 2972 2977 -1
2900 29 2922 -1
2904 18 2999 -1
2906 6 2910 -1
2907 6 2910 -1
2908 12 2910 -1
2909 57 2910 -1
2912 33 2900 -1
2913 11 2918 2922 -1
2918 3 2922 -1
2921 1 2918 -1
2923 35 2972 2979 2990 -1
2924 2 2928 -1
2925 19 2926 2946 2955 2956 2972 2977 2979 -1
2932 62 2955 2958 -1
2933 6 2946 -1
2914 4 2963 -1
2940 123 2912 2932 2958 2973 2974 2977 -1
2936 8 2946 2999 -1
2944 1 2946 -1
2945 1 2946 -1
2947 10 2968 -1
2948 26 2900 -1
2950 13 2963 2966 2972 2977 2993 2999 -1
2952 1 2955 -1
2953 10 2955 -1
2954 1 2955 -1
2960 1 2963 -1
2961 1 2963 -1
2962 1 2963 -1
2964 70 2932 2951 2958 2966 2981 -1
2965 2 2966 2993 -1
2967 238 2900 2912 2918 2932 2958 2966 2968 2981 -1
2968 55 2966 -1
2972 357 2909 2914 2932 2958 2973 2981 -1
2971 1 2972 -1
2969 3 2972 -1
2970 1 2972 -1
2974 15 2977 2981 -1
2978 6 2977 -1
2993 1 2991 -1
2991 7 2958 2993 -1
2992 1 2993 -1
2994 3 2993 -1
2995 10 2993 -1
3006 31 2968 2991 2999 -1
3010 123 2973 2974 2999 -1
3012 1 2999 -1
3013 1 2999 -1
2707 103 2912 2958 2981 -1
3018 19 2973 -1
3020 52 2900 2912 2951 -1
3024 52 2900 2923 2958 2973 -1
3026 175 2932 2958 2973 -1
3028 189 2923 2958 2974 -1
3031 50 2900 2912 2918 -1
3032 216 2900 2912 2923 -1
3033 45 2912 2958 -1
3034 38 2912 -1
3035 13 2912 -1
2713 200 2912 2918 2932 2958 2973 2974 2981 -1
3037 7 2991 -1
3039 14 2958 -1
3044 6 2900 -1
3046 10 2923 -1
3056 44 2973 -1
3055 52 2900 -1
3047 12 2991 -1
2356 57 2923 2932 2958 2973 -1
3062 42 2900 2951 -1
2976 7 2974 -1
3070 2 2991 -1
3073 34 2981 -1
3081 20 2958 -1
3088 37 2923 -1
3098 37 2900 2951 -1
3095 37 2900 2951 -1
3107 10 2932 -1
2842 124 2923 2951 2958 2973 -1
2003 63 2923 2973 -1
3143 1 2900 -1
3142 49 2900 -1
3144 88 2900 2923 2973 2974 -1
3168 79 2958 -1
3173 7 2974 -1
3180 24 2958 -1
3196 22 2923 -1
3258 95 2900 2923 -1
3267 1 2951 -1
3276 79 2923 2958 -1
3291 58 2900 2923 2958 2973 -1
3297 51 2958 -1
3282 5 2923 -1
3315 13 2958 -1
3326 18 2958 -1
3343 13 2974 -1
3352 273 2900 2909 2932 2958 2973 2981 -1
3373 12 2981 -1
3375 43 2923 2958 -1
3381 180 2940 -1
3394 156 2900 2923 2932 2958 2974 -1
3404 89 2909 2973 -1
3417 30 2909 2932 -1
3439 88 2932 -1
3449 314 2909 2917 2925 -1
3451 98 2932 2958 2981 -1
3453 319 2909 -1
3454 148 2917 2932 2958 2981 -1
3457 166 2900 2923 -1
3458 69 2923 2958 -1
3459 92 2925 -1
3461 101 2917 -1
3470 21 2973 -1
3479 102 2932 2958 2981 -1
3480 18 2973 -1
3482 24 2973 2974 -1
3498 114 2909 -1
3512 9 2981 -1
3521 29 2940 -1
3522 71 2958 -1
3523 28 2973 -1
3525 16 2923 -1
3532 5 2974 -1
3541 81 2900 2923 2958 -1
3508 11 2900 -1
3554 6 2958 -1
3555 14 2973 -1
3560 16 2923 -1
3562 40 2958 2973 -1
3567 18 2981 -1
3568 147 2900 2932 2958 2981 -1
3569 42 2900 -1
3586 156 2940 -1
3589 5 2923 -1
3528 13 2923 2973 -1
3603 12 2917 -1
3611 22 2923 2973 -1
3614 205 2909 2923 2958 -1
3615 144 2932 2981 -1
3624 64 2900 2909 2973 2981 -1
3604 2 2923 -1
3630 32 2923 2958 -1
3633 48 2923 -1
3635 63 2932 2958 -1
3641 212 2900 2909 2917 2925 2958 -1
3642 362 2914 2925 -1
3645 40 2958 -1
3646 9 2958 2981 -1
3658 39 2909 2932 -1
3659 38 2958 -1
3660 87 2900 2923 2958 -1
3661 36 2923 -1
3666 144 2900 2932 2981 -1
3678 17 2923 -1
3682 75 2900 2981 -1
3714 15 2958 -1
3719 14 2958 -1
3724 93 2900 2932 2958 2981 -1
3571 45 2981 -1
3728 85 2909 2917 -1
3731 15 2974 -1
3748 30 2958 -1
3762 8 2900 2923 -1
3775 12 2923 2958 -1
3785 18 2958 2981 -1
3786 99 2958 -1
2975 2 2974 -1
3791 1 2974 -1
3787 232 2909 2958 -1
3812 53 2909 2958 2981 -1
3814 47 2958 2981 -1
3827 2 2900 -1
3833 3 2923 -1
3841 1 2923 -1
3839 5 2923 -1
3840 1 2923 -1
3842 15 2923 -1
3912 17 2932 -1
3916 42 2958 -1
3920 6 2981 -1
3947 3 2958 -1
3949 30 2958 -1
3956 85 2900 2917 -1
3969 90 2940 -1
3973 33 2900 2932 -1
3985 32 2958 -1
4007 15 2900 -1
4013 21 2909 -1
4020 6 2981 -1
4036 147 2958 2981 -1
4037 15 2958 -1
4039 9 2981 -1
4042 21 2932 2958 2981 -1
4044 89 2917 -1
4045 257 2925 -1
4063 27 2917 2925 -1
4065 131 2932 2958 2981 -1
4070 111 2909 2917 2958 2981 -1
4074 33 2958 -1
4099 155 2925 -1
4119 6 2958 2981 -1
4120 3 2958 -1
4076 86 2932 2958 -1
4124 50 2900 -1
4128 9 2932 2958 -1
4135 2 2958 -1
4136 26 2932 -1
4138 64 2932 -1
4144 76 2958 -1
4155 5 2958 -1
3819 10 2958 -1
4211 65 2940 -1
4212 53 2917 -1
4249 1 2932 -1
4250 2 2932 -1
4251 1 2932 -1
4252 5 2932 -1
4255 9 2917 -1
4276 52 2909 -1
4342 10 2917 -1
4355 50 2902 -1
4377 11 2917 -1
4441 202 2909 -1
4442 18 2909 -1
4448 36 2909 -1
4536 81 2917 -1
4542 9 2914 -1
4487 31 2917 -1
4632 228 2909 2925 2940 -1
4653 114 2909 -1
4662 46 2917 -1
4663 10 2917 -1
4673 96 2914 -1
4681 20 2917 -1
4718 46 2909 -1
4712 121 2909 -1
4818 28 2917 -1
4824 101 2925 -1
4829 78 2909 -1
4879 28 2940 -1
4894 79 2925 -1
4899 169 2909 2940 -1
4948 214 2909 -1
4950 1 2917 -1
4951 1 2917 -1
4967 361 2909 2925 -1
4981 53 2909 -1
5002 115 2940 -1
5022 172 2914 -1
5020 139 2902 -1
5053 52 2940 -1
5068 10 2940 -1
5079 271 2902 2909 -1
5099 14 2925 -1
5110 84 2909 -1
4828 168 2925 -1
5123 69 2909 -1
5155 24 2909 -1
5177 101 2925 -1
5178 19 2925 -1
4310 278 2909 2925 -1
5179 217 2925 -1
5189 312 2909 2914 2925 -1
5190 80 2909 -1
5199 22 2940 -1
5207 13 2909 -1
5233 24 2909 2940 -1
5262 59 2914 -1
5301 61 2940 -1
5320 11 2909 -1
5321 32 2909 -1
5322 1 2909 -1
5423 48 2940 -1
5427 37 2925 -1
5437 26 2925 -1
5439 66 2914 -1
5524 389 2925 2940 -1
5531 243 2914 2925 2940 -1
5543 137 2925 2940 -1
5582 105 2925 -1
5591 27 2914 -1
5696 50 2914 -1
5787 32 2925 -1
5796 191 2925 2940 -1
5799 23 2914 -1
5802 385 2914 2940 -1
5807 27 2940 -1
5814 144 2940 -1
5822 98 2940 -1
6004 6 2940 -1
6068 32 2925 -1
6082 18 2914 -1
6270 88 2914 -1
6280 52 2940 -1
6305 190 2914 -1
6486 85 2940 -1
6494 101 2940 -1
6548 10 2940 -1
6619 104 2940 -1
6615 160 2940 -1
6624 135 2940 -1
6714 100 2940 -1
6719 3 2940 -1
6906 49 2940 -1
6934 65 2940 -1
7052 142 2940 -1
6946 68 2940 -1
7350 21 2940 -1
7362 8 2940 -1
7383 2 2940 -1
7389 2 2940 -1
7390 24 2940 -1
7391 52 2940 -1
7392 1 2940 -1
7321 3 2940 -1