6 302 4037 -1
11 743 4011 4013 4021 4024 4040 4043 4044 4055 4058 4065 4072 4088 -1
14 114 4055 -1
15 50 4037 -1
24 309 4040 -1
36 227 4065 4099 -1
47 146 4037 4058 -1
53 39 4011 4088 4099 -1
29 150 4011 4021 4088 -1
27 102 4044 -1
72 164 4037 4098 4099 -1
86 122 4055 4099 -1
71 109 4037 -1
87 195 4037 4078 4099 -1
99 24 4071 -1
68 275 4013 4024 4037 4040 4051 4055 4065 4099 -1
109 190 4037 4099 -1
122 213 4013 4043 4099 -1
113 89 4037 -1
127 132 4037 -1
136 99 4037 4099 -1
143 94 4037 -1
173 334 4037 -1
182 79 4037 -1
166 93 4037 -1
237 41 4037 -1
265 31 4065 -1
280 76 4037 -1
291 35 4013 -1
290 71 4037 -1
306 244 4011 4041 -1
311 321 4040 4072 4098 4099 -1
315 77 4037 -1
317 140 4037 -1
319 199 4040 4099 -1
335 46 4037 -1
395 42 4037 -1
407 145 4037 -1
325 25 4037 -1
425 79 4065 -1
432 157 4037 4055 -1
447 15 4037 -1
457 732 4011 4013 4037 4040 4041 4044 4065 4098 4099 -1
546 142 4037 4099 -1
580 30 4041 -1
582 34 4040 4072 -1
600 214 4037 4071 -1
613 2 4078 -1
495 6 4037 -1
633 55 4099 -1
634 150 4037 4041 4099 -1
637 25 4037 -1
643 46 4037 -1
663 158 4040 4099 -1
667 19 4037 -1
675 1 4049 -1
689 47 4021 -1
695 118 4011 4098 -1
722 264 4037 -1
737 232 4037 4044 4065 4071 -1
742 93 4044 -1
697 100 4037 4044 4099 -1
749 66 4037 -1
766 773 4011 4013 4040 4041 4043 4044 4055 4065 4072 4098 4099 -1
784 224 4013 -1
789 317 4037 4040 4099 -1
791 41 4037 -1
795 60 4037 -1
813 272 4041 4043 4055 -1
825 165 4024 4030 4037 4043 4051 4058 4099 -1
841 61 4044 -1
842 30 4055 -1
856 91 4014 4037 4058 -1
852 39 4037 -1
865 97 4021 -1
879 122 4011 4040 4044 4051 -1
896 26 4037 -1
943 30 4011 -1
946 110 4040 -1
967 16 4037 -1
974 36 4037 -1
982 47 4058 -1
988 292 4013 4037 -1
994 45 4013 -1
996 297 4055 4098 -1
1006 138 4037 -1
1003 18 4071 -1
1008 8 4037 -1
1032 39 4037 -1
1037 86 4037 -1
1055 196 4037 4058 4099 -1
1062 156 4011 -1
1065 7 4011 -1
1074 95 4065 4099 -1
1075 74 4055 -1
1098 305 4037 -1
1111 60 4065 -1
1132 57 4037 4044 -1
1133 399 4011 4037 4040 4041 4044 4047 4051 4055 4065 4072 -1
1137 135 4041 4099 -1
1144 7 4037 -1
1150 8 4011 -1
1151 472 4011 4037 4044 4065 4071 4099 -1
1164 39 4099 -1
1165 13 4037 -1
1166 599 4011 4037 4040 4041 4058 4065 4098 4099 -1
1193 31 4037 -1
1204 61 4037 -1
1207 26 4099 -1
1210 218 4037 -1
1211 79 4051 -1
1279 124 4013 -1
1286 65 4055 -1
1305 290 4043 4051 4055 4088 -1
1360 22 4044 -1
1358 18 4037 -1
1368 33 4043 4051 -1
1375 4 4098 -1
1374 462 4037 4055 4071 4098 4099 -1
1384 37 4021 4049 -1
1385 35 4037 4071 4099 -1
1428 183 4055 -1
1184 79 4011 4037 4040 -1
1470 156 4013 4099 -1
1471 72 4037 -1
1473 91 4071 -1
1492 157 4021 4037 4040 4043 -1
1496 210 4040 4071 4099 -1
1500 48 4098 -1
1521 99 4055 -1
1522 139 4011 4012 4072 -1
1538 81 4021 4037 -1
1537 68 4011 4021 -1
1542 244 4011 4012 4037 4043 -1
1552 81 4024 4037 -1
1549 587 4009 4011 4013 4021 4037 4041 4055 4099 -1
1550 42 4021 -1
1596 29 4012 4043 4055 -1
1608 355 4011 4021 4037 4065 -1
1614 73 4037 -1
1621 80 4072 -1
1623 39 4037 -1
1661 66 4037 -1
1647 19 4037 4072 -1
1691 50 4043 -1
1701 112 4037 4041 4071 -1
1707 34 4055 -1
1717 96 4037 -1
1729 19 4037 -1
1730 45 4037 -1
1733 42 4099 -1
1734 55 4037 4043 -1
1748 76 4013 4037 -1
1749 68 4021 -1
1762 47 4065 -1
1767 97 4037 -1
1769 67 4040 4043 -1
1772 141 4021 4024 -1
1751 35 4021 -1
1795 44 4043 -1
1796 38 4099 -1
1799 48 4043 4058 -1
1813 41 4011 4021 4024 4051 4072 -1
1823 49 4065 -1
1838 57 4013 4088 -1
1847 47 4099 -1
1859 3 4037 4071 -1
1888 36 4043 4055 -1
1891 36 4021 -1
1896 51 4037 -1
1918 20 4072 -1
1947 15 4031 -1
1966 18 4055 -1
1972 181 4041 4043 4055 -1
1984 7 4011 -1
1986 17 4037 -1
1990 36 4065 -1
2009 63 4037 -1
2109 47 4021 4044 -1
2117 23 4037 -1
2118 113 4037 -1
2129 44 4049 -1
2135 146 4037 4099 -1
2144 23 4037 4051 -1
2145 145 4037 -1
2172 29 4037 -1
2210 17 4013 -1
2223 15 4071 -1
2226 28 4037 -1
2237 241 4011 4040 4044 4072 -1
2240 108 4037 4065 4099 -1
2256 247 4037 4041 4047 4051 4055 4078 -1
2258 95 4011 4037 4043 -1
2290 120 4011 4021 4088 -1
2297 164 4013 4021 4055 4099 -1
2298 48 4031 -1
2299 67 4024 4044 -1
2307 7 4024 -1
2323 111 4011 -1
2326 252 4011 4013 4021 4024 4031 4043 4055 4058 -1
2328 215 4021 4037 4043 4065 4099 -1
2364 14 4037 -1
2365 77 4013 4021 4031 4071 4099 -1
2369 189 4037 -1
2381 71 4013 4037 -1
2379 45 4013 -1
2384 72 4037 4099 -1
2387 66 4098 -1
2410 34 4071 4098 -1
2411 141 4011 4021 4024 4051 -1
2113 7 4072 -1
2440 50 4099 -1
2444 6 4037 -1
2452 42 4037 -1
2456 31 4037 -1
2485 324 4011 4013 4037 4040 4055 4071 4099 -1
2488 21 4072 -1
2504 100 4024 4037 4043 4099 -1
2506 46 4011 4013 4055 -1
2535 47 4040 4044 4098 -1
2542 93 4013 -1
2547 105 4021 -1
2549 70 4037 -1
2559 82 4051 -1
2560 180 4012 4021 4044 -1
2564 50 4099 -1
2565 893 4011 4013 4021 4024 4031 4037 4040 4043 4044 4051 4055 4058 4065 4071 4072 4088 4098 -1
2572 7 4051 -1
2576 146 4037 4065 4071 4072 -1
2585 60 4013 4021 4037 -1
2592 13 4098 -1
2594 45 4021 -1
2595 49 4030 4049 -1
2474 142 4013 4021 4051 4055 4058 4078 -1
2611 7 4037 -1
2617 22 4037 -1
2618 53 4014 -1
2623 108 4011 4012 4037 4098 -1
2651 269 4013 4030 4037 4043 4047 4051 4055 4072 -1
2653 113 4043 -1
2655 49 4037 4040 -1
2658 307 4011 4021 4037 4044 4047 4071 4072 -1
2659 12 4024 -1
2674 103 4014 4021 -1
2708 9 4037 -1
2699 74 4040 4043 -1
2700 168 4011 4024 4031 4043 4055 4088 -1
2686 156 4041 -1
2702 80 4099 -1
2688 618 4011 4012 4013 4021 4037 4041 4044 4055 4098 4099 -1
2660 164 4044 -1
2667 126 4041 -1
2691 44 4098 -1
2693 149 4037 -1
2696 64 4099 -1
2697 45 4055 -1
2727 33 4099 -1
2747 79 4021 4051 -1
2746 25 4021 -1
2760 23 4099 -1
2774 46 4055 4071 -1
2787 4 4072 -1
2792 18 4040 -1
2796 8 4037 -1
2804 16 4055 -1
2807 5 4037 -1
2811 19 4037 -1
2822 43 4021 -1
2654 104 4013 4021 -1
2832 50 4037 -1
2851 44 4037 -1
2859 139 4011 4024 4030 4031 4037 4043 4044 4051 4055 4088 -1
2871 282 4011 4013 4021 4024 4030 4037 4043 4049 4051 4055 4088 -1
2872 87 4011 4021 4024 4031 4043 4051 4055 4088 -1
2883 28 4068 4098 -1
2912 33 4037 -1
2932 62 4065 -1
2940 123 4049 4055 -1
2947 10 4043 -1
2964 70 4011 4013 4021 4043 4055 -1
2967 238 4011 4013 4021 4024 4037 4040 4043 4044 4055 4086 4088 4099 -1
2972 357 4012 4030 4031 4037 4040 4043 4044 4047 4055 4058 4099 -1
2974 15 4051 -1
2988 55 4041 -1
3005 28 4021 -1
2707 103 4037 4043 4055 4088 -1
3015 44 4037 -1
3021 7 4071 -1
3026 175 4011 4024 4031 4043 4051 -1
3028 189 4011 4078 4099 -1
3032 216 4013 4065 -1
3034 38 4037 -1
2713 200 4011 4013 4021 4043 4051 4055 4088 -1
3041 14 4098 -1
3057 48 4071 -1
2356 57 4011 4021 4043 -1
2976 7 4037 -1
3073 34 4043 -1
3088 37 4037 -1
3092 81 4037 4099 -1
2842 124 4011 4021 -1
3109 9 4040 -1
2003 63 4037 -1
3115 5 4037 -1
3140 2 4011 -1
3144 88 4021 4040 -1
3147 6 4055 -1
3148 26 4011 4055 -1
3150 10 4098 4099 -1
3168 79 4013 4021 4088 -1
3175 41 4021 -1
3192 56 4011 4021 -1
3191 68 4098 4099 -1
3197 4 4021 -1
3210 3 4037 -1
3238 28 4071 -1
3252 37 4011 4055 -1
3256 19 4011 -1
3258 95 4011 4013 4037 4055 4098 -1
3269 3 4037 -1
3274 69 4037 4065 4098 4099 -1
3276 79 4011 4021 4024 4051 4055 -1
3291 58 4011 4013 -1
3297 51 4071 -1
3290 36 4037 4040 -1
3348 25 4037 -1
3350 55 4044 -1
3352 273 4011 4013 4021 4024 4037 4040 4043 4051 4055 4058 4088 -1
3378 41 4055 4099 -1
3394 156 4011 4021 4031 -1
3402 122 4011 4021 4037 4044 -1
3404 89 4041 -1
3417 30 4037 -1
3445 21 4011 -1
3439 88 4011 4021 4024 4088 -1
3447 271 4011 4037 4040 4041 4044 4065 4099 -1
3449 314 4011 4037 4040 4041 4044 4072 4098 4099 -1
3450 27 4011 4072 -1
3451 98 4040 4043 4055 -1
3452 131 4040 4099 -1
3453 319 4011 4037 4040 4041 4044 4065 4068 4072 4098 4099 -1
3454 148 4011 4013 4037 4040 4043 4044 4049 4058 4072 -1
3455 68 4044 4072 -1
3456 241 4011 4041 4044 4047 4072 4099 -1
3458 69 4041 4055 -1
3459 92 4041 4099 -1
3461 101 4011 4037 4040 4044 4055 4072 4098 4099 -1
3462 54 4011 4037 4040 4044 4072 -1
3463 56 4011 4040 4072 -1
3466 17 4037 -1
3472 15 4037 -1
3471 2 4037 -1
3479 102 4013 4037 4040 4041 4065 -1
3477 53 4021 4024 -1
3488 16 4055 -1
3498 114 4037 4040 4099 -1
3522 71 4044 -1
3541 81 4011 4021 4024 4049 4055 -1
3542 5 4011 -1
3562 40 4021 -1
3567 18 4043 -1
3568 147 4011 4013 4021 4030 4040 4043 4047 4049 4051 4055 4072 4078 4088 4098 -1
3569 42 4021 4043 -1
3586 156 4037 4065 4099 -1
3593 26 4037 -1
3601 52 4037 -1
3603 12 4044 -1
3607 24 4037 -1
3614 205 4013 4037 4055 4065 4068 -1
3615 144 4013 4024 4043 4044 4055 4098 -1
3624 64 4021 4024 4031 4043 -1
3625 4 4013 -1
3630 32 4021 -1
3631 91 4011 4024 4037 4099 -1
3633 48 4011 4013 4021 -1
3634 82 4098 4099 -1
3635 63 4013 -1
3641 212 4021 4037 4044 4065 4099 -1
3642 362 4037 4041 4065 4099 -1
3643 44 4041 -1
3645 40 4021 -1
3646 9 4021 -1
3656 3 4072 -1
3660 87 4013 4021 4037 4051 4088 -1
3661 36 4043 -1
3666 144 4011 4037 4055 4078 4098 4099 -1
3682 75 4024 4088 -1
3683 6 4037 -1
3691 95 4011 4037 4044 -1
3709 7 4037 -1
3714 15 4043 4055 4058 -1
3719 14 4013 4021 -1
3724 93 4013 4021 4024 4031 4043 4051 4055 -1
3728 85 4037 4099 -1
3748 30 4072 -1
3749 4 4037 -1
3720 11 4030 -1
3770 22 4037 -1
3786 99 4013 4037 4098 -1
3787 232 4011 4037 4040 4055 4099 -1
3796 113 4040 4099 -1
3798 23 4051 -1
3804 5 4021 -1
3806 45 4041 4098 -1
3812 53 4011 4012 4021 4024 4031 4043 4049 4051 4072 4088 -1
3813 94 4012 4024 4031 4037 4055 4088 -1
3814 47 4021 4024 4030 4031 4043 4051 4055 4088 -1
3815 20 4011 4021 4024 -1
3835 35 4037 4040 4044 -1
3845 8 4011 -1
3854 82 4040 4099 -1
3855 6 4011 -1
3902 43 4011 -1
3910 33 4037 -1
3916 42 4041 4099 -1
3932 4 4055 -1
3948 26 4013 -1
3949 30 4011 4021 4043 4055 4058 -1
3956 85 4011 4024 4031 4044 4072 4098 -1
3958 15 4072 4099 -1
3960 23 4041 4099 -1
3961 16 4011 4021 4024 -1
3965 89 4065 4071 -1
3969 90 4037 4040 -1
3971 7 4098 -1
3973 33 4055 -1
3976 145 4037 4040 -1
3977 14 4030 -1
3979 3 4011 -1
3982 20 4037 4099 -1
3984 2 4037 -1
3985 32 4021 4037 -1
3991 7 4024 -1
4001 28 4021 4037 4040 -1
4007 15 4043 -1
4010 1 4011 -1
4013 21 4014 -1
4019 2 4021 4024 -1
4020 6 4021 -1
4023 3 4024 -1
4034 4 4043 -1
4036 147 4037 4088 4099 -1
4038 1 4043 -1
4040 104 4011 4037 4043 -1
4039 9 4043 4055 -1
4041 68 4043 4099 -1
4042 21 4013 4043 4055 -1
2981 44 4037 4043 -1
4044 89 4011 4040 4047 4078 -1
4045 257 4037 4040 4041 4047 4072 4099 -1
4046 89 4011 4037 4040 4047 -1
4048 1 4049 -1
4050 1 4051 -1
4056 23 4055 -1
4063 27 4072 -1
4077 77 4044 -1
4065 131 4011 4013 4055 4072 -1
4079 4 4055 -1
4070 111 4044 -1
4073 115 4041 4068 4099 -1
4074 33 4011 -1
4085 1 4086 -1
4099 155 4041 -1
4116 12 4037 -1
4076 86 4013 4037 -1
4123 25 4013 4072 -1
4124 50 4037 -1
4125 2 4055 -1
4127 41 4011 4040 4044 -1
4136 26 4013 -1
4138 64 4013 -1
4144 76 4037 4065 -1
4151 84 4011 4040 4072 -1
4152 43 4011 4044 -1
4163 2 4055 -1
4165 1 4055 -1
4166 1 4055 -1
4155 5 4055 -1
3819 10 4013 -1
4187 9 4037 -1
4197 7 4013 -1
4200 5 4040 -1
3995 57 4041 4098 4099 -1
4205 5 4037 -1
4211 65 4037 4040 -1
4212 53 4040 -1
4219 112 4011 4037 4040 4044 -1
4224 17 4040 -1
4221 42 4037 4099 -1
4252 5 4040 -1
4261 24 4040 4072 -1
4266 11 4040 -1
4276 52 4041 -1
4282 6 4037 -1
4291 4 4037 -1
4316 8 4011 -1
4338 40 4037 -1
4342 10 4037 -1
4347 55 4037 -1
4353 80 4037 4071 4099 -1
4364 39 4037 -1
4363 22 4041 4099 -1
4375 3 4099 -1
4377 11 4044 -1
4400 5 4040 -1
4398 9 4040 -1
4415 17 4037 -1
4416 11 4037 -1
4422 15 4037 -1
4428 12 4037 4044 -1
4433 24 4011 4072 -1
4437 70 4011 -1
4438 6 4040 -1
4441 202 4011 4037 4071 4099 -1
4455 22 4037 4044 -1
4468 18 4011 -1
4485 12 4040 -1
4482 7 4037 -1
4483 153 4037 4071 4099 -1
4488 50 4099 -1
4489 15 4037 -1
4534 19 4040 -1
4547 45 4037 4044 4072 -1
4550 100 4037 4099 -1
4557 16 4041 -1
4564 33 4072 -1
4574 40 4037 -1
4577 2 4072 -1
4586 9 4072 -1
4587 27 4072 -1
4588 11 4072 -1
4592 6 4037 -1
4598 71 4011 4099 -1
4600 15 4041 -1
4616 7 4037 -1
4624 2 4037 -1
4630 4 4037 -1
4632 228 4011 4037 4040 4041 4071 4099 -1
4633 12 4011 4044 -1
4653 114 4041 4098 -1
4661 19 4037 -1
4662 46 4037 4044 4099 -1
4663 10 4037 -1
4666 24 4037 -1
4673 96 4099 -1
4669 13 4037 -1
4681 20 4037 -1
4686 57 4037 -1
4688 59 4037 4040 4044 -1
4709 25 4071 -1
4717 62 4099 -1
4718 46 4041 -1
4712 121 4037 -1
4725 36 4037 4040 4044 -1
4756 34 4037 -1
4757 6 4040 -1
4764 53 4037 -1
4774 13 4040 -1
4792 62 4009 -1
4800 1 4040 -1
4813 46 4099 -1
4818 28 4044 -1
4824 101 4099 -1
4832 7 4037 -1
4833 6 4037 -1
4843 24 4037 -1
4882 3 4037 -1
4884 4 4037 -1
4891 7 4037 -1
4893 5 4044 -1
4894 79 4041 4044 4099 -1
4899 169 4041 4098 4099 -1
4903 2 4037 -1
4904 2 4037 -1
4905 1 4037 -1
4923 3 4037 -1
4906 2 4037 -1
4908 1 4037 -1
4924 10 4037 -1
4909 2 4037 -1
4910 2 4037 -1
4911 1 4037 -1
4912 2 4037 -1
4913 1 4037 -1
4914 2 4037 -1
4915 6 4037 -1
4916 1 4037 -1
4917 1 4037 -1
4918 1 4037 -1
4925 2 4037 -1
4919 1 4037 -1
4920 2 4037 -1
4926 7 4037 -1
4921 1 4037 -1
4922 2 4037 -1
4943 31 4037 4044 -1
4945 1 4044 -1
4944 4 4044 -1
4948 214 4071 -1
4964 60 4037 -1
4967 361 4009 4037 4041 4065 4099 -1
4976 23 4041 4099 -1
4980 16 4099 -1
4981 53 4037 -1
4982 43 4099 -1
5002 115 4037 4041 -1
5008 27 4068 -1
5010 4 4037 -1
5011 10 4099 -1
5016 10 4071 -1
5017 9 4099 -1
5022 172 4065 4099 -1
5020 139 4068 -1
5028 43 4037 -1
5029 26 4099 -1
5053 52 4037 -1
5079 271 4041 4065 4098 4099 -1
5106 33 4037 -1
5102 54 4037 4041 -1
5103 127 4037 4071 -1
4828 168 4098 4099 -1
5123 69 4037 4041 4065 4099 -1
5125 54 4037 -1
5140 51 4037 -1
5166 48 4037 4071 -1
5171 41 4041 4099 -1
5172 29 4099 -1
5173 122 4037 4099 -1
5174 6 4041 -1
5175 35 4098 4099 -1
4795 73 4037 -1
5176 139 4041 4098 4099 -1
4310 278 4037 4041 4071 4098 4099 -1
5179 217 4037 4041 4071 -1
5180 49 4041 -1
5181 41 4098 -1
5182 14 4099 -1
5184 68 4041 4098 -1
5185 152 4065 4099 -1
5188 211 4037 4065 4099 -1
5189 312 4037 4098 4099 -1
5190 80 4099 -1
5191 10 4099 -1
5226 17 4037 -1
5233 24 4071 -1
5246 44 4041 -1
5250 14 4098 -1
5263 75 4041 4098 -1
5317 18 4098 -1
5320 11 4037 -1
5378 17 4037 -1
5382 19 4098 -1
5399 8 4041 -1
5423 48 4099 -1
5427 37 4041 4098 -1
5437 26 4041 -1
5457 44 4041 -1
5474 8 4041 -1
5479 28 4037 -1
5484 22 4041 4099 -1
5485 21 4037 4099 -1
5487 30 4071 -1
5489 12 4071 -1
5515 7 4098 -1
5524 389 4037 4065 4071 4099 -1
5531 243 4037 4065 4099 -1
5543 137 4037 4041 4065 -1
5549 10 4037 -1
5550 11 4037 -1
5553 46 4037 4071 4099 -1
5577 8 4098 -1
5582 105 4037 4065 4099 -1
5594 1 4098 -1
5596 30 4098 -1
5595 1 4098 -1
5600 8 4099 -1
5608 16 4099 -1
5612 66 4099 -1
5614 7 4037 -1
5615 3 4037 -1
5616 15 4037 -1
5655 139 4009 -1
5670 2 4099 -1
5686 3 4099 -1
5685 1 4099 -1
5687 1 4099 -1
5688 1 4099 -1
5696 50 4099 -1
5697 230 4037 4065 4099 -1
5714 44 4041 4099 -1
5721 10 4037 -1
5763 4 4041 -1
5775 42 4037 4071 -1
5773 75 4037 -1
5783 23 4041 -1
5787 32 4041 -1
5796 191 4037 4041 4065 4099 -1
5800 222 4037 4065 -1
5802 385 4037 4065 4071 4099 -1
5806 83 4037 -1
5810 29 4037 -1
5812 41 4099 -1
5814 144 4037 -1
5816 84 4037 4099 -1
5818 67 4099 -1
5819 61 4041 -1
5821 22 4065 -1
5824 41 4037 -1
5857 92 4041 4099 -1
5590 5 4037 -1
5892 2 4037 -1
5913 5 4037 4041 -1
5915 52 4071 -1
5919 2 4037 -1
5921 4 4037 -1
5923 3 4037 -1
5927 10 4037 -1
5934 42 4065 -1
5981 6 4099 -1
5993 3 4037 -1
5999 20 4037 -1
6006 68 4037 -1
6016 10 4071 -1
6024 17 4037 -1
6030 1 4041 -1
6031 2 4041 -1
6032 80 4037 4041 4071 -1
5978 1 4041 -1
6033 1 4041 -1
6034 1 4041 -1
6036 1 4041 -1
6037 1 4041 -1
6035 1 4041 -1
6072 54 4037 -1
6068 32 4037 -1
6082 18 4065 -1
6097 26 4099 -1
6119 3 4037 -1
6151 13 4037 -1
6160 3 4037 -1
6179 7 4065 -1
6200 6 4037 -1
6202 3 4037 -1
6207 4 4099 -1
6216 5 4099 -1
6217 31 4065 4099 -1
6218 53 4037 -1
6221 31 4037 4071 -1
6229 19 4037 -1
6270 88 4009 4037 4099 -1
6272 76 4099 -1
6305 190 4037 4099 -1
6359 81 4037 4065 -1
6360 35 4037 -1
6327 108 4037 -1
5965 3 4037 -1
6414 21 4037 -1
6440 3 4099 -1
6443 70 4037 4071 4099 -1
6445 7 4037 -1
6447 12 4099 -1
6458 28 4037 4099 -1
6477 1 4099 -1
6479 13 4037 4099 -1
6478 1 4099 -1
6494 101 4065 4071 -1
6523 33 4037 -1
6548 10 4071 -1
6563 58 4037 -1
6552 29 4071 -1
6596 177 4037 4071 -1
6608 18 4065 -1
6618 91 4037 -1
6613 9 4037 -1
6614 2 4037 -1
6615 160 4037 -1
6616 18 4037 -1
6624 135 4037 4071 -1
6627 50 4065 -1
6636 2 4037 -1
6643 2 4037 -1
6646 4 4037 -1
6649 26 4037 -1
6665 29 4065 -1
6780 6 4071 -1
6834 2 4037 -1
6859 11 4037 -1
6620 93 4037 -1
6863 2 4037 -1
6865 19 4009 -1
6885 19 4037 -1
6747 4 4037 -1
6886 7 4037 -1
6900 31 4037 -1
6902 28 4037 -1
6913 44 4037 -1
6906 49 4037 -1
6907 191 4037 4071 -1
6916 54 4037 -1
6934 65 4009 4037 -1
6941 57 4037 -1
5529 39 4071 -1
6316 19 4037 -1
6971 6 4009 -1
6975 10 4037 -1
6976 41 4037 -1
6993 81 4071 -1
7005 13 4037 -1
7052 142 4071 -1
7047 161 4037 4071 -1
7057 118 4037 4071 -1
7086 123 4037 4071 -1
7092 93 4037 4071 -1
7100 15 4037 -1
7117 7 4037 -1
7124 1 4037 -1
7125 1 4037 -1
7127 2 4037 -1
7128 2 4037 -1
7129 11 4037 -1
7136 2 4037 -1
7130 2 4037 -1
7137 1 4037 -1
7131 24 4037 -1
7126 3 4037 -1
7132 30 4037 -1
7133 1 4037 -1
7138 2 4037 -1
7134 3 4037 -1
7139 3 4037 -1
7140 1 4037 -1
7135 1 4037 -1
7198 8 4037 -1
7225 47 4071 -1
7231 101 4071 -1
7253 4 4037 -1
7271 3 4037 -1
7280 89 4071 -1
7295 13 4071 -1
7301 27 4071 -1
7378 38 4037 -1
7405 18 4037 -1
7421 9 4037 -1
7424 4 4037 -1
7425 7 4037 -1
7452 3 4037 -1
7181 2 4037 -1
7180 4 4037 -1
7511 16 4037 -1
7518 3 4037 -1
7564 31 4037 -1
7578 28 4037 4071 -1
7597 4 4037 -1
7677 12 4037 -1
7682 36 4037 -1
7691 19 4071 -1
7719 4 4071 -1
7727 30 4037 4071 -1
7733 45 4037 -1
7743 13 4037 -1
7744 50 4037 -1
7769 19 4071 -1
7774 35 4037 -1
7808 12 4037 -1
7818 23 4071 -1
7862 11 4037 -1
7873 6 4071 -1
7874 4 4071 -1
7877 6 4037 -1
7885 6 4037 -1
7900 27 4037 -1
7901 30 4037 -1
7903 4 4037 -1
7906 10 4037 -1
7929 4 4037 -1
7933 4 4037 -1
7993 2 4037 -1
8012 7 4037 -1
8061 5 4037 -1
8066 3 4037 -1
8092 5 4037 -1
8098 1 4037 -1
8099 1 4037 -1
8100 1 4037 -1
8101 1 4037 -1
8102 1 4037 -1
8108 1 4037 -1
8103 1 4037 -1
8104 1 4037 -1
8105 1 4037 -1
8111 2 4037 -1
8112 2 4037 -1
8106 1 4037 -1
8107 13 4037 -1
8114 1 4037 -1
8115 1 4037 -1
8109 1 4037 -1
8110 1 4037 -1