47 146 5922 -1
53 39 5998 -1
29 150 5922 -1
86 122 5936 -1
87 195 5963 -1
68 275 5902 5922 5925 5933 5936 5972 5994 -1
109 190 5902 5933 -1
122 213 5936 5947 -1
113 89 5936 -1
127 132 5928 -1
136 99 5936 5950 5980 -1
306 244 5925 5928 5947 5969 -1
311 321 5922 -1
335 46 5922 -1
366 14 5947 -1
457 732 5902 5928 5931 5932 5933 5950 5969 5973 5980 5991 5994 5998 -1
634 150 5922 5925 5936 5994 -1
722 264 5928 -1
737 232 5902 5922 5950 -1
766 773 5925 5932 5933 5947 5950 5998 -1
762 50 5902 -1
789 317 5936 5994 -1
791 41 5902 5991 -1
813 272 5925 -1
825 165 5963 -1
854 99 5994 -1
971 72 5936 5994 -1
996 297 5994 -1
1000 60 5936 5963 5973 -1
1037 86 5902 5963 -1
1041 49 5928 -1
1055 196 5902 5963 5994 -1
1074 95 5950 -1
1079 2 5925 -1
1098 305 5932 5998 -1
1132 57 5902 -1
1133 399 5925 5928 5936 5947 5963 5972 5973 5977 5980 5994 -1
1151 472 5933 5947 -1
1166 599 5922 5928 5932 5936 5963 5980 5994 5998 -1
1167 158 5963 -1
1169 29 5936 5973 -1
1210 218 5994 -1
1215 65 5936 -1
1247 77 5928 -1
1286 65 5925 -1
1331 6 5902 -1
1357 91 5950 -1
1374 462 5902 5922 5933 5947 -1
1462 48 5963 5994 -1
1471 72 5963 -1
1496 210 5947 -1
1522 139 5925 5928 -1
1542 244 5925 5928 5933 5947 -1
1549 587 5947 -1
1612 68 5932 5969 5998 -1
1623 39 5928 -1
1644 48 5902 -1
1720 14 5922 5925 -1
1722 14 5925 -1
1733 42 5936 -1
1796 38 5980 -1
1799 48 5950 -1
1808 129 5947 5969 5980 -1
1814 105 5902 -1
1990 36 5950 -1
2001 39 5963 5994 -1
2010 27 5933 -1
2102 45 5947 -1
2135 146 5963 -1
2145 145 5902 -1
2231 66 5963 -1
2258 95 5925 5947 5963 -1
2274 48 5936 -1
2276 32 5963 5969 5973 -1
2295 2 5963 -1
2328 215 5902 -1
2369 189 5902 5963 5977 -1
2387 66 5925 5936 5994 -1
2410 34 5994 -1
2452 42 5902 -1
2458 6 5902 -1
2480 7 5936 -1
2485 324 5902 5922 5925 5932 -1
2516 44 5926 5931 5947 -1
2542 93 5902 -1
2549 70 5928 -1
2565 893 5902 5922 5932 5933 5998 -1
2623 108 5936 5956 5972 -1
2658 307 5933 -1
2674 103 5936 -1
2677 40 5922 5932 5998 -1
2686 156 5925 5936 5977 5980 5994 -1
2702 80 5936 -1
2688 618 5925 5928 5950 5994 -1
2667 126 5936 5963 5994 -1
2693 149 5936 -1
2744 39 5936 5973 5994 -1
2765 29 5973 -1
2822 43 5928 5963 -1
2831 39 5928 -1
2851 44 5922 -1
2883 28 5947 -1
2889 14 5925 -1
2909 57 5969 -1
2940 123 5950 5969 -1
2936 8 5902 -1
2972 357 5969 5977 5980 5991 -1
3015 44 5926 5931 5947 5972 -1
3028 189 5928 5936 -1
3032 216 5922 5932 -1
3081 20 5936 -1
3092 81 5928 5931 5963 -1
3142 49 5925 -1
3150 10 5980 -1
3209 41 5947 5973 -1
3258 95 5902 -1
3274 69 5947 -1
3345 35 5925 -1
3366 63 5936 5963 5969 -1
3381 180 5902 5922 5932 5998 -1
3393 10 5998 -1
3404 89 5947 5994 -1
3445 21 5947 5963 -1
3447 271 5932 5973 5998 -1
3449 314 5925 5928 5936 5947 5973 5994 -1
3452 131 5947 5963 5994 -1
3453 319 5991 -1
3456 241 5902 5947 -1
3458 69 5947 5963 -1
3459 92 5950 5980 -1
3479 102 5963 -1
3478 42 5994 -1
3498 114 5902 5936 5991 5994 -1
3522 71 5902 5963 5994 -1
3568 147 5928 -1
3586 156 5902 5972 5980 -1
3614 205 5922 5925 5947 -1
3624 64 5980 -1
3634 82 5925 5928 5994 -1
3641 212 5977 -1
3642 362 5902 5925 5928 5936 5947 5950 5963 5972 5973 5977 5980 5991 5994 -1
3666 144 5936 5947 5994 -1
3691 95 5902 5963 -1
3571 45 5922 5925 -1
3728 85 5936 5994 -1
3764 10 5922 -1
3786 99 5936 5963 5973 -1
3787 232 5902 5936 5963 5973 5994 -1
3796 113 5947 5963 -1
3813 94 5922 5963 -1
3835 35 5922 -1
3900 3 5925 -1
3922 7 5947 -1
3958 15 5928 -1
3965 89 5902 5932 5947 -1
3969 90 5969 -1
3976 145 5936 -1
3982 20 5902 -1
3985 32 5928 -1
4036 147 5925 5928 5936 5994 -1
4040 104 5991 -1
4041 68 5925 -1
2981 44 5969 -1
4045 257 5925 5928 5932 5947 5998 -1
4046 89 5902 -1
4056 23 5963 -1
4065 131 5932 5950 5998 -1
4070 111 5936 5963 5994 -1
4082 15 5963 -1
4099 155 5902 -1
4136 26 5928 5947 -1
4144 76 5928 -1
4192 7 5998 -1
3995 57 5947 -1
4205 5 5963 -1
4314 4 5928 -1
4326 7 5994 -1
4347 55 5933 -1
4353 80 5925 -1
4398 9 5925 -1
4422 15 5922 5963 5969 -1
4432 8 5925 -1
4437 70 5932 -1
4441 202 5928 5947 -1
4447 14 5925 -1
4476 16 5926 -1
4483 153 5977 5994 -1
4488 50 5955 5969 5980 -1
4550 100 5963 -1
4574 40 5963 -1
4587 27 5947 -1
4598 71 5902 -1
4632 228 5933 5936 5947 -1
4662 46 5925 5947 5963 -1
4673 96 5980 -1
4686 57 5928 -1
4717 62 5972 -1
4712 121 5936 5950 -1
4733 4 5947 -1
4748 38 5991 -1
4764 53 5947 -1
4792 62 5969 -1
4824 101 5902 5925 5947 5991 -1
4829 78 5933 -1
4894 79 5969 5972 -1
4899 169 5925 5947 5963 -1
4948 214 5925 -1
4964 60 5969 -1
4967 361 5922 5925 5926 5928 5932 5936 5947 5955 5969 5972 5991 5994 5998 -1
4981 53 5947 -1
4988 23 5994 -1
4864 4 5902 -1
5002 115 5925 -1
5008 27 5928 5973 5977 5980 -1
5016 10 5950 -1
5022 172 5936 5947 5950 5963 5973 5977 -1
5020 139 5936 5963 -1
5038 5 5928 -1
5053 52 5933 -1
5059 26 5922 5932 -1
5061 13 5950 -1
5079 271 5902 5947 5950 -1
5096 14 5973 -1
5106 33 5922 5925 -1
5102 54 5922 5936 -1
5103 127 5922 -1
5110 84 5925 5928 5947 5963 -1
4828 168 5922 5936 5955 5963 5969 5973 5977 5980 5991 -1
5121 9 5902 -1
5125 54 5936 5963 -1
5139 11 5963 -1
5140 51 5963 -1
5153 5 5963 -1
5172 29 5963 5972 -1
5173 122 5902 5922 5969 5998 -1
4795 73 5933 5950 -1
5176 139 5925 5928 5936 5947 5963 5973 5994 -1
5177 101 5947 5950 5963 5969 5994 -1
4310 278 5902 5928 5932 5936 5947 5973 5994 5998 -1
5179 217 5902 5969 5994 5998 -1
5180 49 5925 5928 5947 5963 5994 -1
5184 68 5925 5947 -1
5185 152 5925 5947 -1
5187 31 5925 5928 -1
5188 211 5922 5925 5932 5998 -1
5189 312 5925 5928 5936 5947 5969 5972 5973 5977 5980 5991 5994 -1
5190 80 5963 -1
5196 32 5963 -1
5207 13 5925 5947 5972 -1
5226 17 5947 5972 -1
5246 44 5963 5991 -1
5262 59 5936 5947 5972 5973 5977 5980 5994 -1
5263 75 5963 5973 5994 -1
5321 32 5963 5973 5994 -1
5324 16 5947 5973 5980 5994 -1
5361 6 5963 5980 5994 -1
5381 4 5963 -1
5391 37 5922 -1
5404 40 5902 -1
5427 37 5928 5947 -1
5437 26 5925 5928 5947 5973 -1
5439 66 5998 -1
5445 63 5947 -1
5457 44 5969 5972 5973 -1
5487 30 5994 -1
5524 389 5902 5922 5932 5933 5947 5998 -1
5531 243 5947 5963 5994 -1
5534 14 5991 -1
5543 137 5925 5947 5998 -1
5550 11 5998 -1
5551 8 5963 -1
5553 46 5963 -1
5577 8 5963 -1
5582 105 5922 5932 5998 -1
5596 30 5991 -1
5606 28 5969 -1
5396 12 5947 -1
5624 28 5928 5994 -1
5640 2 5963 -1
5644 21 5936 -1
5655 139 5932 5950 5972 -1
5658 10 5936 -1
5662 4 5963 -1
5668 4 5963 -1
5667 5 5969 -1
5684 18 5936 5947 -1
5692 21 5922 5998 -1
5697 230 5925 5926 5928 5932 5947 5963 5969 5991 5994 5998 -1
5702 10 5963 -1
5705 3 5947 -1
5707 4 5925 -1
5709 11 5950 -1
5739 45 5947 -1
5741 13 5936 -1
5770 6 5963 -1
5775 42 5902 -1
5773 75 5922 5932 -1
5776 14 5998 -1
5784 1 5925 -1
5783 23 5928 5936 5994 -1
5787 32 5928 5947 5963 5972 -1
5796 191 5902 5928 5936 -1
5800 222 5932 5933 5998 -1
5802 385 5902 5932 5980 5998 -1
5806 83 5902 -1
5804 33 5928 5956 5973 -1
5805 16 5980 -1
5807 27 5922 -1
5809 21 5936 5977 5980 5994 -1
5811 79 5902 5950 -1
5814 144 5902 5932 5950 5973 5998 -1
5816 84 5902 -1
5817 75 5922 5950 5963 5973 -1
5821 22 5902 -1
5822 98 5902 5980 5998 -1
5824 41 5925 5926 5928 5963 -1
5837 1 5963 -1
5839 41 5950 5963 5980 -1
5836 11 5991 -1
5857 92 5922 5950 5969 -1
5859 16 5969 -1
5862 24 5936 -1
5868 3 5925 -1
5877 7 5925 5928 -1
5885 3 5963 -1
5890 5 5963 -1
4767 14 5963 -1
5911 2 5928 -1
5909 2 5928 -1
5915 52 5928 5933 -1
5916 9 5925 5936 5947 5963 -1
5871 50 5947 -1
5919 2 5925 -1
5920 10 5925 -1
5921 4 5925 -1
5922 7 5925 -1
5923 3 5925 -1
5924 1 5925 -1
5928 4 5936 -1
5927 10 5928 -1
5930 3 5931 -1
5932 33 5998 -1
5934 42 5947 -1
5935 11 5972 -1
5942 4 5936 5994 -1
5939 3 5994 -1
5944 1 5947 -1
5945 9 5947 5963 -1
5946 4 5947 5963 -1
5952 14 5963 -1
5962 2 5963 5973 -1
5964 1 5963 -1
5958 3 5963 -1
5966 7 5963 -1
5959 1 5963 -1
5960 4 5963 -1
5093 1 5963 -1
5961 11 5963 5991 -1
5970 1 5971 -1
5980 8 5969 -1
5984 10 5950 -1
5992 1 5994 -1
5993 3 5994 -1
5998 81 5922 5932 5936 -1
6006 68 5932 -1
6024 17 5902 5936 -1
6022 1 5936 -1
6023 30 5936 -1
6068 32 5922 -1
6075 18 5936 -1
6097 26 5998 -1
6218 53 5902 -1
6219 4 5950 -1
6243 35 5902 5998 -1
6270 88 5932 5980 -1
6272 76 5902 5933 -1
6280 52 5902 -1
6305 190 5922 5933 5950 5980 5998 -1
6323 44 5902 -1
6360 35 5922 -1
6327 108 5922 5932 5998 -1
6421 23 5922 -1
6443 70 5902 5932 -1
6445 7 5933 -1
6483 28 5950 -1
6484 10 5998 -1
6486 85 5998 -1
6494 101 5922 -1
6518 33 5922 5998 -1
6523 33 5902 5932 -1
6460 58 5950 -1
6538 21 5902 -1
6560 43 5932 -1
6123 24 5902 -1
6563 58 5902 -1
6552 29 5998 -1
6596 177 5933 5969 -1
6598 6 5902 -1
6605 10 5950 -1
6608 18 5950 -1
6618 91 5932 5998 -1
6619 104 5932 5969 5998 -1
6615 160 5922 -1
6616 18 5922 -1
6624 135 5902 5933 -1
6627 50 5922 5950 -1
6649 26 5932 5998 -1
6551 2 5950 -1
6665 29 5950 -1
6666 6 5950 -1
3293 10 5969 -1
6714 100 5902 -1
6611 15 5969 -1
6784 42 5902 -1
6620 93 5922 5932 5998 -1
6875 15 5922 -1
6900 31 5902 -1
6913 44 5932 5969 5998 -1
6914 95 5998 -1
6907 191 5902 -1
6934 65 5922 5998 -1
5529 39 5998 -1
6993 81 5902 5933 -1
7052 142 5932 5933 5998 -1
7054 40 5902 -1
7047 161 5933 -1
7055 98 5902 5933 -1
7057 118 5902 5933 -1
7080 70 5902 5933 -1
7086 123 5902 5933 -1
7092 93 5902 5998 -1
7121 7 5969 -1
7153 12 5969 -1
6994 19 5969 -1
7225 47 5902 -1
7231 101 5902 -1
7309 1 5969 -1
7310 1 5969 -1
7281 12 5902 -1
7417 2 5902 -1
7449 39 5902 -1
7484 3 5902 -1
7490 27 5969 -1
7505 1 5902 -1
7691 19 5933 -1
7744 50 5933 -1
7769 19 5933 -1
7770 2 5933 -1
7914 1 5933 -1