30 5 1412 -1
6 302 1428 1439 1441 1442 1446 1453 1464 1465 1468 1471 1472 1476 1478 1484 1485 1487 1489 1490 1497 -1
7 24 1425 1471 -1
11 743 1402 1407 1411 1412 1413 1418 1420 1425 1428 1435 1437 1439 1441 1442 1444 1446 1453 1464 1465 1468 1471 1476 1482 1484 1485 1486 1487 1489 1490 1492 1496 1497 -1
12 65 1464 -1
14 114 1496 -1
16 15 1412 -1
20 187 1402 -1
21 76 1476 -1
22 2 1407 -1
23 74 1478 -1
24 309 1416 1419 1439 1442 1473 1482 1497 -1
28 133 1428 -1
36 227 1402 1413 1416 1468 1489 -1
35 65 1413 1418 1439 1446 1465 1468 1476 1484 -1
42 89 1464 1465 1476 1497 -1
45 8 1441 -1
46 59 1425 -1
47 146 1420 1453 -1
55 64 1432 -1
59 94 1416 1464 1476 1484 -1
78 41 1464 -1
86 122 1432 -1
71 109 1453 1465 1497 -1
87 195 1411 1413 1484 -1
89 29 1425 -1
90 72 1468 -1
99 24 1498 -1
31 15 1402 -1
102 5 1437 -1
68 275 1437 1498 -1
109 190 1425 1468 -1
110 95 1492 -1
111 29 1413 -1
122 213 1419 1453 -1
113 89 1413 1453 1490 -1
127 132 1425 1464 -1
128 80 1416 1428 1476 1485 1496 -1
136 99 1493 -1
138 72 1413 -1
143 94 1413 1439 1476 -1
147 58 1407 1453 -1
145 18 1484 1485 -1
151 74 1416 1471 1489 -1
154 61 1413 1464 -1
157 44 1487 -1
158 7 1439 -1
161 32 1418 1425 1435 1484 -1
171 70 1402 1413 1464 1476 1484 1487 -1
173 334 1402 1407 1412 1413 1428 1439 1444 1446 1464 1465 1468 1471 1476 1482 1489 1490 1496 -1
176 39 1413 1428 1464 1465 1468 1476 -1
178 63 1482 -1
180 54 1425 1464 1476 -1
182 79 1416 1464 1473 1484 -1
166 93 1484 1493 -1
194 5 1497 -1
199 17 1407 1412 1471 -1
216 8 1418 1453 -1
215 100 1482 1487 1492 1496 -1
226 25 1497 -1
227 5 1497 -1
228 6 1484 -1
231 50 1473 -1
255 86 1482 1487 -1
256 10 1402 -1
259 56 1402 1473 -1
280 76 1464 -1
282 39 1464 1471 1496 -1
293 3 1497 -1
295 5 1442 1444 -1
290 71 1411 1468 1482 1484 -1
249 15 1485 -1
304 79 1428 1439 1446 1464 1468 1476 1478 -1
306 244 1413 1418 1428 1464 1468 1473 1476 1490 1492 -1
308 142 1402 1413 1418 1464 1468 1476 1484 -1
310 230 1407 1411 1413 1428 1464 1476 1487 -1
311 321 1413 1418 1419 1425 1428 1453 1464 1465 1476 1482 1484 1487 1490 1492 1496 1497 -1
312 227 1413 1418 1425 1439 1446 1453 1464 1468 1471 1489 1492 -1
313 54 1482 1497 -1
315 77 1413 -1
317 140 1413 1428 1476 1482 1490 1496 -1
319 199 1413 1464 1471 1478 1482 -1
324 14 1413 -1
150 28 1412 -1
339 80 1485 -1
340 30 1413 1428 1464 -1
348 21 1418 1419 -1
346 86 1453 -1
356 18 1428 -1
364 14 1418 -1
371 117 1428 1446 1468 1485 1487 -1
376 37 1402 1482 -1
101 16 1478 -1
395 42 1418 -1
407 145 1407 1413 1425 1471 1482 1489 1492 1496 1497 -1
425 79 1493 -1
432 157 1402 1407 1446 1464 -1
457 732 1413 1416 1418 1420 1482 1484 1487 1490 1492 1493 1496 1497 -1
465 17 1453 -1
545 24 1402 1420 -1
546 142 1407 1482 -1
556 121 1442 1473 1497 -1
587 18 1425 1439 -1
588 22 1425 1439 1492 -1
601 9 1413 1468 1476 -1
600 214 1407 1471 1473 1476 1484 1497 -1
626 31 1425 1464 1468 -1
633 55 1425 -1
634 150 1403 1476 1486 -1
646 17 1412 1425 1484 -1
635 66 1437 1453 -1
647 32 1497 -1
643 46 1413 -1
649 40 1453 -1
650 98 1413 1418 1419 1453 -1
664 13 1489 -1
663 158 1496 1498 -1
639 31 1453 1484 -1
686 83 1402 1413 1418 1420 1476 1489 -1
689 47 1413 -1
691 24 1487 -1
695 118 1411 1497 -1
704 81 1413 1453 1471 -1
705 28 1413 -1
706 95 1411 1435 1442 1471 1478 1486 1489 1496 -1
707 123 1402 1428 1471 1476 1484 1486 1489 1490 1496 1497 -1
710 105 1413 1428 1439 1496 -1
712 19 1428 1496 -1
722 264 1402 1420 1441 1442 1453 1473 1485 -1
727 32 1497 -1
730 34 1435 -1
733 8 1464 -1
737 232 1403 1493 -1
742 93 1413 1425 1476 -1
697 100 1413 1473 1476 -1
749 66 1407 1425 -1
759 77 1416 1425 -1
761 8 1484 -1
763 68 1407 1464 -1
764 34 1492 -1
766 773 1403 1416 1419 1428 1437 1473 1492 1496 -1
762 50 1453 1476 -1
769 146 1413 1418 1428 1432 1453 1465 1473 1476 -1
788 113 1411 1453 1492 -1
784 224 1411 1420 1453 1464 1465 1485 -1
789 317 1413 1428 1453 1468 1473 1476 1497 -1
791 41 1428 1468 -1
795 60 1413 1420 -1
803 6 1420 1437 -1
805 90 1402 1413 1425 1453 1468 1476 1496 1497 -1
813 272 1413 1419 1428 1437 1444 1471 1476 1482 1492 1496 -1
816 29 1453 1497 -1
334 41 1413 -1
826 249 1416 1428 1437 1441 1444 1471 1482 1484 1487 1490 1492 1496 1497 -1
831 12 1413 -1
836 26 1428 1442 -1
844 45 1468 -1
851 2 1484 -1
854 99 1416 1420 1437 -1
856 91 1453 -1
852 39 1471 -1
853 16 1412 1464 -1
859 13 1492 -1
861 16 1496 -1
865 97 1473 1497 -1
870 38 1428 1487 -1
871 59 1439 1446 1453 1465 1468 1471 1484 1490 -1
879 122 1453 -1
904 119 1442 1453 1465 1471 1478 1485 1486 1487 1490 1496 -1
920 10 1490 -1
921 6 1439 1484 -1
928 21 1439 -1
937 46 1413 1453 -1
941 80 1411 1413 1425 1428 1439 1482 1484 1489 1492 1496 -1
943 30 1425 -1
946 110 1407 1412 1413 1418 -1
948 29 1419 1453 1482 -1
949 8 1407 -1
954 34 1411 1453 1485 1486 -1
964 4 1453 -1
933 18 1490 -1
971 72 1428 1441 1496 -1
978 65 1425 1432 1439 1482 1484 1496 -1
981 16 1497 -1
982 47 1453 -1
986 77 1453 1464 1482 1484 -1
988 292 1416 1437 1453 1492 -1
993 238 1407 1413 1416 1420 1425 1428 1437 1444 1464 1471 1476 1482 1489 1492 1496 -1
996 297 1402 1412 1413 1416 1419 1435 1444 1453 1471 1472 1473 -1
998 30 1442 1476 1489 -1
1005 5 1497 -1
1000 60 1428 -1
1006 138 1402 1412 1413 1418 1432 1441 1444 1453 1465 1468 1487 1496 -1
1009 44 1402 1412 1425 1439 1442 1464 1486 -1
1022 14 1484 -1
1023 9 1492 -1
1029 135 1402 1413 1418 1420 1428 1439 1441 1446 1453 1464 1468 1471 1476 1484 1485 1486 1487 1490 1496 1497 -1
1031 19 1492 -1
1032 39 1413 1482 -1
1034 33 1482 1484 -1
1039 6 1482 -1
1037 86 1437 -1
1042 41 1407 -1
1043 21 1465 -1
1044 9 1465 -1
1046 24 1425 1428 1476 1486 -1
1049 3 1465 -1
1050 44 1407 1441 -1
1051 46 1416 1420 -1
1055 196 1411 1428 1437 1439 1468 1471 1476 1478 1482 1484 1489 1493 1496 -1
1062 156 1416 1418 1419 1425 1444 1492 -1
1063 29 1465 -1
1064 16 1476 -1
872 29 1413 1489 -1
1075 74 1418 1420 1425 1473 1476 -1
1086 8 1464 -1
1097 88 1428 1437 -1
1098 305 1407 1419 1492 -1
1102 15 1411 -1
1114 39 1413 -1
1115 1 1432 -1
1124 20 1492 -1
1125 37 1492 -1
1128 13 1476 -1
1127 62 1416 1482 1489 1496 -1
1129 62 1407 1420 1428 1478 1489 1497 -1
1132 57 1413 -1
1133 399 1464 1476 1484 1490 -1
1135 115 1413 1416 1418 1428 1439 1464 1468 1476 1490 1492 1496 -1
1137 135 1407 1413 1416 1418 1428 1435 1437 1441 1464 1465 -1
1142 48 1476 -1
1143 14 1416 -1
1150 8 1484 -1
1151 472 1407 1416 1428 1437 1444 1464 1473 1482 1485 1487 1492 1496 -1
922 149 1413 1425 1428 1439 1441 1482 1484 1486 1490 1496 1497 -1
1160 24 1413 1425 1476 -1
1166 599 1411 1416 1419 1437 1453 1473 1482 1492 -1
1167 158 1411 1413 1428 1453 1471 1476 1478 1482 1484 1487 1489 1492 1496 1497 1498 -1
1179 10 1464 -1
1190 4 1496 -1
1188 2 1453 -1
1200 107 1413 1416 1419 1453 -1
1201 35 1413 1425 1428 1476 1482 1487 1489 1496 1497 -1
1202 66 1407 1428 1482 1489 1492 -1
1204 61 1402 -1
1207 26 1489 -1
1210 218 1402 1407 1412 1413 1416 1418 1420 1425 1492 -1
1211 79 1413 1435 1471 1496 -1
1215 65 1492 -1
1221 77 1413 1425 1439 1492 -1
1230 33 1437 -1
1233 14 1439 1441 1485 1490 -1
1234 16 1428 1464 -1
1235 20 1412 1413 1418 1420 1425 1464 -1
1236 103 1425 1428 1439 1453 1471 1478 1482 1484 1489 1492 1496 -1
1237 6 1439 -1
1241 35 1484 -1
1242 11 1496 -1
1246 8 1484 -1
1247 77 1407 1428 1441 1453 1468 1482 1484 -1
1248 21 1402 1412 1425 1428 1484 -1
1253 51 1411 1428 -1
1259 45 1413 -1
1262 2 1444 -1
1267 61 1496 -1
1278 69 1412 1413 1418 1420 1425 1428 1435 1437 1439 1441 1446 1464 1468 1471 1476 1484 1485 1486 1490 1496 -1
1279 124 1425 1428 1441 1446 1453 1464 1468 1471 1472 1484 1485 1489 1490 1496 -1
1281 10 1464 1489 -1
1286 65 1403 1413 1420 -1
1290 16 1439 1497 -1
1291 34 1402 1497 -1
1292 7 1402 -1
1293 33 1464 1484 1485 1486 -1
1297 76 1439 1464 1484 -1
1299 5 1442 1485 -1
1305 290 1403 1413 1416 1419 1453 1486 1490 1498 -1
1306 20 1476 1484 -1
1308 4 1413 1425 -1
1319 181 1402 1418 1420 1428 1439 1446 1453 1465 1468 1482 1487 1492 1496 -1
1322 12 1418 1497 -1
1326 6 1439 -1
1335 62 1412 1420 1425 1428 1442 1453 -1
1338 3 1407 1412 -1
1346 3 1412 -1
1350 117 1411 1428 1482 1487 1489 1490 1492 1496 -1
1352 121 1411 1420 1428 1453 1478 1482 1487 1489 1496 1497 -1
1353 30 1473 -1
1354 8 1411 -1
1355 3 1412 -1
1356 20 1493 -1
1357 91 1428 1439 1468 1471 1476 1482 1496 1497 -1
1358 18 1497 -1
1367 40 1402 -1
1373 4 1435 -1
1374 462 1403 1411 1419 1464 1473 -1
1382 17 1453 -1
1377 33 1402 1484 1490 1496 -1
1378 14 1453 -1
1380 63 1402 1407 1413 1418 1420 1425 1439 1453 1464 1468 1471 1476 1487 1492 -1
1381 52 1453 1482 -1
1384 37 1416 -1
1386 61 1413 1420 1425 1428 1444 1482 1489 1496 -1
1394 9 1437 1464 1472 1496 -1
1390 32 1420 -1
1395 199 1407 1419 1428 1444 1453 1471 1482 1492 -1
1397 1 1402 -1
1398 1 1402 -1
1399 1 1402 -1
1400 3 1402 -1
1401 3 1402 -1
1403 3 1412 -1
1404 1 1412 -1
1405 1 1412 -1
1411 1 1412 -1
1406 2 1411 1412 -1
1407 3 1412 -1
1408 1 1412 -1
1409 1 1412 -1
1410 1 1412 -1
1419 41 1420 -1
1421 2 1411 1425 -1
1422 1 1425 -1
1423 8 1425 -1
1424 52 1416 1425 1428 1464 1478 1482 1484 1485 -1
1428 183 1407 1444 1471 1482 1489 1496 -1
1433 1 1428 -1
1434 2 1435 1439 -1
1184 79 1496 1497 -1
1439 9 1484 -1
1441 41 1428 1486 -1
1446 3 1442 1444 -1
1442 20 1428 1444 1446 1487 1496 -1
1443 3 1446 -1
1444 2 1442 1446 -1
1445 1 1446 -1
1447 7 1428 1439 1490 -1
1452 1 1453 -1
1454 1 1464 -1
1455 1 1464 -1
1456 1 1464 -1
1457 5 1464 -1
1458 1 1464 -1
1459 1 1464 -1
1460 1 1464 -1
1461 1 1464 -1
1462 48 1411 1428 1464 1497 -1
1463 26 1464 1484 -1
1468 20 1471 1476 -1
1466 24 1428 1468 1476 -1
1467 11 1441 1468 1497 -1
1470 156 1428 1471 1476 1482 1484 1487 1492 1496 -1
1471 72 1489 1490 -1
1473 91 1419 1428 1487 -1
1480 44 1407 1484 1492 -1
1481 1 1484 -1
1482 26 1484 1496 -1
1483 52 1411 1428 1484 1487 1490 1496 1497 -1
1487 117 1428 1442 1471 1489 -1
1489 64 1428 1482 1487 1490 -1
1492 157 1407 1428 1487 1489 1496 -1
1495 10 1482 -1
1496 210 1416 1428 1482 1487 1492 -1
1499 12 1497 -1
1500 48 1497 -1
1501 38 1437 1471 1496 -1
1506 41 1489 1497 -1
1510 16 1441 1497 -1
1515 1 1441 -1
1516 1 1441 -1
1517 1 1441 -1
1521 99 1411 1419 1482 1487 1492 1496 -1
1525 35 1428 1442 1487 1489 -1
1526 4 1411 -1
1538 81 1428 1482 1487 1489 1492 1496 -1
1537 68 1407 1492 -1
1542 244 1473 1492 -1
1552 81 1411 1482 1489 1497 -1
1553 20 1428 1482 1497 -1
1547 28 1482 1492 1497 -1
1548 4 1497 -1
1549 587 1407 1411 1416 1419 1428 1441 1453 1471 1473 1482 1487 1489 1492 1496 1497 -1
1550 42 1497 -1
1551 1 1497 -1
1555 79 1428 1482 1487 1489 1492 1496 -1
1566 46 1453 -1
1582 13 1428 -1
1583 87 1411 1428 1437 1482 1492 -1
1585 102 1482 1492 -1
1589 13 1428 -1
1592 30 1416 1489 -1
1594 114 1428 1442 1471 1482 1487 1489 1496 -1
1599 3 1489 -1
1571 24 1482 -1
1601 4 1428 -1
1605 10 1442 -1
1608 355 1407 1416 1419 1428 1442 1444 1453 1471 1482 1489 1492 -1
1610 12 1428 1496 -1
1613 15 1496 -1
1614 73 1442 -1
1615 162 1407 1411 1428 1442 1471 1482 1487 1489 1496 -1
1530 11 1428 -1
1619 4 1428 1487 -1
1620 1 1428 -1
1621 80 1428 1444 1492 -1
1622 50 1428 1482 1487 1492 1496 -1
1623 39 1428 1487 -1
1628 12 1471 -1
1632 3 1471 -1
1639 36 1473 -1
1641 2 1489 -1
1642 1 1489 -1
1643 1 1489 -1
1644 48 1489 -1
1564 27 1496 -1
1665 1 1471 -1
1666 1 1471 -1
1681 2 1442 -1
1682 1 1442 -1
1684 9 1416 -1
1691 50 1416 1492 -1
1701 112 1416 1473 -1
1700 93 1482 1496 -1
1705 47 1419 -1
1717 96 1482 -1
1719 10 1496 -1
1720 14 1453 -1
1722 14 1403 -1
1688 25 1453 -1
1732 18 1416 1487 1492 -1
1733 42 1482 -1
1734 55 1453 -1
1741 9 1419 1496 -1
1742 6 1411 -1
1748 76 1453 -1
1754 23 1496 -1
1756 89 1411 1492 -1
1762 47 1493 1496 -1
1765 4 1407 1487 -1
1766 27 1496 -1
1767 97 1473 1496 -1
1769 67 1416 -1
1772 141 1407 1492 1496 -1
1759 5 1411 -1
1783 57 1411 1416 1492 -1
1795 44 1416 1453 -1
1800 20 1493 -1
1811 43 1473 -1
1808 129 1407 1419 1482 1492 -1
1814 105 1416 -1
1816 10 1482 -1
1820 90 1419 1492 -1
1823 49 1444 1498 -1
1835 73 1407 1416 1492 -1
1837 28 1407 -1
1838 57 1407 -1
1847 47 1411 -1
1865 6 1411 -1
1866 1 1411 -1
1867 2 1411 -1
1868 22 1411 1444 -1
1885 44 1482 -1
1896 51 1498 -1
1918 20 1492 -1
1919 112 1419 1482 -1
1922 204 1416 1419 1493 -1
1937 13 1473 -1
1962 31 1407 1482 -1
1967 31 1416 -1
1972 181 1416 -1
1977 34 1482 -1
1952 3 1482 -1
1980 47 1482 1492 -1
1985 56 1482 1492 -1
1991 66 1419 1482 -1
1992 16 1492 -1
1997 88 1407 1482 1492 -1
1794 26 1482 -1
2000 1 1482 -1
2001 39 1482 1492 -1
2033 22 1473 -1
2062 121 1444 1492 -1
2072 121 1419 1444 1492 -1
2085 28 1419 -1
2093 55 1416 -1
2102 45 1416 1473 1492 -1
2104 2 1407 -1
2109 47 1453 -1
2110 3 1407 -1
2111 4 1407 -1
2118 113 1492 -1
2120 122 1492 -1
2133 129 1419 1492 -1
2135 146 1419 1453 1473 -1
2156 41 1492 -1
2159 18 1444 -1
2160 26 1416 -1
2186 61 1403 1419 -1
2193 12 1492 -1
2209 31 1416 -1
2215 15 1444 -1
2218 1 1444 -1
2219 1 1444 -1
2225 34 1492 -1
2230 49 1419 -1
2231 66 1492 -1
2229 143 1416 1437 -1
2233 36 1492 -1
2236 75 1416 -1
2237 241 1416 -1
2241 14 1492 -1
2240 108 1492 -1
2249 38 1403 -1
2255 31 1492 -1
2256 247 1419 -1
2264 58 1403 1473 -1
2274 48 1437 1492 -1
2286 6 1492 -1
2287 4 1492 -1
2297 164 1416 -1
2323 111 1492 -1
2326 252 1453 -1
2328 215 1492 -1
2272 31 1492 -1
2357 12 1492 -1
2365 77 1453 -1
2369 189 1493 -1
2371 124 1416 1437 1453 1492 -1
2375 49 1419 -1
2384 72 1416 -1
2410 34 1492 -1
2306 4 1492 -1
2411 141 1419 1453 1492 -1
2412 3 1492 -1
2413 2 1492 -1
2472 75 1416 1419 1437 -1
2473 103 1419 -1
2476 35 1416 -1
2485 324 1403 1453 1473 -1
2504 100 1453 -1
2507 69 1416 -1
2510 68 1416 1437 -1
2535 47 1453 -1
2542 93 1453 -1
2546 34 1416 1419 -1
2547 105 1437 -1
2550 26 1416 1437 -1
2557 77 1419 -1
2564 50 1473 -1
2565 893 1403 1416 1419 1437 1493 1498 -1
2576 146 1416 -1
2474 142 1416 1419 -1
2608 14 1419 -1
2623 108 1453 -1
2619 46 1416 -1
2646 39 1437 -1
2651 269 1416 1437 1453 -1
2653 113 1453 -1
2658 307 1498 -1
2672 13 1419 -1
2674 103 1416 -1
2699 74 1416 -1
2700 168 1453 -1
2686 156 1416 1437 -1
2702 80 1437 -1
2688 618 1416 1437 1453 1473 -1
2704 75 1437 -1
2693 149 1416 -1
2768 40 1419 -1
2774 46 1403 1416 -1
2790 173 1453 -1
2792 18 1419 -1
2654 104 1416 1453 -1
2833 7 1419 -1
2838 21 1419 -1
2839 5 1419 -1
2840 14 1419 -1
2859 139 1453 -1
2871 282 1416 1453 -1
2872 87 1437 1453 -1
2880 2 1453 -1
2883 28 1416 -1
2904 18 1416 -1
2912 33 1416 -1
2948 26 1416 1437 -1
2964 70 1437 -1
2968 55 1416 -1
2983 28 1493 -1
2988 55 1473 1493 -1
2707 103 1437 1473 -1
3015 44 1473 -1
3020 52 1416 -1
3021 7 1473 -1
3024 52 1453 -1
3026 175 1437 -1
3032 216 1453 -1
2713 200 1453 -1
3040 7 1498 -1
3041 14 1416 -1
3056 44 1493 -1
3057 48 1473 -1
3059 32 1437 1453 -1
3062 42 1416 1437 -1
3072 25 1416 -1
3073 34 1498 -1
3089 4 1437 -1
3098 37 1416 -1
3095 37 1437 -1
3106 5 1403 -1
3107 10 1453 -1
2842 124 1453 -1
3108 8 1416 -1
3144 88 1453 -1
3148 26 1473 -1
3156 1 1416 -1
3168 79 1453 -1
3175 41 1453 -1
3192 56 1453 -1
3206 1 1437 -1
3207 1 1437 -1
3352 273 1453 -1
3381 180 1403 -1
3390 60 1473 -1
3449 314 1473 -1
3452 131 1403 1473 -1
3453 319 1473 -1
3456 241 1498 -1
3457 166 1498 -1
3458 69 1473 -1
3462 54 1473 -1
3478 42 1473 -1
3488 16 1473 -1
3498 114 1473 -1
3527 64 1403 1453 -1
3541 81 1453 -1
3568 147 1453 -1
3569 42 1453 -1
3593 26 1403 -1
3614 205 1473 -1
3615 144 1453 -1
3624 64 1473 -1
3635 63 1453 -1
3636 11 1453 -1
3642 362 1473 1493 -1
3643 44 1473 -1
3647 13 1453 -1
3660 87 1453 -1
3661 36 1453 -1
3666 144 1453 -1
3682 75 1453 -1
3692 8 1473 -1
3691 95 1473 -1
3724 93 1453 -1
3571 45 1403 1453 -1
3728 85 1453 1473 -1
3770 22 1403 -1
3786 99 1453 -1
3806 45 1473 -1
3842 15 1453 -1
3854 82 1473 -1
3923 1 1453 -1
3924 5 1453 -1
3925 7 1453 -1
3960 23 1473 -1
3969 90 1403 -1
3985 32 1498 -1
4040 104 1403 -1
4045 257 1403 1473 -1
4046 89 1403 -1
4071 17 1473 -1
4200 5 1498 -1
4266 11 1473 -1
4276 52 1473 -1
4338 40 1473 -1
4451 9 1473 -1
4483 153 1498 -1
4488 50 1498 -1
4632 228 1473 1498 -1
4681 20 1498 -1
4709 25 1473 -1
4739 11 1473 -1
4824 101 1473 -1
4843 24 1473 -1
4948 214 1473 1498 -1
4967 361 1403 1473 -1
5002 115 1403 -1
5022 172 1493 -1
5079 271 1473 -1
5090 3 1403 -1
5106 33 1403 -1
5102 54 1403 -1
5103 127 1498 -1
5104 3 1473 -1
5140 51 1493 -1
4795 73 1403 1498 -1
5176 139 1473 -1
4310 278 1403 1473 -1
5179 217 1473 -1
5180 49 1473 -1
5187 31 1473 -1
5188 211 1473 -1
5189 312 1498 -1
5191 10 1473 -1
5262 59 1473 -1
5263 75 1473 -1
5276 9 1498 -1
5313 12 1473 -1
5472 16 1473 -1
5485 21 1473 -1
5489 12 1473 -1
5524 389 1403 1498 -1
5531 243 1403 1473 -1
5552 8 1473 -1
5600 8 1473 -1
5606 28 1473 -1
5616 15 1403 1473 -1
5714 44 1473 -1
5763 4 1473 -1
5764 1 1473 -1
5765 1 1473 -1
5772 15 1493 -1
5796 191 1498 -1
5800 222 1403 1498 -1
5802 385 1403 1498 -1
5811 79 1403 -1
5814 144 1403 -1
5819 61 1493 -1
5857 92 1403 -1
5859 16 1493 -1
6006 68 1498 -1
6032 80 1403 -1
6072 54 1498 -1
6241 75 1403 -1
6272 76 1403 -1
6280 52 1403 -1
6299 78 1493 -1
6305 190 1493 -1
6327 108 1403 -1
6486 85 1403 -1
6518 33 1403 -1
6522 29 1493 -1
6460 58 1498 -1
6550 9 1498 -1
6563 58 1493 -1
6596 177 1498 -1
6598 6 1403 -1
6619 104 1403 -1
6615 160 1403 -1
6624 135 1403 1498 -1
6665 29 1498 -1
6702 10 1403 -1
6714 100 1403 -1
6751 2 1493 -1
6726 12 1493 -1
6758 10 1498 -1
6620 93 1403 -1
6906 49 1403 -1
6907 191 1403 1498 -1
6916 54 1403 -1
6924 16 1498 -1
6951 47 1498 -1
6971 6 1403 -1
7052 142 1403 -1
7045 36 1498 -1
7047 161 1498 -1
7055 98 1498 -1
7057 118 1498 -1
7086 123 1403 1498 -1
7092 93 1403 -1
7104 15 1403 -1
6994 19 1403 -1
7188 14 1403 -1
7222 1 1403 -1
5143 16 1403 -1
7240 1 1403 -1
7241 21 1403 -1
7578 28 1498 -1
7650 2 1498 -1
7675 25 1498 -1
7768 11 1498 -1
7774 35 1498 -1
7882 11 1498 -1
7902 21 1498 -1
7980 15 1498 -1