11 743 2720 2727 2746 2754 2760 2763 2775 2777 2787 2794 -1
12 65 2708 -1
20 187 2774 2775 2777 -1
21 76 2727 -1
24 309 2707 2746 2754 2760 2763 -1
36 227 2775 -1
37 20 2775 -1
47 146 2754 2777 -1
53 39 2774 -1
59 94 2724 2727 -1
66 44 2799 -1
72 164 2774 2775 -1
86 122 2754 2763 2775 2799 -1
71 109 2763 2775 -1
87 195 2754 2764 2774 2790 -1
90 72 2760 -1
103 68 2775 -1
68 275 2708 2760 2764 2765 2774 2775 -1
122 213 2700 2747 2768 2799 -1
113 89 2754 -1
127 132 2747 2754 2790 -1
128 80 2768 -1
138 72 2777 -1
139 37 2790 -1
172 123 2700 2708 2724 -1
173 334 2774 2787 -1
180 54 2720 2727 2777 -1
182 79 2774 2775 2777 -1
188 3 2713 -1
199 17 2721 -1
215 100 2736 2754 -1
226 25 2775 2777 -1
237 41 2754 2763 2768 2794 -1
259 56 2770 -1
263 22 2774 -1
275 56 2790 2794 2799 -1
280 76 2775 2785 -1
291 35 2790 -1
290 71 2708 -1
306 244 2727 2747 2754 2790 -1
308 142 2774 -1
310 230 2700 2754 2794 -1
311 321 2708 2720 2763 2775 2790 -1
313 54 2763 2790 -1
317 140 2707 -1
319 199 2774 2775 -1
336 31 2727 -1
346 86 2720 2721 2724 2747 -1
356 18 2770 -1
364 14 2777 -1
383 45 2770 -1
405 19 2790 -1
407 145 2774 2775 -1
325 25 2790 -1
425 79 2700 2708 -1
457 732 2708 2727 2746 2763 2764 2765 2768 2774 2775 2785 -1
542 7 2774 -1
545 24 2708 -1
546 142 2763 -1
583 26 2763 2775 -1
582 34 2760 -1
600 214 2736 2775 -1
625 3 2774 -1
634 150 2774 -1
644 27 2790 -1
650 98 2785 -1
663 158 2700 -1
667 19 2763 -1
689 47 2736 -1
695 118 2747 2777 -1
704 81 2708 -1
706 95 2763 -1
708 51 2768 2790 -1
722 264 2707 2720 2721 2727 2754 2775 2777 2785 2787 2790 2794 2797 2799 -1
727 32 2775 2777 -1
742 93 2721 -1
697 100 2785 -1
749 66 2770 -1
759 77 2754 -1
763 68 2754 -1
766 773 2700 2707 2713 2721 2747 2754 2760 2763 2764 2765 2774 2775 2785 2787 2790 2794 -1
762 50 2790 -1
769 146 2770 2775 -1
788 113 2790 -1
784 224 2727 2746 2747 2754 2763 -1
789 317 2754 2763 2775 2777 2787 2794 -1
795 60 2775 -1
805 90 2774 -1
813 272 2707 2727 2747 2763 2790 -1
816 29 2775 -1
826 249 2708 2713 2720 2724 2785 2787 2797 -1
825 165 2700 2790 2794 2799 -1
836 26 2763 -1
838 36 2799 -1
841 61 2707 2721 2754 2763 2768 2770 -1
856 91 2700 2713 2747 2754 -1
869 11 2707 -1
879 122 2746 2760 -1
895 6 2763 -1
898 10 2764 2765 -1
904 119 2751 2754 -1
908 9 2763 -1
928 21 2707 -1
946 110 2720 2799 -1
947 27 2713 -1
956 42 2777 -1
974 36 2747 -1
975 11 2708 -1
982 47 2708 2747 -1
986 77 2763 -1
988 292 2700 2708 2713 2727 2746 2747 2754 2760 2799 -1
993 238 2708 2763 -1
994 45 2775 -1
996 297 2707 2708 2713 2754 2763 2764 2768 2774 2775 2785 2787 2794 -1
1006 138 2763 -1
1024 41 2785 -1
1034 33 2775 -1
1041 49 2747 2790 -1
1042 41 2763 2785 -1
1043 21 2787 -1
1050 44 2708 2777 -1
1055 196 2747 2774 2775 2790 -1
1062 156 2707 2727 2746 -1
872 29 2770 -1
1082 4 2708 -1
1097 88 2768 2794 -1
1098 305 2707 2721 2781 2785 2794 -1
1103 9 2708 -1
1127 62 2707 2787 -1
1129 62 2790 -1
1132 57 2787 -1
1133 399 2700 2760 2765 2775 2787 2790 -1
1135 115 2724 2794 -1
1137 135 2724 2754 2763 2768 2777 2781 2785 -1
1142 48 2781 -1
1151 472 2700 2707 2713 2747 2754 2763 2768 2775 -1
1154 2 2770 2781 -1
1165 13 2707 -1
1166 599 2700 2708 2721 2724 2736 2747 2754 2763 2774 2775 2785 2787 2790 2794 -1
1167 158 2754 2770 -1
1169 29 2754 -1
1183 9 2754 -1
1200 107 2713 2724 2754 2768 2785 2787 2794 -1
1204 61 2700 2713 -1
1210 218 2713 2785 -1
1211 79 2763 -1
1215 65 2736 -1
1221 77 2707 -1
1236 103 2727 2746 -1
1247 77 2774 2775 -1
1253 51 2770 2797 -1
1259 45 2727 2790 -1
1267 61 2707 2746 -1
1282 8 2763 2777 -1
1297 76 2727 -1
1305 290 2700 2707 2708 2713 2720 2721 2724 2727 2746 2747 2754 2763 2768 2770 2777 2794 2799 -1
1306 20 2707 -1
1319 181 2727 2746 2754 -1
1322 12 2785 -1
1354 8 2770 -1
1357 91 2727 2763 2794 -1
1365 7 2774 -1
1374 462 2713 2747 2754 2763 2764 2768 2775 2785 2787 2794 -1
1382 17 2727 -1
1384 37 2727 2751 -1
1390 32 2707 2721 -1
1395 199 2707 2760 2763 2794 -1
1416 13 2700 -1
1419 41 2720 2736 -1
1184 79 2777 2781 2787 2797 -1
1463 26 2794 -1
1466 24 2764 -1
1470 156 2747 2768 2775 2790 -1
1473 91 2763 2790 -1
1487 117 2700 -1
1492 157 2700 2713 2746 -1
1496 210 2708 2713 2727 2746 2747 2794 -1
1497 28 2763 -1
1499 12 2794 -1
1500 48 2777 2794 -1
1521 99 2727 2746 -1
1522 139 2746 2754 -1
1538 81 2774 -1
1537 68 2707 2713 2746 2790 -1
1542 244 2746 -1
1552 81 2775 -1
1553 20 2781 -1
1547 28 2768 -1
1549 587 2700 2707 2713 2721 2727 2746 2747 2754 2760 2763 2765 2774 2785 2787 2790 2794 -1
1583 87 2700 2707 2721 2754 2763 2785 2794 -1
1585 102 2763 -1
1592 30 2794 -1
1594 114 2794 -1
1608 355 2707 2721 2747 2754 2763 2794 -1
1613 15 2790 -1
1614 73 2760 2777 -1
1621 80 2763 -1
1622 50 2727 2746 -1
1625 2 2763 -1
1639 36 2775 -1
1644 48 2774 -1
1646 5 2768 -1
1658 9 2787 -1
1564 27 2713 -1
1667 55 2763 -1
1670 18 2763 2787 2797 -1
1691 50 2754 2775 -1
1697 70 2774 2790 -1
1700 93 2751 2777 2781 2785 2794 2797 -1
1705 47 2707 2721 -1
1707 34 2790 2794 -1
1709 6 2794 -1
1717 96 2736 2754 -1
1730 45 2763 -1
1734 55 2727 -1
1737 9 2799 -1
1748 76 2774 -1
1749 68 2700 2707 2713 2747 2754 2763 -1
1766 27 2777 -1
1767 97 2727 2775 2781 2794 2797 -1
1769 67 2774 2785 2794 -1
1772 141 2720 2777 2785 2794 2797 2798 -1
1783 57 2713 2746 2790 -1
1789 11 2787 -1
1792 31 2754 2777 -1
1795 44 2700 2747 -1
1799 48 2790 -1
1800 20 2774 -1
1808 129 2708 2751 2794 -1
1813 41 2746 2760 -1
1814 105 2707 2721 2724 2775 -1
1820 90 2727 2736 2754 -1
1835 73 2707 2754 2770 -1
1832 6 2746 -1
1847 47 2747 2790 -1
1848 16 2754 2763 -1
1857 8 2785 2787 -1
1875 33 2794 -1
1885 44 2713 -1
1888 36 2781 2794 -1
1891 36 2724 2770 -1
1896 51 2700 -1
1919 112 2763 2768 -1
1922 204 2707 2708 2713 2721 2724 2751 2754 2787 2790 -1
1947 15 2727 -1
1966 18 2775 -1
1964 13 2764 2765 2794 -1
1967 31 2708 2746 -1
1972 181 2700 2707 2727 2746 2747 -1
1980 47 2794 -1
1981 2 2799 -1
1991 66 2707 2768 2777 2794 -1
1794 26 2794 -1
2065 50 2736 -1
2072 121 2707 2721 2754 2777 2785 2787 2794 -1
2093 55 2707 2720 2790 -1
2102 45 2707 2790 -1
2109 47 2775 -1
2114 39 2727 -1
2115 16 2785 -1
2116 20 2721 2794 -1
2118 113 2707 2727 2774 2775 2777 -1
2120 122 2720 2724 2751 2774 2781 2797 2799 -1
2133 129 2707 2720 2721 2754 2768 2777 2781 2794 2797 -1
2135 146 2707 2747 2763 2774 2775 2790 2794 -1
2145 145 2747 2774 2775 2790 2794 -1
2156 41 2736 -1
2171 16 2708 2754 2790 -1
2172 29 2777 2794 -1
2174 65 2751 2754 2770 2775 2777 -1
2176 17 2700 -1
2186 61 2727 2747 2775 -1
2206 14 2720 2777 -1
2209 31 2720 -1
2210 17 2790 -1
2225 34 2775 -1
2226 28 2790 -1
2234 14 2724 -1
2230 49 2794 -1
2231 66 2720 2736 -1
2229 143 2700 2708 2713 2720 2724 2754 -1
2232 12 2720 2781 -1
2236 75 2700 2708 2713 2721 2724 2754 -1
2237 241 2700 2707 2746 2747 2760 2790 -1
2240 108 2746 -1
2249 38 2754 -1
2251 25 2707 2721 -1
2252 22 2747 -1
2255 31 2707 -1
2256 247 2707 2720 2736 2747 2751 2754 2763 2770 2774 2777 2781 2785 2787 2790 2794 2797 2799 -1
2257 49 2708 2764 -1
2258 95 2727 2760 2774 2775 -1
2264 58 2774 2775 2794 -1
2285 17 2713 -1
2290 120 2727 2746 2747 -1
2297 164 2727 2746 2774 2775 2794 2797 -1
2298 48 2794 2797 -1
2299 67 2700 2746 2754 2794 -1
2307 7 2746 -1
2323 111 2746 2747 2794 -1
2326 252 2727 2746 2747 2790 2799 -1
2328 215 2707 2727 2746 2747 2754 2763 2768 2774 2781 2794 -1
2332 36 2708 2754 -1
2272 31 2785 -1
2365 77 2727 2746 2754 2775 -1
2366 7 2736 -1
2368 17 2760 -1
2369 189 2785 2787 -1
2371 124 2707 2724 -1
2381 71 2790 -1
2384 72 2760 -1
2387 66 2775 -1
2398 62 2746 2790 -1
2410 34 2794 -1
2411 141 2708 2713 2724 2727 2746 2777 2790 2794 2797 2799 -1
2413 2 2747 -1
2416 37 2708 2721 2763 2781 -1
2417 7 2721 -1
2435 35 2754 2770 2781 2794 -1
2472 75 2707 2713 2754 2763 2768 2770 -1
2473 103 2707 2713 2721 2724 2751 2754 2763 2768 2794 -1
2476 35 2707 2724 -1
2485 324 2700 2713 2727 2746 2747 -1
2497 38 2720 -1
2502 30 2770 -1
2504 100 2775 2794 -1
2506 46 2727 2774 -1
2507 69 2713 2724 2794 -1
2509 11 2720 2770 -1
2510 68 2700 2707 2727 2754 2794 -1
2535 47 2775 2790 -1
2541 37 2708 2724 2799 -1
2542 93 2707 2746 2768 2787 -1
2546 34 2794 -1
2547 105 2724 2768 2777 2790 2794 2797 2799 -1
2548 12 2794 -1
2549 70 2727 2746 -1
2550 26 2794 2797 -1
899 24 2754 2768 2777 2794 -1
2555 12 2794 -1
2557 77 2707 2763 2768 2770 2777 2781 2785 2794 2797 -1
2469 3 2794 -1
2559 82 2721 2785 2794 -1
2560 180 2708 2727 2794 2799 -1
2563 2 2777 -1
2565 893 2700 2707 2708 2713 2721 2724 2727 2746 2747 2754 2763 2764 2768 2770 2775 2777 2785 2787 2790 2794 2799 -1
2576 146 2700 2713 2724 2760 2765 2768 -1
2587 12 2775 -1
2585 60 2746 2790 -1
2593 32 2727 2751 -1
2594 45 2700 2746 2751 2797 -1
2595 49 2746 2794 -1
2596 13 2790 -1
2474 142 2707 2721 2736 2763 2774 2794 -1
2605 64 2707 -1
2609 7 2720 -1
2613 25 2727 2790 -1
2617 22 2775 2794 -1
2618 53 2713 2746 2747 2751 2790 -1
2623 108 2746 2799 -1
2626 3 2763 -1
2646 39 2720 2721 -1
2647 18 2797 -1
2651 269 2707 2713 2727 2746 2747 2760 -1
2653 113 2727 2747 -1
2655 49 2775 -1
2657 44 2727 2747 2790 -1
2658 307 2727 2747 2760 2799 -1
2672 13 2720 -1
2674 103 2700 2708 2713 2775 2785 -1
2683 13 2700 -1
2699 74 2708 2713 2727 -1
2700 168 2708 2713 2727 2746 2747 2799 -1
2701 19 2708 -1
2686 156 2700 2708 2713 2724 2754 2790 2799 -1
2687 13 2708 2754 -1
2702 80 2708 2775 -1
2703 61 2700 2708 2713 2754 -1
2688 618 2700 2708 2713 2724 2727 2746 2747 2754 2760 2764 2765 2774 2775 2785 2787 2790 2799 -1
2704 75 2708 2724 -1
2660 164 2708 2713 2747 2754 2787 -1
2689 38 2700 2708 -1
2667 126 2708 2764 2765 2774 -1
2690 26 2708 2713 -1
2691 44 2700 2708 2727 -1
2692 19 2700 2708 2713 -1
2693 149 2708 2747 2774 2787 -1
2705 1 2708 -1
2706 18 2700 2708 -1
2694 18 2708 2790 -1
2695 7 2708 -1
2696 64 2708 2713 2790 -1
2697 45 2708 2775 2790 -1
2698 15 2700 2708 2799 -1
2719 21 2720 -1
2740 28 2754 2768 2785 -1
2741 1 2736 -1
2744 39 2781 2785 2787 -1
2747 79 2746 -1
2746 25 2781 -1
2752 7 2754 -1
2753 1 2754 -1
2757 5 2770 -1
2759 1 2763 -1
2760 23 2763 -1
2761 1 2763 -1
2762 3 2763 -1
2765 29 2764 -1
2768 40 2707 2721 2799 -1
2771 1 2770 -1
2769 1 2770 -1
2774 46 2775 -1
2775 35 2777 -1
2776 1 2777 -1
2778 22 2781 2787 -1
2779 1 2781 -1
2780 3 2781 -1
2782 1 2785 -1
2783 1 2785 -1
2784 1 2785 -1
2786 1 2787 -1
2789 3 2794 -1
2790 173 2700 2713 2747 2794 -1
2791 15 2794 -1
2792 18 2794 -1
2793 6 2794 -1
2796 8 2797 -1
2804 16 2747 2799 -1
2544 11 2790 -1
2822 43 2707 -1
2654 104 2713 2724 2746 -1
2838 21 2727 2746 -1
2851 44 2774 -1
2852 2 2775 -1
2855 16 2764 2774 -1
2859 139 2746 2775 2790 -1
2871 282 2700 2707 2713 2724 2746 2775 2790 -1
2872 87 2721 2727 2746 2790 -1
2900 29 2790 -1
2912 33 2724 -1
2923 35 2746 -1
2933 6 2724 -1
2939 7 2707 -1
2940 123 2700 2727 -1
2941 11 2747 -1
2950 13 2707 -1
2951 19 2760 2790 -1
2958 47 2727 2746 2790 -1
2964 70 2746 -1
2967 238 2707 2760 2775 2787 2790 -1
2968 55 2785 -1
2972 357 2746 2760 2787 -1
2974 15 2775 -1
2994 3 2707 -1
3000 43 2724 -1
3009 51 2765 2774 -1
3005 28 2700 -1
3006 31 2707 2721 -1
3010 123 2707 2721 2727 2747 2799 -1
2707 103 2787 -1
3015 44 2707 -1
3016 2 2707 -1
3017 3 2707 -1
3018 19 2707 -1
3019 1 2707 -1
3020 52 2700 2707 2713 -1
3021 7 2707 -1
3022 1 2707 -1
3024 52 2746 2747 -1
3025 4 2721 -1
3026 175 2700 2721 2747 2760 2775 -1
3027 39 2774 -1
3028 189 2799 -1
3032 216 2713 2724 2747 2754 2775 2790 -1
2713 200 2746 2747 2754 2799 -1
3046 10 2724 -1
3055 52 2746 2799 -1
3057 48 2747 2790 -1
2356 57 2727 2746 -1
3062 42 2713 2724 -1
3072 25 2724 2727 -1
3081 20 2724 -1
3084 62 2727 2746 2790 -1
3086 8 2775 -1
3090 12 2727 -1
3092 81 2700 2713 2765 -1
3098 37 2700 2713 2724 -1
3095 37 2713 2724 -1
2842 124 2700 2746 2747 2799 -1
2003 63 2727 2775 -1
3125 16 2747 -1
3144 88 2700 2713 -1
3150 10 2774 -1
3151 1 2724 -1
3152 1 2724 -1
3168 79 2760 -1
3172 13 2775 -1
3175 41 2727 -1
3180 24 2746 -1
3196 22 2700 2727 -1
3202 8 2700 -1
3209 41 2700 -1
3227 19 2790 -1
3238 28 2774 -1
3250 3 2700 -1
3252 37 2700 2727 -1
3256 19 2746 2790 -1
3258 95 2727 2775 -1
3274 69 2790 -1
3276 79 2727 2746 -1
3291 58 2727 -1
3304 31 2790 -1
3282 5 2747 2790 -1
3290 36 2746 2747 -1
3317 15 2746 -1
3352 273 2727 2746 2747 2760 2775 2785 2787 2790 -1
3366 63 2775 -1
3373 12 2746 -1
3375 43 2727 2746 -1
3380 42 2727 2790 -1
3381 180 2774 2785 -1
3394 156 2727 2746 2747 2775 2790 2799 -1
3402 122 2760 2775 2799 -1
3404 89 2727 2747 -1
3433 9 2775 -1
3443 20 2799 -1
3445 21 2775 -1
3439 88 2747 -1
3447 271 2774 2775 -1
3449 314 2760 2764 2765 2774 2775 2787 2790 -1
3450 27 2760 -1
3452 131 2760 2765 2787 2790 -1
3453 319 2760 2765 2775 2785 2790 -1
3454 148 2760 2775 2790 -1
3455 68 2775 2787 2790 -1
3456 241 2760 2775 2787 -1
3457 166 2775 2787 2790 2799 -1
3458 69 2727 -1
3459 92 2765 -1
3461 101 2760 2787 -1
3462 54 2760 -1
3463 56 2790 -1
3472 15 2775 -1
3475 1 2790 -1
3480 18 2727 2775 -1
3481 17 2799 -1
3477 53 2727 2746 2747 -1
3478 42 2775 -1
3498 114 2775 -1
3512 9 2799 -1
3519 48 2746 -1
3521 29 2790 -1
3523 28 2727 2747 -1
3527 64 2727 2785 -1
3532 5 2727 2747 -1
3536 6 2799 -1
3541 81 2727 2746 -1
3544 7 2799 -1
3555 14 2746 -1
3556 14 2727 -1
3557 10 2799 -1
3558 1 2799 -1
3562 40 2727 2746 -1
3568 147 2760 -1
3569 42 2747 -1
3583 4 2747 -1
3586 156 2774 -1
3591 13 2787 -1
3601 52 2774 -1
3597 13 2747 -1
3610 4 2747 -1
3614 205 2727 2764 2765 2775 2787 2790 -1
3615 144 2746 2760 -1
3622 22 2727 2747 -1
3624 64 2746 -1
3629 4 2727 -1
3630 32 2746 -1
3631 91 2790 -1
3633 48 2746 -1
3634 82 2764 -1
3635 63 2746 2760 -1
3636 11 2774 -1
3639 12 2760 -1
3641 212 2746 2790 -1
3642 362 2765 2774 2775 -1
3643 44 2790 -1
3645 40 2746 -1
3658 39 2774 -1
3659 38 2727 -1
3661 36 2746 -1
3666 144 2775 -1
3674 2 2747 -1
3675 1 2747 -1
3676 1 2747 -1
3677 2 2747 -1
3678 17 2727 -1
3724 93 2746 -1
3728 85 2774 2785 -1
3729 11 2775 2790 -1
3731 15 2727 -1
3748 30 2790 -1
3766 9 2790 -1
3770 22 2746 -1
3786 99 2746 2774 -1
3787 232 2727 2774 2785 2790 -1
3792 27 2727 -1
3796 113 2760 2775 2787 -1
3806 45 2775 2790 -1
3812 53 2746 -1
3813 94 2775 -1
3814 47 2746 -1
3854 82 2764 -1
3902 43 2760 2790 -1
3912 17 2746 -1
3920 6 2785 -1
3947 3 2746 -1
3949 30 2746 -1
3956 85 2760 -1
3961 16 2746 -1
3965 89 2774 2790 -1
3969 90 2774 2785 2790 -1
3976 145 2775 2790 -1
3977 14 2790 -1
3982 20 2775 -1
3985 32 2775 -1
3997 1 2746 -1
3998 2 2746 -1
3999 2 2746 -1
4000 4 2746 -1
4001 28 2746 -1
3898 2 2746 -1
4036 147 2775 2787 -1
4040 104 2765 2790 -1
4045 257 2765 2775 2785 2787 -1
4046 89 2785 2787 2790 -1
4056 23 2787 2790 -1
4059 4 2775 -1
4065 131 2760 2775 2787 -1
4070 111 2775 -1
4072 29 2760 2790 -1
4073 115 2765 2775 2790 -1
4074 33 2760 -1
4099 155 2774 2775 2790 -1
4076 86 2790 -1
4123 25 2790 -1
4124 50 2790 -1
4138 64 2764 -1
4144 76 2774 2775 2790 -1
4150 16 2775 -1
4151 84 2760 2775 -1
4152 43 2790 -1
4211 65 2790 -1
4212 53 2775 2785 -1
4219 112 2760 2790 -1
4222 41 2790 -1
4224 17 2790 -1
4338 40 2775 -1
4335 32 2785 -1
4364 39 2774 -1
4441 202 2775 2787 2790 -1
4483 153 2765 -1
4489 15 2775 -1
4496 3 2775 -1
4511 15 2790 -1
4531 14 2760 2775 -1
4536 81 2790 -1
4547 45 2760 2775 -1
4550 100 2764 -1
4564 33 2790 -1
4567 2 2790 -1
4586 9 2790 -1
4592 6 2775 -1
4600 15 2760 -1
4602 2 2760 -1
4601 1 2760 -1
4626 5 2775 -1
4487 31 2775 -1
4632 228 2774 -1
4673 96 2774 -1
4682 14 2790 -1
4686 57 2775 -1
4688 59 2775 2787 -1
4718 46 2785 -1
4721 2 2790 -1
4720 1 2790 -1
4712 121 2774 -1
4725 36 2787 -1
4751 4 2775 -1
4813 46 2764 -1
4824 101 2775 -1
4829 78 2785 -1
4832 7 2775 -1
4859 30 2775 -1
4894 79 2764 -1
4899 169 2774 -1
4937 17 2787 -1
4948 214 2764 2785 2787 -1
4966 25 2764 -1
4967 361 2764 2765 2774 2775 2785 -1
2346 4 2764 -1
4980 16 2774 -1
4981 53 2787 -1
4982 43 2775 -1
5003 2 2775 -1
5006 28 2775 -1
5008 27 2775 -1
5012 14 2764 -1
5016 10 2775 -1
5017 9 2775 -1
5018 1 2775 -1
5022 172 2774 -1
5020 139 2785 -1
5029 26 2785 -1
5035 1 2787 -1
5036 4 2787 -1
5037 18 2787 -1
5053 52 2774 -1
5079 271 2774 -1
5102 54 2765 2785 -1
5103 127 2774 2785 -1
5110 84 2785 -1
4828 168 2774 -1
5119 18 2764 -1
5123 69 2774 2775 -1
5125 54 2774 -1
5139 11 2765 -1
5171 41 2764 -1
5173 122 2775 -1
5175 35 2764 -1
5176 139 2764 2765 -1
4310 278 2774 2775 -1
5179 217 2764 2765 2774 -1
5180 49 2765 2775 -1
5181 41 2764 -1
5184 68 2764 -1
5185 152 2774 -1
5188 211 2764 2775 2785 -1
5189 312 2764 2774 -1
5190 80 2764 -1
5191 10 2764 -1
5196 32 2774 -1
5250 14 2764 2785 -1
5263 75 2765 2775 2785 -1
5295 22 2785 -1
5317 18 2775 -1
5334 7 2785 -1
5376 1 2785 -1
5377 1 2785 -1
5378 17 2785 -1
5382 19 2764 -1
5423 48 2774 -1
5437 26 2765 -1
5457 44 2774 -1
5487 30 2764 -1
5524 389 2774 2785 -1
5531 243 2774 -1
5543 137 2765 2774 -1
5578 1 2764 -1
5579 2 2764 -1
5580 2 2764 -1
5581 2 2764 2765 -1
5582 105 2764 2774 2785 -1
5583 2 2764 2765 -1
5584 12 2764 -1
5591 27 2774 2775 -1
5612 66 2775 -1
5616 15 2775 -1
5691 49 2775 -1
5696 50 2774 -1
5697 230 2774 2785 -1
5714 44 2774 -1
5739 45 2765 -1
5775 42 2785 -1
5783 23 2775 -1
5785 2 2775 -1
5786 1 2775 -1
5787 32 2775 -1
5796 191 2774 -1
5800 222 2785 -1
5802 385 2785 -1
5811 79 2785 -1
5816 84 2774 -1
5823 12 2774 -1
5857 92 2765 -1
5940 13 2774 -1
5945 9 2765 -1
6017 2 2774 -1
6026 3 2765 -1
6093 5 2785 -1
6156 22 2774 -1
6299 78 2774 -1
6305 190 2785 -1
6317 5 2774 -1
6324 6 2774 -1
6346 17 2774 -1
6347 11 2774 -1
6348 1 2774 -1
6349 1 2774 -1
6350 1 2774 -1
6327 108 2785 -1
6443 70 2785 -1
6555 35 2785 -1
6618 91 2785 -1
6615 160 2785 -1
6665 29 2785 -1
6714 100 2785 -1
6611 15 2785 -1
6620 93 2785 -1
6913 44 2785 -1
6907 191 2785 -1
6934 65 2785 -1
7092 93 2785 -1
7099 18 2785 -1
7104 15 2785 -1
7106 4 2785 -1
7197 1 2785 -1
7198 8 2785 -1