11 743 4613 4661 4662 -1
15 50 4600 4645 4658 -1
44 44 4687 -1
53 39 4666 -1
29 150 4666 -1
66 44 4687 -1
86 122 4687 -1
87 195 4632 4687 -1
90 72 4666 -1
103 68 4666 -1
68 275 4604 4613 4631 -1
109 190 4632 4687 -1
122 213 4662 4687 -1
138 72 4661 -1
171 70 4689 -1
178 63 4646 -1
291 35 4661 4662 4666 -1
306 244 4661 -1
308 142 4687 -1
311 321 4650 -1
319 199 4632 -1
335 46 4632 -1
346 86 4661 4666 -1
371 117 4661 -1
432 157 4600 4653 4666 4687 -1
456 5 4687 -1
457 732 4600 4613 4621 4653 4666 4687 4689 -1
580 30 4653 -1
583 26 4687 -1
582 34 4605 4661 4662 4666 -1
667 19 4600 4687 -1
665 7 4687 -1
689 47 4666 -1
690 3 4600 -1
695 118 4639 -1
704 81 4661 -1
737 232 4632 -1
742 93 4605 -1
697 100 4661 4666 -1
749 66 4666 -1
759 77 4653 4666 -1
766 773 4600 4604 4613 4631 4632 4646 4653 4661 4662 4666 4687 4689 -1
788 113 4687 -1
789 317 4600 4632 4687 -1
813 272 4613 4653 -1
825 165 4678 4687 -1
841 61 4645 -1
844 45 4666 -1
852 39 4687 -1
879 122 4613 4639 4661 4662 -1
996 297 4600 4661 4666 -1
1042 41 4653 -1
1075 74 4666 -1
1098 305 4632 4666 -1
1132 57 4687 -1
1133 399 4600 4620 4621 4631 4646 4648 4662 4666 4677 -1
1137 135 4653 -1
1142 48 4631 -1
1151 472 4653 -1
1166 599 4666 -1
1267 61 4600 -1
1286 65 4613 4646 4662 -1
1285 31 4600 4687 -1
1336 8 4687 -1
1374 462 4600 4632 4653 4666 -1
1395 199 4600 -1
1184 79 4613 4631 4648 4661 -1
1470 156 4645 4687 -1
1542 244 4613 4645 4646 4661 4666 -1
1549 587 4600 4632 4646 4653 4661 4666 -1
1550 42 4613 -1
1608 355 4604 -1
1612 68 4666 -1
1614 73 4600 -1
1530 11 4632 -1
1644 48 4600 -1
1661 66 4687 -1
1678 3 4654 -1
1701 112 4600 -1
1697 70 4687 -1
1748 76 4605 -1
1799 48 4662 -1
1811 43 4632 -1
1807 8 4653 -1
1823 49 4600 -1
1835 73 4632 -1
1865 6 4666 -1
1964 13 4666 -1
1972 181 4600 4604 -1
1980 47 4662 -1
2001 39 4666 -1
2009 63 4687 -1
2010 27 4687 -1
2011 3 4687 -1
2109 47 4661 4666 -1
2135 146 4604 4661 -1
2144 23 4687 -1
2145 145 4687 -1
2174 65 4687 -1
2186 61 4604 -1
2226 28 4661 -1
2237 241 4600 4613 4653 4661 4662 4666 4687 -1
2256 247 4677 4678 -1
2258 95 4666 -1
2297 164 4604 4687 -1
2323 111 4687 -1
2328 215 4604 -1
2371 124 4653 -1
2381 71 4687 -1
2384 72 4600 4687 -1
2387 66 4600 4653 -1
2427 11 4687 -1
2437 2 4687 -1
2440 50 4646 4687 -1
2444 6 4600 -1
2451 2 4687 -1
2456 31 4689 -1
2481 8 4632 -1
2485 324 4600 4613 4653 4666 -1
2488 21 4646 -1
2542 93 4604 4687 -1
2547 105 4662 4687 -1
2557 77 4613 -1
2565 893 4600 4605 4613 4620 4631 4632 4646 4648 4653 4661 4662 4666 -1
2576 146 4613 -1
2587 12 4661 -1
2592 13 4625 -1
2605 64 4653 -1
2623 108 4666 4687 -1
2651 269 4620 4646 4648 4662 -1
2655 49 4687 -1
2658 307 4620 4632 4645 4650 4654 -1
2677 40 4666 -1
2686 156 4621 -1
2688 618 4600 4604 4620 4645 4646 4650 4653 4661 4662 4677 4687 4689 -1
2704 75 4648 -1
2660 164 4613 -1
2667 126 4600 4666 4687 -1
2693 149 4687 -1
2696 64 4653 4662 -1
2760 23 4600 -1
2765 29 4600 -1
2774 46 4646 -1
2775 35 4604 4689 -1
2811 19 4605 -1
2819 18 4600 -1
2832 50 4631 -1
2859 139 4613 4631 4648 4661 4677 -1
2871 282 4661 4662 4666 -1
2889 14 4653 4687 -1
2907 6 4605 -1
2909 57 4653 -1
2932 62 4661 -1
2935 36 4613 4661 4662 -1
2964 70 4646 -1
2967 238 4600 4613 4653 4661 4662 4666 -1
2972 357 4600 4604 4613 4625 4631 4653 4661 4662 4666 4689 -1
2988 55 4600 4653 4687 -1
2995 10 4645 -1
3009 51 4666 -1
3026 175 4600 -1
3028 189 4631 4639 4648 4650 4677 4678 4684 -1
3032 216 4653 4661 4666 -1
3035 13 4600 -1
3040 7 4689 -1
3057 48 4600 -1
3088 37 4687 -1
3094 5 4600 -1
3110 21 4645 -1
3168 79 4613 4666 -1
3172 13 4645 -1
3175 41 4653 4666 -1
3181 3 4600 -1
3192 56 4600 4646 -1
3191 68 4600 4666 -1
3208 6 4600 -1
3276 79 4613 4631 4661 -1
3315 13 4613 -1
3321 18 4600 -1
3326 18 4662 -1
3350 55 4653 4662 -1
3352 273 4613 4666 -1
3378 41 4600 -1
3381 180 4666 -1
3402 122 4600 4613 4661 4666 -1
3390 60 4653 -1
3433 9 4661 -1
3447 271 4653 4654 4661 4662 4666 4677 4678 4687 -1
3449 314 4600 4613 4631 4646 4653 4661 4662 4666 4687 -1
3450 27 4613 4646 -1
3451 98 4661 4662 4666 4684 -1
3452 131 4600 4653 4661 -1
3453 319 4600 4613 4653 4661 4662 4677 4678 -1
3454 148 4613 4661 4662 4666 -1
3455 68 4646 4661 4666 -1
3456 241 4600 4605 4613 4653 -1
3457 166 4648 -1
3459 92 4600 4653 -1
3460 22 4662 -1
3461 101 4613 4625 4631 4646 4648 4650 4658 4666 4677 4678 -1
3462 54 4613 -1
3463 56 4613 4662 -1
3472 15 4654 -1
3479 102 4600 4661 4662 -1
3498 114 4600 4653 4666 -1
3519 48 4600 -1
3522 71 4620 4631 4661 -1
3538 2 4687 -1
3568 147 4605 4653 4662 -1
3569 42 4653 -1
3586 156 4632 4687 -1
3614 205 4600 4653 4654 4666 -1
3615 144 4666 -1
3631 91 4661 -1
3634 82 4646 4666 -1
3639 12 4662 -1
3641 212 4600 4632 4645 4653 4662 4687 -1
3642 362 4604 4689 -1
3658 39 4666 -1
3666 144 4600 4653 4661 4666 -1
3728 85 4600 -1
3748 30 4653 4677 -1
3766 9 4646 -1
3785 18 4666 -1
3786 99 4666 -1
3787 232 4613 4661 4666 -1
3796 113 4613 4653 4661 4666 -1
3794 46 4653 -1
3812 53 4600 -1
3835 35 4661 -1
3843 18 4620 -1
3854 82 4653 -1
3869 5 4600 -1
3876 3 4645 -1
3902 43 4613 4646 4648 4661 4662 4666 4677 -1
3916 42 4653 -1
3917 29 4687 -1
3919 15 4687 -1
3922 7 4661 -1
3958 15 4689 -1
3965 89 4687 -1
3969 90 4645 4662 4666 -1
3976 145 4621 4631 4650 4678 4684 -1
3985 32 4661 -1
3991 7 4666 -1
4001 28 4662 4678 -1
4036 147 4600 4653 -1
4040 104 4678 -1
4041 68 4653 4687 -1
2981 44 4661 4662 -1
4044 89 4605 4613 4631 4639 4646 4648 4650 4666 4677 4678 -1
4045 257 4613 4646 4661 4666 4687 4689 -1
4046 89 4661 4666 4678 -1
4063 27 4689 -1
4077 77 4613 4666 -1
4065 131 4604 4613 4620 4666 -1
4070 111 4645 -1
4072 29 4621 -1
4073 115 4687 -1
4099 155 4645 4661 4662 4666 4677 -1
4076 86 4662 -1
4138 64 4600 4653 4666 -1
4142 37 4646 -1
4151 84 4600 4613 4662 4666 -1
4152 43 4613 4666 -1
4189 11 4666 -1
3995 57 4645 4653 -1
4211 65 4661 4662 4666 -1
4212 53 4631 4639 4666 -1
4219 112 4600 4613 4620 4661 4662 4678 -1
4222 41 4646 4666 -1
4224 17 4605 4661 -1
4221 42 4653 -1
4261 24 4661 4662 4677 -1
4269 3 4661 -1
4266 11 4687 -1
4273 23 4613 -1
4276 52 4600 -1
4315 29 4654 4666 -1
4329 12 4666 -1
4338 40 4600 -1
4335 32 4645 4653 -1
4347 55 4613 -1
4353 80 4600 -1
4355 50 4600 4653 4654 -1
4361 6 4666 -1
4363 22 4666 -1
4366 2 4687 -1
4369 2 4632 -1
4377 11 4661 -1
4379 5 4661 -1
4426 5 4613 4666 -1
4429 12 4661 -1
4430 6 4620 4621 -1
4433 24 4661 4662 4666 -1
4435 3 4666 -1
4437 70 4613 4646 4661 4666 -1
4440 6 4613 -1
4441 202 4613 4620 4687 4689 -1
4442 18 4600 -1
4446 2 4661 -1
4448 36 4648 -1
4455 22 4631 -1
4485 12 4661 -1
4483 153 4653 -1
4486 20 4631 -1
4489 15 4661 -1
4511 15 4661 -1
4527 14 4645 -1
4530 9 4678 -1
4534 19 4648 -1
4536 81 4653 4666 -1
4547 45 4613 4648 4666 -1
4550 100 4600 4653 4666 -1
4560 3 4661 -1
4564 33 4613 -1
4587 27 4662 -1
4588 11 4661 -1
4603 1 4605 -1
4604 7 4605 -1
4612 1 4613 -1
4618 4 4646 -1
4619 1 4620 -1
4487 31 4666 -1
4632 228 4621 4653 4666 -1
4633 12 4666 -1
4638 1 4639 -1
4645 1 4646 -1
4652 8 4653 -1
4653 114 4600 4625 4631 4632 4645 4661 -1
4661 19 4662 -1
4662 46 4666 -1
4663 10 4661 -1
4664 6 4666 -1
4666 24 4687 -1
4672 2 4666 -1
4667 1 4666 -1
4673 96 4604 4654 4666 4677 4687 4689 -1
4668 1 4666 -1
4669 13 4666 -1
4670 1 4666 -1
4671 7 4625 4666 -1
4674 3 4666 -1
4682 14 4661 -1
4686 57 4645 4653 4661 -1
4687 23 4661 -1
4688 59 4661 4662 -1
4689 1 4661 -1
4717 62 4666 -1
4718 46 4653 -1
4739 11 4600 -1
4746 18 4654 -1
4756 34 4653 -1
4792 62 4653 4666 -1
4813 46 4632 4687 4689 -1
4824 101 4600 4653 -1
4829 78 4600 -1
4838 2 4600 -1
4840 4 4600 -1
4843 24 4600 -1
4844 2 4600 -1
4846 34 4600 4632 4653 -1
4849 2 4600 -1
4850 3 4600 -1
4851 3 4600 -1
4854 2 4600 -1
4894 79 4600 4653 -1
4899 169 4600 4654 4689 -1
4910 2 4687 -1
4948 214 4600 4653 4666 -1
4952 3 4600 -1
4964 60 4604 4653 -1
4967 361 4600 4604 4625 4653 4666 4687 4689 -1
4938 12 4600 -1
4973 8 4654 -1
4974 44 4653 -1
4981 53 4604 -1
4982 43 4653 4654 -1
4992 4 4632 -1
4864 4 4632 -1
5002 115 4604 4632 4653 -1
5011 10 4687 -1
5012 14 4666 -1
5022 172 4604 4687 4689 -1
5020 139 4653 4666 -1
5028 43 4653 -1
5029 26 4600 4653 -1
5036 4 4654 -1
5053 52 4632 -1
5059 26 4666 -1
5060 3 4653 -1
5064 1 4654 -1
5065 1 4654 -1
5079 271 4625 4631 4653 4666 4687 -1
5103 127 4604 4666 -1
5110 84 4645 4687 -1
4828 168 4621 4666 -1
5125 54 4687 -1
5050 11 4653 -1
5139 11 4645 -1
5140 51 4604 4689 -1
5142 4 4653 -1
5151 3 4645 -1
5152 4 4645 -1
5153 5 4645 -1
5154 3 4645 -1
5155 24 4645 -1
5162 5 4600 4666 -1
5166 48 4600 4604 -1
5171 41 4653 -1
5174 6 4653 -1
5175 35 4653 4666 -1
4795 73 4653 4666 -1
5176 139 4600 4631 4653 4666 -1
4310 278 4600 4632 4653 4666 4687 -1
5179 217 4600 4653 4666 4687 -1
5181 41 4600 4631 4653 -1
5184 68 4600 4653 -1
5188 211 4600 4604 4653 4666 4689 -1
5189 312 4600 4631 4653 4687 -1
5190 80 4600 4653 4666 -1
5194 10 4653 -1
5200 15 4632 -1
5203 15 4653 -1
5207 13 4631 -1
5246 44 4687 -1
5262 59 4625 -1
5263 75 4600 4666 -1
5301 61 4653 -1
5312 9 4653 -1
5313 12 4600 -1
5342 30 4632 -1
5344 3 4653 -1
5382 19 4666 -1
5391 37 4687 -1
5400 4 4600 -1
5423 48 4687 -1
5427 37 4653 -1
5439 66 4687 -1
5448 3 4687 -1
5474 8 4600 4653 -1
5478 9 4600 -1
5482 12 4600 4653 -1
5483 1 4600 -1
5484 22 4600 4653 -1
5485 21 4600 -1
5486 1 4600 -1
5487 30 4600 4666 -1
5488 1 4600 -1
5489 12 4600 -1
5490 1 4600 -1
5491 1 4600 -1
5462 19 4631 -1
5499 3 4666 -1
5515 7 4666 -1
5524 389 4604 4632 4666 4689 -1
5527 2 4689 -1
5531 243 4604 4632 4689 -1
5534 14 4653 -1
5550 11 4689 -1
5552 8 4687 -1
5553 46 4653 -1
5571 1 4666 -1
5572 1 4666 -1
5573 1 4666 -1
5582 105 4666 -1
5591 27 4687 -1
5612 66 4687 -1
5623 2 4653 -1
5396 12 4625 -1
5624 28 4625 -1
5630 36 4653 -1
5655 139 4653 -1
5656 5 4653 -1
5657 2 4653 -1
5658 10 4653 -1
5659 1 4653 -1
5660 2 4653 -1
5661 3 4653 -1
5696 50 4604 -1
5697 230 4604 4666 4687 4689 -1
5714 44 4687 -1
5771 9 4632 -1
5794 1 4625 -1
5796 191 4604 4689 -1
5800 222 4666 -1
5802 385 4604 4632 4666 4689 -1
5808 6 4687 -1
5810 29 4604 -1
5812 41 4687 -1
5816 84 4604 4666 4687 4689 -1
5817 75 4632 4687 -1
5818 67 4689 -1
5819 61 4689 -1
5857 92 4604 -1
5872 27 4632 -1
5590 5 4687 -1
5934 42 4604 -1
5998 81 4604 4666 -1
6094 11 4604 -1
6156 22 4632 4687 -1
6207 4 4687 -1
6241 75 4632 -1
6243 35 4604 -1
6270 88 4687 -1
6272 76 4666 -1
6305 190 4687 -1
6346 17 4604 -1
5995 2 4687 -1
6359 81 4604 -1
6360 35 4687 -1
6327 108 4689 -1
6410 1 4687 -1
6411 1 4687 -1
6412 1 4687 -1
6413 1 4687 -1
6504 7 4604 -1
6460 58 4689 -1
6555 35 4632 -1
6561 3 4604 -1
6572 1 4689 -1
6573 1 4689 -1
6596 177 4604 -1
6618 91 4666 -1
6619 104 4666 -1
6613 9 4666 -1
6615 160 4666 -1
6624 135 4632 -1
6627 50 4632 -1
6714 100 4632 -1
6620 93 4666 -1
6900 31 4632 -1
6913 44 4666 -1
6914 95 4632 -1
6907 191 4632 -1
6991 18 4666 -1
6993 81 4632 -1
7052 142 4632 -1
7055 98 4632 -1
7057 118 4632 -1
7079 1 4666 -1
7080 70 4666 -1
6946 68 4632 -1
7086 123 4632 -1
7092 93 4632 -1
7117 7 4632 -1
7231 101 4632 -1
7236 23 4632 -1
7239 21 4632 -1
7171 9 4632 -1
7379 7 4632 -1
7518 3 4632 -1