11 743 5802 -1
20 187 5814 5818 -1
24 309 5818 5863 -1
36 227 5804 5822 5897 -1
53 39 5804 -1
27 102 5844 -1
87 195 5804 -1
99 24 5812 -1
103 68 5800 5822 5872 -1
68 275 5806 5814 5839 5848 5860 5863 5886 -1
109 190 5800 5802 5804 5818 5819 5822 5824 5827 5829 5839 5871 -1
113 89 5886 -1
136 99 5824 5844 5871 5872 -1
143 94 5800 5822 -1
154 61 5886 -1
178 63 5804 -1
166 93 5800 -1
259 56 5828 -1
310 230 5844 -1
311 321 5897 -1
317 140 5802 -1
319 199 5806 5897 -1
335 46 5886 5887 -1
395 42 5818 5872 -1
406 34 5822 -1
407 145 5817 -1
425 79 5800 5811 5835 -1
434 6 5897 -1
457 732 5800 5801 5802 5804 5806 5809 5811 5812 5814 5817 5818 5822 5827 5829 5830 5832 5844 5850 5860 5871 5872 5886 5891 5897 -1
546 142 5800 5807 5871 -1
600 214 5829 -1
634 150 5814 5818 5827 -1
663 158 5806 5887 -1
695 118 5897 -1
737 232 5800 5802 5807 5814 5822 5824 5827 5887 -1
766 773 5800 5802 5806 5814 5817 5818 5822 5827 5828 5829 5835 5837 5839 5844 5848 5871 5872 5897 -1
769 146 5804 5828 -1
788 113 5814 -1
789 317 5804 5817 5897 -1
791 41 5804 5811 -1
813 272 5848 -1
825 165 5817 5828 -1
879 122 5800 5829 -1
967 16 5819 -1
974 36 5822 -1
988 292 5819 5887 -1
996 297 5828 5863 -1
1035 12 5817 -1
1055 196 5863 -1
1063 29 5844 -1
1074 95 5818 5824 5827 5829 5871 -1
1098 305 5800 5806 5807 5811 5812 5814 5819 5822 5829 5897 -1
1133 399 5812 5817 5848 5863 5886 -1
1142 48 5886 -1
1151 472 5818 5822 5828 5839 5848 5872 5897 -1
1166 599 5800 5806 5811 5814 5824 5828 5860 5863 5872 -1
1207 26 5832 -1
1210 218 5804 5818 5822 -1
1215 65 5886 -1
1247 77 5817 -1
1253 51 5828 -1
1286 65 5818 5844 -1
1285 31 5818 -1
1335 62 5828 5850 -1
1375 4 5886 -1
1374 462 5807 5814 5817 5828 5837 5839 5844 5871 5886 5891 5897 -1
1462 48 5828 5872 -1
1463 26 5822 -1
1471 72 5897 -1
1492 157 5844 -1
1496 210 5863 -1
1542 244 5800 5850 5886 5891 -1
1549 587 5817 5822 5844 5872 5897 -1
1608 355 5822 5897 -1
1612 68 5811 5814 -1
1614 73 5848 -1
1530 11 5828 -1
1621 80 5839 -1
1645 2 5886 -1
1661 66 5811 5817 -1
1667 55 5844 5872 -1
1701 112 5828 -1
1697 70 5817 -1
1700 93 5886 -1
1722 14 5818 -1
1748 76 5817 5887 -1
1762 47 5811 5829 5871 -1
1789 11 5824 -1
1795 44 5814 -1
1796 38 5814 5871 -1
1799 48 5804 5814 -1
1811 43 5891 -1
1814 105 5819 -1
1823 49 5804 5819 -1
1835 73 5828 -1
1847 47 5827 -1
1865 6 5814 -1
1915 33 5891 -1
1972 181 5827 -1
1982 29 5839 -1
1984 7 5817 -1
1985 56 5817 -1
2001 39 5828 5863 5886 -1
2010 27 5839 -1
2115 16 5828 -1
2118 113 5886 -1
2129 44 5891 -1
2145 145 5800 5811 5827 5828 5837 -1
2160 26 5829 -1
2186 61 5848 -1
2226 28 5800 -1
2237 241 5844 5848 5886 -1
2240 108 5814 5827 5871 -1
2257 49 5806 -1
2258 95 5804 5828 5863 5891 -1
2297 164 5828 -1
2299 67 5814 5827 5829 -1
2323 111 5817 -1
2328 215 5800 5806 5814 5822 5829 -1
2369 189 5811 5886 -1
2376 26 5822 -1
2387 66 5848 5886 -1
2440 50 5819 -1
2452 42 5800 5811 5814 5839 -1
2485 324 5804 5806 5818 5872 -1
2502 30 5828 -1
2504 100 5828 5886 -1
2516 44 5814 5827 5844 5863 -1
2535 47 5817 -1
2542 93 5828 -1
2549 70 5828 -1
2564 50 5848 -1
2565 893 5800 5802 5806 5807 5811 5812 5814 5817 5818 5822 5829 5835 5839 5871 5872 5887 5897 -1
2576 146 5802 5814 5819 -1
2585 60 5891 -1
2623 108 5817 -1
2620 24 5800 5829 5871 -1
2651 269 5819 5844 5848 -1
2653 113 5817 -1
2658 307 5800 5806 5811 5812 5817 5835 5872 5887 5897 -1
2674 103 5804 5828 -1
2677 40 5800 5807 5822 -1
2702 80 5828 5863 -1
2688 618 5800 5814 5817 5824 5827 5828 5829 5837 5844 5848 5860 5863 5871 5872 5886 5891 -1
2704 75 5850 -1
2660 164 5828 5837 5863 -1
2689 38 5886 5891 -1
2667 126 5804 5886 5891 -1
2691 44 5817 5828 -1
2693 149 5804 5818 5891 -1
2744 39 5860 5872 -1
2760 23 5828 5850 -1
2774 46 5828 -1
2775 35 5886 -1
2778 22 5812 -1
2831 39 5827 -1
2871 282 5817 -1
2909 57 5886 -1
2932 62 5828 -1
2940 123 5806 5872 -1
2972 357 5814 5817 5818 5822 5844 5848 -1
3000 43 5800 5802 5806 5811 -1
3010 123 5829 5871 -1
3015 44 5814 5830 5844 -1
3024 52 5817 -1
3027 39 5863 5871 -1
3032 216 5822 5828 5863 -1
3073 34 5897 -1
3084 62 5818 -1
3092 81 5817 -1
2003 63 5801 5819 -1
3142 49 5812 -1
3150 10 5828 -1
3227 19 5822 -1
3238 28 5814 5839 -1
3258 95 5824 -1
3320 5 5806 -1
3326 18 5817 -1
3348 25 5806 -1
3352 273 5817 -1
3366 63 5817 -1
3381 180 5800 5804 5806 5814 5818 5819 5822 5827 5835 5871 5872 5897 -1
3393 10 5897 -1
3394 156 5882 5891 -1
3402 122 5817 -1
3404 89 5839 5844 5886 5891 -1
3439 88 5827 -1
3447 271 5800 5804 5811 5814 5818 5819 5827 5829 5844 5871 5886 -1
3449 314 5804 5814 5828 5837 5844 5848 5850 5863 5886 5891 -1
3450 27 5817 -1
3452 131 5844 -1
3453 319 5800 5802 5804 5811 5817 5822 5827 5829 5844 5871 5886 5891 -1
3455 68 5817 -1
3456 241 5800 5822 5827 5828 5829 5839 5844 5848 5897 -1
3457 166 5800 5827 -1
3458 69 5804 5897 -1
3459 92 5809 5811 5830 5839 5844 5871 5886 -1
3460 22 5819 5829 -1
3462 54 5817 -1
3463 56 5817 -1
3469 23 5844 -1
3479 102 5844 5872 -1
3478 42 5814 5829 5850 -1
3492 3 5814 -1
3498 114 5828 5837 5844 5863 -1
3521 29 5844 5886 -1
3522 71 5818 -1
3568 147 5844 5848 5863 -1
3569 42 5814 -1
3586 156 5800 5804 5806 5811 5814 5819 5827 5839 5872 5886 -1
3593 26 5848 -1
3600 12 5811 -1
3614 205 5802 5804 5818 5828 5837 5844 5848 -1
3615 144 5804 5817 -1
3631 91 5817 -1
3634 82 5800 5806 5812 5817 5863 5886 -1
3641 212 5800 5802 5811 5818 5829 5848 5871 -1
3642 362 5800 5802 5804 5814 5818 5824 5827 5828 5829 5837 5844 5848 5860 5871 5872 5886 5891 -1
3666 144 5817 5828 5863 -1
3691 95 5800 5835 -1
3571 45 5801 5814 5818 5872 -1
3728 85 5828 -1
3748 30 5848 -1
3679 2 5886 -1
3764 10 5807 -1
3786 99 5828 5863 -1
3787 232 5800 5804 5811 5814 5817 5828 5863 -1
3796 113 5828 5844 5848 5886 5891 -1
3794 46 5818 5848 -1
3806 45 5814 -1
3813 94 5863 5882 -1
3900 3 5818 -1
3956 85 5804 5871 5886 -1
3965 89 5802 5819 5822 -1
3976 145 5800 5817 5860 5872 5886 -1
3978 2 5818 -1
4013 21 5829 5863 -1
4036 147 5814 5819 5827 5828 5835 5897 -1
4040 104 5839 -1
4041 68 5829 5844 5886 -1
2981 44 5886 -1
4045 257 5814 5818 5822 5827 5844 5848 5886 5891 -1
4046 89 5801 5811 5814 -1
4065 131 5800 5871 -1
4070 111 5828 5863 5872 -1
4073 115 5891 -1
4082 15 5837 5848 5863 -1
4099 155 5800 5818 5827 5828 5871 5886 5897 -1
4076 86 5804 -1
4144 76 5850 5863 5886 -1
4151 84 5817 5818 5844 -1
4191 20 5848 -1
3995 57 5827 5848 5886 5891 -1
4211 65 5800 -1
4219 112 5800 5817 -1
4222 41 5817 -1
4223 7 5850 -1
4221 42 5818 5871 -1
4297 38 5811 5818 5819 5839 5871 -1
4307 3 5817 -1
4347 55 5819 -1
4353 80 5844 5886 -1
4364 39 5817 -1
4383 4 5807 -1
4422 15 5829 -1
4428 12 5848 -1
4432 8 5814 5818 -1
4437 70 5806 5897 -1
4441 202 5804 5812 5837 5844 5848 5863 -1
4447 14 5818 5860 5872 -1
4483 153 5800 5802 5804 5806 5811 5829 5839 5863 5871 -1
4488 50 5800 5817 5819 -1
4536 81 5802 -1
4550 100 5817 5891 -1
4574 40 5828 -1
4587 27 5844 -1
4598 71 5800 5824 5829 5839 5863 5871 -1
4487 31 5817 -1
4632 228 5800 5804 5807 5819 5827 5872 5886 5891 -1
4640 2 5817 -1
4653 114 5844 -1
4661 19 5804 5822 -1
4662 46 5897 -1
4666 24 5850 -1
4673 96 5804 5827 -1
4669 13 5800 5801 -1
4687 23 5824 -1
4715 11 5844 -1
4717 62 5829 -1
4718 46 5844 5886 -1
4721 2 5817 -1
4712 121 5800 5811 -1
4737 3 5838 -1
4739 11 5863 -1
4764 53 5800 5801 5818 5844 -1
4781 27 5828 -1
4788 20 5829 -1
4792 62 5829 5871 -1
4798 4 5807 -1
4818 28 5814 -1
4824 101 5828 5837 5844 5848 5886 5891 -1
4829 78 5800 5802 5818 5839 -1
4843 24 5828 5850 -1
4879 28 5806 5835 5872 -1
4882 3 5817 -1
4894 79 5844 5872 -1
4899 169 5812 5819 5827 5844 5863 5886 5897 -1
4948 214 5800 5806 5812 5817 5819 5839 5844 5872 -1
4964 60 5819 5844 5886 -1
4967 361 5802 5804 5807 5814 5818 5822 5827 5828 5829 5837 5844 5848 5863 5871 5880 5886 5891 -1
4974 44 5844 5872 5886 -1
4976 23 5886 -1
4981 53 5807 -1
4982 43 5817 -1
4994 19 5800 5897 -1
5002 115 5800 5802 5806 5814 5822 5827 5844 5872 -1
5009 14 5848 -1
5022 172 5807 5809 5814 5818 5824 5829 5863 5886 5891 -1
5020 139 5817 5850 5860 5872 -1
5028 43 5814 5839 -1
5053 52 5835 5897 -1
5061 13 5850 -1
5079 271 5801 5802 5811 5812 5814 5817 5824 5827 5828 5829 5837 5844 5871 5872 5886 5891 -1
5085 4 5880 -1
5102 54 5812 5814 5818 -1
5103 127 5804 5814 5839 -1
5110 84 5802 5804 5886 5891 -1
4828 168 5806 5811 5818 5829 5871 5872 -1
5123 69 5814 5824 5891 -1
5125 54 5828 5837 5850 5863 -1
5139 11 5886 -1
5140 51 5827 5844 5886 -1
5164 2 5872 -1
5166 48 5806 5814 -1
5171 41 5844 5886 -1
5172 29 5828 5832 -1
5173 122 5800 5806 5812 5839 -1
4795 73 5814 5839 5872 5891 -1
5176 139 5872 5886 5891 -1
5177 101 5800 5804 5809 5827 5839 5871 -1
5178 19 5811 -1
4310 278 5800 5804 5806 5807 5811 5814 5818 5822 5824 5839 5844 5848 5871 5872 5886 -1
5179 217 5800 5802 5804 5807 5814 5871 -1
5180 49 5837 5844 5848 5863 5886 5891 -1
5181 41 5827 5837 5844 5848 5863 -1
5182 14 5828 5848 5863 -1
5184 68 5891 -1
5185 152 5800 5802 5804 5818 5827 5829 5871 5897 -1
5187 31 5828 5844 5848 5860 5863 5886 5891 -1
5188 211 5802 5804 5814 5818 5822 5827 5828 5829 5837 5844 5848 5863 5871 5886 5891 5897 -1
5189 312 5800 5804 5806 5809 5812 5817 5819 5824 5829 5830 5837 5839 5844 5863 5872 5886 5891 -1
5190 80 5817 5828 -1
5196 32 5802 5804 5871 -1
5199 22 5819 5829 -1
5200 15 5897 -1
5207 13 5814 -1
5226 17 5886 -1
5233 24 5818 -1
5243 19 5809 -1
5246 44 5827 5839 -1
5254 33 5807 5822 5839 -1
5262 59 5809 5814 5828 5837 5848 5850 5863 5872 -1
5263 75 5828 5837 5844 5848 5850 5860 5863 5872 5886 -1
5295 22 5839 -1
5301 61 5804 5806 5827 5897 -1
5316 24 5844 -1
5321 32 5860 5872 -1
5332 6 5891 -1
5342 30 5886 -1
5264 7 5817 5828 -1
5378 17 5812 -1
5423 48 5804 -1
5427 37 5844 5848 5891 -1
5437 26 5828 5844 5848 5863 5886 5891 -1
5439 66 5800 5818 5829 -1
5445 63 5828 5839 5850 5891 -1
5446 26 5806 -1
5452 17 5822 -1
5457 44 5828 5891 -1
5472 16 5863 -1
5478 9 5886 -1
5479 28 5863 5886 -1
5482 12 5828 5850 -1
5485 21 5886 -1
5489 12 5812 -1
5524 389 5800 5802 5804 5811 5812 5814 5818 5819 5822 5827 5829 5835 5839 5871 5872 5886 5897 -1
5531 243 5800 5802 5804 5806 5814 5818 5827 5829 5871 5886 5897 -1
5534 14 5882 -1
5193 18 5863 5872 -1
5543 137 5800 5804 5806 5807 5818 5822 5872 5897 -1
5553 46 5863 5887 -1
5582 105 5802 5822 5824 5829 -1
5591 27 5814 -1
5596 30 5800 5822 5850 5871 5886 -1
5604 7 5871 -1
5606 28 5828 5830 5832 5837 5844 5848 5872 -1
5612 66 5828 5848 5863 -1
5617 22 5800 -1
5396 12 5838 -1
5624 28 5809 5848 -1
5630 36 5824 -1
5644 21 5863 -1
5655 139 5806 5822 5829 5844 5863 5887 -1
5656 5 5838 -1
5658 10 5812 -1
5662 4 5886 -1
5691 49 5828 5830 5837 5844 5848 5860 5863 5872 5886 5891 -1
5696 50 5804 5824 -1
5697 230 5800 5802 5804 5807 5814 5818 5819 5822 5827 5828 5829 5837 5844 5848 5860 5863 5871 5872 5886 5891 -1
5702 10 5897 -1
5707 4 5891 -1
5709 11 5811 -1
5714 44 5804 5818 5828 -1
5738 14 5822 -1
5739 45 5800 5802 5829 5848 5871 5872 -1
5761 9 5800 -1
5770 6 5891 -1
5775 42 5800 -1
5772 15 5800 5811 5829 -1
5773 75 5800 5811 5814 5828 -1
5776 14 5872 -1
5783 23 5844 5848 5863 -1
5788 5 5802 -1
5796 191 5800 5802 5804 5807 5814 5818 5822 5827 5829 5871 5897 -1
5798 12 5804 -1
5800 222 5802 5806 5807 5812 5814 5818 5819 5822 5824 5827 5835 5839 5871 5897 -1
5801 2 5817 -1
5802 385 5800 5804 5806 5807 5811 5814 5819 5822 5824 5827 5829 5835 5839 5871 5872 5887 5897 -1
5806 83 5800 5811 5872 -1
5804 33 5801 5871 -1
5808 6 5804 -1
5809 21 5814 -1
5811 79 5800 5801 5818 -1
5812 41 5800 5814 5818 -1
5814 144 5800 5802 5806 5811 5812 5818 5827 5835 5863 5871 5887 5891 5897 -1
5817 75 5800 5811 5814 5886 -1
5818 67 5804 5814 5829 5871 -1
5819 61 5828 5832 5880 5886 -1
5820 20 5839 -1
5821 22 5872 -1
5822 98 5800 5819 5829 5839 5872 -1
5824 41 5800 5814 5818 5828 5830 5848 -1
5827 15 5828 -1
5829 12 5830 5891 -1
5833 1 5837 -1
5834 6 5837 -1
5839 41 5827 5829 5838 5871 -1
5836 11 5844 5886 -1
5846 3 5848 5850 -1
5855 8 5891 -1
5857 92 5806 5818 5827 5886 5891 -1
5859 16 5860 5891 -1
5861 2 5863 -1
5862 24 5863 5886 5891 -1
5872 27 5806 5812 -1
5873 6 5886 5891 -1
5877 7 5886 5891 -1
5883 2 5886 -1
5884 2 5886 -1
5885 3 5886 5891 -1
5887 1 5891 -1
5888 1 5891 -1
5889 1 5891 -1
5890 5 5891 -1
5590 5 5817 -1
5892 2 5817 -1
5908 19 5812 -1
5915 52 5839 -1
5871 50 5800 5811 5827 5829 5839 -1
5932 33 5824 5871 5872 -1
5934 42 5800 5802 5871 -1
5961 11 5804 -1
5980 8 5897 -1
5998 81 5800 5806 5814 5822 5835 -1
6006 68 5804 5812 -1
6023 30 5814 -1
6032 80 5800 5806 -1
6038 6 5829 -1
6047 4 5800 -1
6049 3 5811 -1
6072 54 5806 5818 5819 -1
6097 26 5806 5814 5872 -1
6094 11 5814 -1
6121 2 5814 -1
6126 11 5829 -1
6001 5 5871 -1
6134 7 5814 -1
6146 9 5804 -1
6170 14 5824 5871 -1
6174 10 5818 -1
6184 2 5822 -1
6198 14 5822 5829 -1
6204 12 5800 5818 -1
6213 3 5824 -1
6218 53 5806 5807 5811 5814 5897 -1
6221 31 5814 5835 -1
6232 3 5804 -1
6241 75 5806 5814 5822 5872 -1
6243 35 5800 5829 5839 5871 5872 -1
6270 88 5800 5811 5814 5829 -1
6272 76 5800 5806 5811 5819 5822 5827 5839 5871 -1
6280 52 5800 5806 5897 -1
6295 3 5814 -1
6299 78 5802 5804 5806 5814 5829 5897 -1
6305 190 5801 5814 5824 5827 5829 5887 -1
6320 23 5804 -1
6323 44 5800 5811 5829 -1
6344 2 5827 -1
6359 81 5802 5814 5822 5827 5829 5871 -1
6360 35 5804 -1
6374 1 5804 -1
6375 1 5804 -1
6377 17 5829 5871 -1
6327 108 5800 5807 5814 5818 5822 5824 5827 5829 -1
6398 29 5814 5871 -1
6422 11 5822 -1
6421 23 5807 5829 5839 -1
6443 70 5800 -1
6447 12 5824 -1
6458 28 5818 -1
6483 28 5827 -1
6484 10 5822 -1
6486 85 5800 5806 5811 5814 5872 -1
6487 4 5802 -1
6488 22 5800 5871 -1
6491 4 5802 5824 -1
6492 2 5802 -1
6494 101 5800 5806 5811 5814 5897 -1
6501 17 5827 -1
6504 7 5827 -1
6510 54 5800 -1
6518 33 5814 5872 -1
6522 29 5829 5871 -1
6523 33 5800 5839 -1
6524 8 5807 -1
6525 17 5811 5829 -1
6526 11 5829 5871 -1
6460 58 5800 5819 5839 -1
6550 9 5812 -1
6555 35 5811 5814 -1
6560 43 5800 5811 5818 5839 -1
6123 24 5822 5871 -1
6570 4 5872 -1
6563 58 5814 5897 -1
6552 29 5839 -1
6596 177 5812 5839 5871 -1
6607 4 5827 -1
6608 18 5818 5824 5827 5829 5871 -1
6618 91 5800 5806 5807 5812 5814 5822 -1
6619 104 5800 5806 5811 5814 5822 5872 5897 -1
6615 160 5800 5807 5811 5814 5818 5822 5829 5871 5897 -1
6624 135 5800 5806 5835 5839 5872 5897 -1
6627 50 5835 -1
6649 26 5818 -1
6657 11 5839 -1
6665 29 5824 -1
6702 10 5839 5872 -1
6705 1 5824 -1
6706 3 5824 -1
6714 100 5800 5806 5822 5835 5872 5897 -1
6734 2 5802 -1
6736 33 5800 5818 5839 5871 -1
6726 12 5800 5829 -1
6758 10 5871 -1
6766 22 5835 -1
6770 6 5806 5871 -1
6771 2 5871 -1
6772 77 5800 5806 5818 5819 5829 5871 5872 -1
6775 3 5871 -1
6773 1 5871 -1
6774 24 5814 5839 5871 -1
6780 6 5819 -1
6783 4 5829 -1
6784 42 5800 5806 5818 5839 -1
6789 11 5800 -1
6790 11 5822 -1
6821 1 5829 -1
6822 2 5818 5829 -1
6824 1 5829 -1
6776 3 5800 5829 -1
6848 14 5800 -1
6855 14 5814 -1
6620 93 5800 5807 5811 5814 5818 5822 -1
6867 5 5800 -1
6865 19 5800 5811 5818 -1
6870 3 5800 -1
6875 15 5818 -1
6876 1 5818 -1
6877 1 5818 -1
6878 1 5818 -1
6899 2 5800 -1
6900 31 5800 5811 -1
6902 28 5872 5887 -1
6913 44 5814 5822 -1
6914 95 5800 5806 5835 5839 5872 -1
6906 49 5814 5897 -1
6907 191 5800 5806 5812 5814 5835 5839 5872 5897 -1
2415 4 5814 -1
6916 54 5806 5872 -1
6934 65 5800 5806 5872 -1
6941 57 5819 5835 -1
5529 39 5819 5839 -1
6945 18 5811 5872 -1
6959 5 5839 -1
6975 10 5801 -1
6976 41 5800 5822 -1
6993 81 5806 5839 5872 -1
7021 15 5800 5806 5872 -1
7024 3 5814 -1
7052 142 5800 5806 5835 5839 5872 5897 -1
7053 31 5887 -1
7046 21 5800 -1
7047 161 5812 5819 5839 5887 -1
7055 98 5800 5806 5835 5839 5872 -1
7056 37 5839 -1
7057 118 5800 5806 5812 5819 5835 5839 5872 -1
7030 2 5822 -1
7061 3 5822 -1
7063 16 5800 -1
7080 70 5800 5806 5819 5872 -1
6946 68 5800 -1
7086 123 5800 5806 5812 5819 5839 5872 -1
7092 93 5800 5835 5872 -1
7099 18 5814 5897 -1
7121 7 5800 -1
7129 11 5897 -1
7132 30 5839 5872 -1
7153 12 5887 5897 -1
7173 2 5819 -1
7183 9 5814 -1
7188 14 5811 -1
7225 47 5800 5806 5819 5839 5872 -1
7226 4 5835 -1
7227 12 5872 -1
7229 7 5835 -1
5143 16 5806 -1
7230 4 5806 -1
7231 101 5800 5806 5839 5872 -1
7233 22 5811 5872 -1
7237 15 5800 -1
7239 21 5806 5872 -1
7241 21 5800 5806 5872 -1
7255 1 5801 -1
7262 11 5835 -1
7270 5 5897 -1
7279 19 5812 -1
7280 89 5806 5812 5819 5839 -1
7295 13 5887 -1
7301 27 5819 -1
7317 15 5897 -1
7294 39 5800 5806 5811 5839 -1
7330 2 5872 -1
7341 2 5806 -1
7343 12 5806 -1
7350 21 5800 5806 5872 -1
7351 2 5897 -1
7352 15 5835 -1
7354 4 5800 -1
7378 38 5800 5806 5872 -1
7390 24 5872 -1
7400 15 5806 5839 -1
7401 3 5872 -1
7409 10 5811 5839 -1
7393 12 5839 -1
7443 10 5800 -1
7449 39 5812 5872 5887 -1
7484 3 5806 5872 -1
7554 3 5835 -1
7150 10 5839 -1
7578 28 5812 -1
7594 4 5819 -1
7598 33 5839 -1
7614 39 5839 -1
7050 5 5839 -1
7649 10 5839 -1
7716 2 5839 -1
7717 2 5839 -1
7727 30 5839 -1
7733 45 5812 -1
7744 50 5812 5819 5839 -1
7747 8 5839 -1
7774 35 5819 -1
7775 11 5819 5839 -1
7806 2 5839 -1
7841 1 5839 -1
7900 27 5819 -1
7901 30 5812 -1
7906 10 5887 -1
7964 11 5819 -1
7980 15 5887 -1
8045 7 5812 -1
8046 16 5812 -1
8047 20 5812 -1
8048 3 5812 -1
8049 1 5812 -1
8051 8 5812 -1
8052 1 5812 -1
8053 20 5812 -1
8054 2 5812 -1
8069 4 5819 -1
8070 1 5819 -1
8071 1 5819 -1
8072 1 5819 -1