25 90 706 723 739 756 -1
6 302 700 704 717 723 730 733 739 741 761 765 779 789 791 798 -1
8 182 706 715 719 723 725 739 741 749 756 760 761 778 779 798 -1
9 81 715 733 756 -1
10 86 700 706 715 719 725 739 741 743 746 748 750 756 760 761 765 778 779 -1
11 743 700 705 706 707 710 715 717 719 722 723 725 730 733 739 741 743 744 746 748 749 750 756 760 761 762 763 764 765 771 779 791 793 798 -1
12 65 706 725 748 756 765 793 -1
14 114 797 -1
15 50 737 756 762 -1
16 15 749 789 -1
17 45 739 750 756 -1
20 187 700 704 706 707 722 723 746 749 756 765 -1
21 76 723 725 760 765 789 794 -1
23 74 700 706 715 725 760 765 794 -1
24 309 706 707 710 719 722 739 742 750 756 760 762 763 769 -1
28 133 715 723 725 730 739 741 743 746 748 750 756 789 798 -1
36 227 704 707 710 719 722 730 733 737 762 -1
37 20 762 -1
39 41 706 756 779 793 -1
26 95 756 -1
41 30 756 -1
42 89 710 743 748 756 -1
46 59 704 715 749 -1
47 146 704 739 756 761 789 -1
49 15 749 762 -1
51 24 739 750 756 791 -1
29 150 700 704 715 719 722 730 733 739 756 761 789 -1
55 64 714 730 733 739 761 784 793 795 -1
56 24 750 762 -1
57 13 756 789 -1
59 94 723 733 763 -1
27 102 700 719 737 741 743 746 748 -1
66 44 756 784 -1
72 164 704 714 719 730 733 739 756 761 762 789 794 -1
75 31 739 756 771 -1
78 41 793 -1
79 53 704 733 756 784 789 -1
77 25 700 -1
80 59 719 723 725 730 733 739 746 756 779 789 798 -1
67 17 756 -1
86 122 719 733 750 756 761 762 794 795 -1
71 109 706 762 789 -1
87 195 704 737 756 761 762 765 771 789 -1
89 29 756 -1
90 72 733 737 749 750 756 761 -1
94 80 715 739 756 779 789 798 -1
103 68 700 719 739 741 746 761 -1
116 2 756 -1
68 275 700 762 771 -1
110 95 705 722 730 733 744 789 794 -1
111 29 730 -1
122 213 737 765 -1
113 89 722 744 762 -1
130 13 733 -1
126 25 733 742 756 789 -1
127 132 700 737 762 -1
128 80 730 761 -1
132 29 730 756 791 -1
136 99 739 761 -1
138 72 719 723 730 746 749 798 -1
139 37 741 743 748 756 760 793 -1
142 25 700 -1
143 94 704 710 762 -1
147 58 704 737 794 798 -1
145 18 717 769 -1
151 74 707 719 723 733 749 762 -1
154 61 733 750 795 -1
157 44 704 707 743 756 762 -1
168 9 742 789 -1
171 70 705 762 -1
172 123 743 744 756 761 762 -1
173 334 704 733 742 762 763 764 769 771 789 794 -1
74 69 710 749 769 784 789 794 -1
176 39 710 -1
177 19 739 -1
178 63 704 719 723 730 741 798 -1
179 17 739 756 761 -1
182 79 723 750 762 -1
166 93 733 789 -1
187 37 706 733 739 760 761 779 -1
197 11 741 -1
201 21 705 706 760 -1
204 12 756 -1
208 6 771 -1
192 19 756 -1
125 29 704 710 730 784 -1
215 100 784 -1
224 13 765 -1
226 25 789 -1
231 50 739 756 -1
232 23 737 739 742 -1
236 39 725 746 749 -1
237 41 746 765 -1
254 25 706 715 739 756 -1
255 86 706 719 723 725 730 739 741 743 746 748 749 756 760 763 765 779 789 798 -1
256 10 771 -1
259 56 769 -1
263 22 733 746 762 -1
265 31 700 737 748 -1
266 13 715 -1
269 30 704 730 789 -1
280 76 719 739 789 794 795 -1
282 39 762 -1
283 2 771 -1
285 6 763 -1
290 71 765 -1
249 15 700 784 -1
304 79 704 714 741 742 761 763 789 795 -1
306 244 700 704 706 707 714 715 719 722 723 730 733 739 741 742 743 746 748 749 750 756 760 762 765 778 794 795 798 -1
308 142 704 707 710 730 733 739 746 750 762 789 -1
310 230 704 707 710 719 723 725 730 733 739 742 748 749 756 760 763 765 769 778 779 784 789 794 798 -1
311 321 704 705 707 710 722 730 742 762 765 769 784 789 795 -1
312 227 700 704 705 706 707 710 715 719 722 723 725 730 733 739 742 743 746 749 750 756 761 769 778 784 789 794 795 798 -1
313 54 704 761 762 795 -1
315 77 730 741 742 749 765 778 779 793 798 -1
305 7 715 -1
317 140 704 705 707 714 730 741 742 762 769 789 794 795 -1
319 199 704 706 725 730 733 739 741 746 749 762 765 789 798 -1
329 6 733 -1
324 14 704 739 742 746 789 -1
251 8 719 -1
328 13 789 -1
335 46 737 -1
150 28 737 -1
339 80 706 719 725 730 733 741 746 750 762 -1
341 47 710 761 791 -1
348 21 704 769 -1
346 86 762 765 -1
356 18 769 -1
351 11 733 -1
352 9 756 -1
193 21 733 -1
364 14 739 -1
371 117 704 717 730 733 737 739 746 756 762 789 -1
376 37 706 789 -1
387 11 756 -1
101 16 756 761 -1
383 45 739 746 756 762 -1
399 6 715 -1
400 12 769 -1
403 20 739 -1
406 34 756 -1
407 145 722 762 763 -1
325 25 739 -1
432 157 700 715 719 722 723 743 749 765 769 798 -1
412 21 715 -1
439 8 733 -1
457 732 707 722 737 741 762 763 764 789 -1
493 3 739 -1
499 14 739 789 -1
501 10 704 749 -1
513 4 739 -1
530 7 733 -1
545 24 710 -1
546 142 761 762 763 764 -1
549 4 714 -1
560 8 748 750 760 -1
553 22 769 -1
556 121 710 722 730 733 769 -1
564 15 730 739 756 761 -1
575 3 765 -1
583 26 737 762 789 -1
582 34 762 -1
586 13 733 -1
587 18 704 794 -1
600 214 704 706 722 723 730 733 739 742 746 749 750 760 762 763 769 794 798 -1
604 8 725 746 -1
614 10 715 798 -1
615 35 700 719 739 750 756 760 761 -1
618 11 715 -1
620 14 730 739 741 778 -1
626 31 707 733 -1
633 55 704 706 746 749 760 769 789 798 -1
634 150 705 737 -1
646 17 762 -1
635 66 704 710 714 722 730 741 779 -1
636 11 715 739 750 -1
647 32 739 -1
637 25 742 762 789 -1
643 46 715 719 725 733 746 749 750 756 798 -1
644 27 762 -1
645 16 706 -1
649 40 705 714 715 719 723 730 741 778 779 789 793 794 798 -1
650 98 700 714 733 748 762 765 779 794 798 -1
651 2 714 -1
659 14 761 -1
664 13 749 797 -1
663 158 700 704 707 710 715 719 725 730 737 739 743 746 750 756 760 761 762 769 789 794 798 -1
639 31 719 749 760 761 794 -1
674 16 733 749 -1
677 2 760 -1
684 2 756 -1
686 83 710 769 -1
688 5 743 -1
689 47 749 789 798 -1
695 118 704 730 733 737 756 761 762 769 789 -1
703 1 714 -1
704 81 714 723 762 765 789 -1
705 28 710 714 795 -1
706 95 710 714 741 748 761 765 778 789 -1
707 123 710 714 742 762 769 784 794 795 -1
708 51 707 714 764 784 789 -1
709 1 714 -1
710 105 704 707 714 762 769 784 789 795 -1
696 6 714 -1
711 1 714 -1
712 19 714 795 -1
713 4 714 -1
715 23 719 -1
716 1 715 -1
717 1 715 -1
718 1 715 -1
719 4 715 723 -1
720 1 715 -1
721 1 715 -1
722 264 719 723 733 737 739 746 748 760 761 762 763 765 769 784 789 -1
723 1 719 -1
725 6 749 789 -1
724 4 725 741 -1
726 2 739 756 -1
727 32 737 739 -1
728 5 706 739 756 -1
729 1 739 -1
730 34 704 733 739 743 749 750 -1
731 1 739 -1
732 4 739 -1
733 8 739 -1
737 232 739 -1
738 8 739 748 -1
734 1 739 -1
735 1 739 -1
742 93 704 707 722 762 769 789 -1
744 1 746 -1
745 2 746 750 -1
697 100 704 705 730 742 748 789 794 -1
749 66 730 750 789 798 -1
321 27 704 750 769 -1
751 1 756 -1
754 2 756 -1
752 1 756 -1
753 1 756 -1
755 1 756 -1
758 2 760 -1
759 77 704 730 760 762 763 769 789 -1
763 68 733 765 -1
764 34 762 765 -1
766 773 706 722 737 741 749 762 765 789 -1
762 50 704 789 -1
769 146 707 710 722 742 749 -1
772 3 798 -1
788 113 705 707 733 742 761 762 769 -1
780 2 771 -1
782 9 749 798 -1
784 224 704 705 707 710 762 765 789 -1
789 317 704 705 710 717 722 730 749 762 769 784 794 795 798 -1
792 2 733 793 -1
791 41 769 793 794 -1
794 18 723 789 795 -1
795 60 704 723 789 794 -1
796 6 742 797 798 -1
797 5 798 -1
802 4 769 -1
801 6 749 -1
804 6 749 -1
805 90 704 710 749 789 -1
810 34 704 705 791 -1
813 272 704 722 733 762 763 -1
816 29 742 763 784 797 -1
334 41 704 741 789 -1
823 15 789 -1
826 249 761 765 -1
825 165 737 -1
836 26 763 765 -1
838 36 730 -1
841 61 765 -1
844 45 730 794 795 -1
854 99 762 -1
852 39 762 -1
853 16 789 -1
860 8 730 -1
861 16 707 762 -1
865 97 705 730 762 769 784 -1
870 38 730 733 761 -1
871 59 710 717 784 -1
873 5 730 -1
879 122 737 -1
883 3 730 -1
885 7 794 -1
895 6 741 794 -1
896 26 741 -1
898 10 762 -1
904 119 761 763 797 -1
907 9 704 733 -1
911 27 704 769 789 794 795 -1
915 7 762 -1
918 17 763 -1
921 6 761 -1
928 21 762 -1
926 6 769 -1
937 46 795 -1
946 110 704 707 722 744 762 765 -1
947 27 737 764 -1
954 34 742 -1
956 42 722 742 764 765 784 -1
933 18 704 789 795 -1
967 16 742 789 -1
970 11 784 -1
971 72 710 762 789 794 -1
974 36 762 -1
978 65 761 -1
981 16 704 789 -1
982 47 705 794 -1
984 7 704 789 -1
985 6 704 789 -1
986 77 704 722 789 791 -1
988 292 722 737 762 -1
992 1 794 -1
993 238 722 761 762 765 789 -1
994 45 707 710 742 762 789 -1
996 297 722 762 764 765 -1
998 30 789 -1
1005 5 789 -1
999 4 789 -1
1000 60 765 789 -1
1006 138 762 789 -1
1001 1 789 -1
1002 1 789 -1
1003 18 789 -1
1004 12 789 -1
1013 23 762 769 -1
1009 44 707 -1
1023 9 722 742 -1
1029 135 705 707 742 761 762 769 771 784 -1
1035 12 742 -1
1037 86 722 761 -1
1038 6 707 710 -1
1042 41 769 -1
1043 21 762 763 769 -1
1044 9 769 -1
1045 1 769 -1
1046 24 710 769 -1
1047 1 769 -1
1048 2 769 -1
1049 3 769 -1
1051 46 762 -1
1055 196 737 761 762 771 -1
1058 1 784 -1
1059 2 784 -1
1060 1 784 -1
1062 156 705 707 710 722 763 764 765 -1
1075 74 763 -1
1097 88 737 762 -1
1098 305 722 764 -1
1111 60 722 -1
1114 39 705 710 -1
1125 37 737 -1
1129 62 761 762 -1
1133 399 737 761 762 -1
1135 115 710 722 765 -1
1137 135 763 -1
1142 48 705 762 -1
1151 472 722 737 761 762 763 764 765 -1
1156 4 762 -1
922 149 710 761 762 763 -1
1164 39 761 -1
1166 599 737 741 761 762 763 764 765 -1
1167 158 710 717 762 -1
1185 43 762 771 797 -1
1193 31 762 -1
1196 9 737 -1
1200 107 765 -1
1202 66 722 -1
1204 61 710 -1
1210 218 722 737 762 763 764 765 -1
1211 79 710 761 762 -1
1215 65 762 -1
1221 77 765 791 -1
1230 33 710 763 -1
1233 14 761 -1
1235 20 717 762 -1
1236 103 763 -1
1247 77 762 765 -1
1253 51 717 761 -1
1259 45 791 -1
1261 8 763 -1
1267 61 722 763 -1
1278 69 710 717 -1
1279 124 710 717 762 771 -1
1286 65 737 765 -1
1290 16 762 -1
1297 76 710 762 -1
1299 5 791 -1
1305 290 762 765 -1
1319 181 717 762 764 -1
1322 12 710 -1
1335 62 761 762 -1
1350 117 763 -1
1352 121 717 761 763 -1
1360 22 762 763 -1
1362 4 771 -1
1357 91 762 -1
1368 33 771 -1
1373 4 762 -1
1374 462 737 762 765 -1
1378 14 762 -1
1380 63 717 762 -1
1384 37 762 -1
1386 61 761 763 771 -1
1390 32 762 -1
1395 199 722 762 763 -1
1420 12 761 -1
1428 183 765 -1
1184 79 765 -1
1441 41 761 -1
1462 48 771 -1
1463 26 762 765 -1
1468 20 762 -1
1470 156 737 762 -1
1471 72 762 -1
1473 91 763 -1
1480 44 763 -1
1483 52 771 -1
1487 117 763 -1
1489 64 797 -1
1492 157 763 764 -1
1496 210 722 762 763 764 765 -1
1497 28 771 -1
1498 6 762 -1
1500 48 737 -1
1501 38 762 -1
1506 41 771 -1
1510 16 771 -1
1522 139 741 762 763 -1
1525 35 763 -1
1537 68 737 762 -1
1539 5 771 -1
1540 1 771 -1
1541 1 771 -1
1543 1 771 -1
1545 1 771 -1
1546 1 771 -1
1542 244 722 737 762 771 -1
1552 81 761 -1
1547 28 722 -1
1549 587 722 737 761 762 763 764 765 -1
1566 46 741 761 -1
1583 87 762 764 -1
1585 102 762 -1
1594 114 762 763 -1
1608 355 737 761 762 763 765 -1
1613 15 763 -1
1614 73 762 763 -1
1615 162 761 763 -1
1623 39 737 761 -1
1634 1 797 -1
1635 1 797 -1
1644 48 737 762 -1
1564 27 764 -1
1667 55 737 -1
1701 112 737 -1
1697 70 762 -1
1700 93 762 778 -1
1705 47 765 -1
1717 96 722 762 -1
1722 14 737 -1
1730 45 762 -1
1734 55 764 -1
1754 23 762 -1
1756 89 722 744 763 -1
1766 27 722 -1
1767 97 762 -1
1769 67 765 -1
1772 141 763 764 -1
1783 57 761 764 -1
1792 31 761 -1
1811 43 722 762 -1
1803 19 762 -1
1808 129 722 762 765 -1
1814 105 737 762 -1
1820 90 762 -1
1823 49 737 763 765 -1
1835 73 762 -1
1836 16 722 -1
1838 57 761 764 -1
1847 47 761 -1
1848 16 762 -1
1868 22 764 -1
1885 44 762 765 -1
1887 2 763 -1
1888 36 764 -1
1891 36 762 -1
1897 1 763 -1
1918 20 764 -1
1919 112 764 765 -1
1922 204 741 762 -1
1925 22 762 -1
1964 13 765 -1
1979 2 762 -1
1985 56 762 -1
1986 17 761 -1
1991 66 765 -1
1992 16 764 -1
1997 88 761 764 -1
2001 39 764 -1
2009 63 762 -1
2061 4 765 -1
2062 121 722 761 764 -1
2072 121 722 -1
2102 45 762 778 -1
2105 11 761 -1
2109 47 762 -1
2110 3 762 -1
2119 5 765 -1
2118 113 737 764 765 -1
2120 122 737 764 765 -1
2128 3 764 -1
2133 129 722 765 -1
2135 146 737 741 762 -1
2144 23 737 -1
2145 145 737 -1
2156 41 761 762 -1
2159 18 764 -1
2160 26 761 762 -1
2161 3 761 -1
2163 2 761 -1
2164 1 761 -1
2176 17 762 -1
2186 61 741 -1
2225 34 764 -1
2230 49 744 -1
2231 66 744 -1
2229 143 762 -1
2236 75 762 764 -1
2237 241 737 762 -1
2240 108 737 -1
2255 31 722 -1
2256 247 741 765 778 -1
2257 49 737 765 -1
2258 95 762 -1
2274 48 722 744 -1
2297 164 737 -1
2323 111 737 -1
2326 252 762 -1
2328 215 722 744 765 -1
2364 14 762 -1
2365 77 762 -1
2369 189 737 -1
2371 124 722 762 -1
2375 49 741 762 765 -1
2381 71 762 -1
2379 45 762 -1
2387 66 737 762 -1
2407 4 722 -1
2410 34 737 -1
2416 37 762 -1
2440 50 737 -1
2472 75 765 -1
2473 103 765 -1
2485 324 737 762 765 -1
2504 100 737 762 -1
2507 69 765 -1
2510 68 765 -1
2541 37 762 -1
2542 93 765 -1
2547 105 762 -1
2549 70 762 -1
2550 26 765 -1
2555 12 765 -1
2566 32 762 -1
2557 77 765 -1
2559 82 762 765 -1
2564 50 737 -1
2565 893 737 762 765 -1
2576 146 765 -1
2578 12 765 -1
2585 60 762 -1
2593 32 765 -1
2594 45 737 -1
2596 13 765 -1
2474 142 737 762 765 -1
2599 9 762 -1
2608 14 765 -1
2612 29 737 765 -1
2613 25 737 762 -1
2617 22 765 -1
2618 53 762 -1
2623 108 737 741 -1
2646 39 765 -1
2651 269 737 762 -1
2653 113 737 778 -1
2655 49 762 -1
2658 307 762 -1
2700 168 778 -1
2686 156 762 -1
2688 618 737 762 -1
2660 164 737 762 -1
2689 38 737 -1
2667 126 737 -1
2693 149 737 -1
2696 64 737 762 -1
2711 13 762 -1
2719 21 765 -1
2727 33 737 -1
2740 28 765 -1
2762 3 762 -1
2765 29 762 765 -1
2778 22 762 -1
2790 173 741 762 -1
2792 18 765 -1
2802 9 765 -1
2822 43 737 762 765 -1
2654 104 762 -1
2826 1 765 -1
2758 2 765 -1
2827 1 765 -1
2832 50 762 -1
2851 44 737 -1
2859 139 741 762 778 -1
2871 282 737 762 -1
2872 87 762 778 -1
2889 14 737 -1
2909 57 737 -1
2932 62 762 -1
2940 123 762 -1
2948 26 762 -1
2967 238 762 -1
2968 55 762 -1
2972 357 737 778 -1
2974 15 762 -1
2988 55 737 -1
3009 51 762 -1
3006 31 762 -1
3026 175 737 -1
3027 39 737 -1
3028 189 737 762 -1
3032 216 737 762 -1
3033 45 762 -1
3034 38 762 -1
3040 7 762 -1
3062 42 762 -1
3088 37 737 -1
3092 81 737 -1
3098 37 762 -1
3109 9 737 -1
2003 63 762 -1
3144 88 778 -1
3169 1 762 -1
3168 79 762 -1
3191 68 737 -1
3227 19 737 -1
3274 69 762 -1
3290 36 737 -1
3325 6 762 -1
3345 35 737 -1
3350 55 737 -1
3352 273 762 -1
3375 43 737 -1
3378 41 737 762 -1
3388 15 737 762 -1
3394 156 737 762 778 -1
3402 122 762 -1
3404 89 737 -1
3417 30 762 -1
3443 20 762 -1
3447 271 737 -1
3449 314 737 762 -1
3452 131 737 762 -1
3453 319 737 -1
3454 148 737 762 -1
3456 241 737 -1
3458 69 737 -1
3469 23 737 -1
3498 114 737 -1
3519 48 737 -1
3527 64 778 -1
3541 81 762 -1
3568 147 737 -1
3601 52 737 -1
3607 24 762 -1
3614 205 737 -1
3615 144 762 778 -1
3631 91 737 762 -1
3634 82 737 -1
3639 12 762 -1
3641 212 737 762 -1
3642 362 778 -1
3643 44 737 -1
3645 40 737 -1
3658 39 737 -1
3660 87 762 -1
3666 144 737 762 -1
3682 75 778 -1
3723 7 762 -1
3728 85 737 762 -1
3743 10 737 -1
3749 4 737 -1
3782 3 762 -1
3785 18 737 -1
3786 99 737 -1
3787 232 737 762 -1
3792 27 762 -1
3796 113 737 762 -1
3794 46 737 -1
3813 94 737 -1
3830 20 737 -1
3842 15 778 -1
3843 18 762 -1
3854 82 737 -1
3648 9 778 -1
3877 13 737 -1
3902 43 737 -1
3956 85 737 -1
3965 89 737 -1
3969 90 737 -1
3976 145 737 762 -1
3982 20 737 -1
4001 28 737 -1
4040 104 737 -1
4041 68 737 -1
2981 44 737 -1
4063 27 737 -1
4077 77 737 762 -1
4065 131 762 -1
4072 29 762 -1
4099 155 737 -1
4076 86 762 -1
4124 50 737 762 -1
4127 41 762 -1
4138 64 737 -1
4144 76 762 -1
4151 84 762 -1
4152 43 737 762 -1
4189 11 737 -1
4191 20 737 -1
4197 7 762 -1
4212 53 737 -1
4219 112 762 -1
4222 41 762 -1
4276 52 737 -1
4292 4 737 -1
4297 38 737 -1
4298 9 737 -1
4315 29 762 -1
4319 4 737 -1
4329 12 762 -1
4335 32 737 -1
4343 7 762 -1
4353 80 737 -1
4364 39 762 -1
4371 6 762 -1
4415 17 762 -1
4433 24 762 -1
4448 36 762 -1
4493 1 762 -1
4486 20 762 -1
4494 1 762 -1
4495 1 762 -1
4488 50 737 762 -1
4489 15 762 -1
4490 1 762 -1
4496 3 762 -1
4491 1 762 -1
4497 1 762 -1
4534 19 737 -1
4550 100 737 -1
4564 33 737 -1
4665 9 737 -1
4714 3 737 -1
4717 62 737 -1
4712 121 737 -1
4781 27 737 -1
4796 4 737 -1
4792 62 737 -1
4813 46 737 -1
4818 28 737 -1
4824 101 737 -1
4829 78 737 -1
4846 34 737 -1
4943 31 737 -1
4948 214 737 -1
4964 60 737 -1
4967 361 737 -1
4938 12 737 -1
4974 44 737 -1
4988 23 737 -1
5002 115 737 -1
5008 27 737 -1
5029 26 737 -1
5069 5 737 -1
5079 271 737 -1
5099 14 737 -1
5102 54 737 -1
4828 168 737 -1
5119 18 737 -1
5171 41 737 -1
5175 35 737 -1
4795 73 737 -1
5176 139 737 -1
4310 278 737 -1
5179 217 737 -1
5184 68 737 -1
5188 211 737 -1
5189 312 737 -1
5190 80 737 -1
5203 15 737 -1
5233 24 737 -1
5250 14 737 -1
5285 21 737 -1
5312 9 737 -1
5352 3 737 -1
5382 19 737 -1
5478 9 737 -1
5482 12 737 -1
5484 22 737 -1
5462 19 737 -1
5515 7 737 -1
5521 3 737 -1
5526 6 737 -1
5531 243 737 -1
5532 26 737 -1
5534 14 737 -1
5543 137 737 -1
5584 12 737 -1
5606 28 737 -1
5612 66 737 -1
5620 7 737 -1
6710 2 737 -1
7522 1 737 -1
7523 1 737 -1
7524 1 737 -1
7525 1 737 -1