25 90 1131 -1
6 302 1125 1144 1152 1156 1160 1167 1168 -1
7 24 1190 1193 -1
9 81 1103 -1
11 743 1103 1111 1124 1127 1128 1137 1144 1151 1154 1156 1160 1164 1165 1167 1168 1185 1186 1190 1191 1193 1196 1199 -1
12 65 1160 -1
14 114 1123 1164 -1
16 15 1186 -1
17 45 1190 -1
20 187 1156 1164 1167 1190 -1
21 76 1190 -1
23 74 1123 -1
24 309 1100 1111 1123 1125 1156 1164 1165 1186 1193 -1
28 133 1160 1186 1190 -1
33 24 1144 -1
36 227 1111 1123 1125 1127 1131 1166 1186 1190 1193 1196 -1
35 65 1127 1193 -1
42 89 1123 1127 -1
44 44 1111 1186 -1
47 146 1111 1186 -1
49 15 1123 -1
29 150 1131 -1
55 64 1123 -1
58 38 1186 -1
59 94 1125 1131 1152 -1
66 44 1131 1193 -1
72 164 1123 1131 1156 1193 -1
75 31 1186 -1
78 41 1192 -1
77 25 1185 1193 -1
81 18 1157 -1
86 122 1131 1186 -1
87 195 1123 1131 1193 1199 -1
89 29 1192 -1
90 72 1124 1128 1131 -1
94 80 1123 1186 -1
104 30 1100 1103 1192 -1
68 275 1157 1159 -1
109 190 1151 1164 1199 -1
110 95 1191 -1
120 8 1186 -1
122 213 1159 1166 -1
113 89 1186 -1
126 25 1156 1186 -1
127 132 1100 1157 1159 -1
128 80 1164 1166 1193 1199 -1
132 29 1100 1151 -1
138 72 1125 1186 1190 1192 1193 -1
147 58 1137 1185 -1
151 74 1123 1125 1128 1140 1141 -1
154 61 1123 -1
157 44 1114 1123 1156 1166 -1
161 32 1127 1131 -1
171 70 1125 1140 1152 1154 1156 1186 1190 1192 1193 1196 -1
172 123 1166 -1
173 334 1103 1111 1123 1124 1127 1137 1151 1167 1168 1186 1190 1193 1196 1199 -1
74 69 1111 1123 1186 1190 -1
176 39 1123 1131 1156 1160 1167 1186 1190 -1
177 19 1186 -1
178 63 1185 -1
180 54 1100 1166 -1
182 79 1127 1128 1131 1151 1156 1167 1186 -1
166 93 1157 -1
187 37 1151 -1
197 11 1111 -1
199 17 1186 -1
191 13 1164 1165 -1
201 21 1123 1186 -1
203 31 1111 -1
204 12 1151 1165 -1
209 10 1123 1186 1190 -1
125 29 1167 -1
215 100 1103 1124 1141 1156 1186 1193 1199 -1
222 4 1151 -1
226 25 1151 1152 1192 -1
240 5 1151 1152 -1
231 50 1193 -1
254 25 1186 1190 -1
255 86 1123 1166 -1
259 56 1111 -1
263 22 1123 -1
265 31 1131 -1
269 30 1123 1151 -1
241 8 1186 -1
280 76 1123 1151 1186 -1
296 10 1123 -1
290 71 1131 1164 1165 1193 -1
249 15 1196 -1
304 79 1123 1131 1140 1154 1164 1165 -1
306 244 1141 1157 1166 1167 1199 -1
308 142 1127 1131 1156 1157 1167 1193 -1
320 7 1186 -1
310 230 1103 1111 1123 1125 1128 1131 1140 1164 1166 1167 1191 1193 1196 -1
311 321 1114 1123 1125 1128 1151 1152 1160 1164 1166 1167 1186 1193 1199 -1
312 227 1123 1125 1127 1128 1141 1144 1152 1156 1164 1165 1168 1186 1190 1193 1196 -1
313 54 1151 -1
315 77 1123 1127 1156 1166 1186 -1
317 140 1123 1125 1128 1167 1190 1193 -1
319 199 1103 1152 1164 1167 1186 1199 -1
336 31 1196 -1
339 80 1186 -1
341 47 1123 1140 1152 1160 1186 -1
348 21 1128 1156 -1
346 86 1157 1166 -1
356 18 1186 -1
193 21 1186 -1
371 117 1157 1186 1196 -1
376 37 1127 1167 1193 -1
387 11 1123 -1
383 45 1166 -1
403 20 1166 -1
407 145 1111 1141 1164 1199 -1
425 79 1165 -1
432 157 1103 1186 -1
412 21 1151 -1
439 8 1192 -1
457 732 1103 1111 1151 1157 1159 1167 1193 1199 -1
467 12 1151 1186 -1
499 14 1186 1193 -1
546 142 1151 1164 1165 1166 -1
553 22 1186 -1
554 6 1103 -1
556 121 1111 1123 1144 1164 1186 1190 1193 -1
572 5 1111 -1
579 4 1127 1186 -1
582 34 1185 -1
588 22 1193 -1
601 9 1152 -1
600 214 1100 1103 1111 1165 1186 1193 -1
626 31 1141 1167 1186 1193 -1
628 1 1154 -1
634 150 1157 1164 1186 1190 1193 1196 -1
635 66 1131 1160 1166 1186 1193 -1
647 32 1123 1186 1193 -1
640 4 1186 -1
643 46 1123 1151 -1
644 27 1125 -1
645 16 1186 -1
649 40 1186 -1
650 98 1144 1156 1186 1192 -1
658 6 1186 1190 -1
659 14 1193 -1
661 2 1186 -1
663 158 1123 1125 1128 1140 1166 1167 1193 -1
667 19 1111 1193 -1
686 83 1128 1144 1152 1160 1165 1196 -1
688 5 1196 -1
689 47 1186 -1
691 24 1186 1199 -1
695 118 1123 1151 1166 -1
704 81 1125 1166 -1
705 28 1127 -1
706 95 1111 1123 1186 1190 1192 1193 -1
707 123 1123 1131 1167 1190 1192 1193 -1
708 51 1114 1128 1140 1141 1154 1156 -1
710 105 1100 1123 1127 1141 1152 1193 1199 -1
696 6 1125 -1
712 19 1193 -1
715 23 1193 -1
722 264 1127 1154 1157 1164 1166 1167 1186 -1
727 32 1186 1199 -1
730 34 1131 1140 1186 1192 -1
733 8 1151 -1
742 93 1165 1167 -1
697 100 1125 1128 1141 1190 -1
749 66 1186 -1
321 27 1123 1190 -1
759 77 1123 1140 1186 1193 -1
764 34 1154 -1
766 773 1100 1114 1125 1157 1159 1164 1166 1167 1185 1186 1191 -1
762 50 1123 1186 1191 -1
769 146 1111 1123 1127 1131 1137 1144 1166 1167 1186 1190 1193 1196 -1
788 113 1123 1131 1140 1156 1157 1166 1186 -1
784 224 1114 1151 1160 1164 1165 1166 1186 1193 1199 -1
789 317 1123 1151 1154 1156 1159 1165 1167 1186 1193 1199 -1
791 41 1123 1193 -1
795 60 1123 1167 -1
805 90 1103 1125 1144 1164 1167 1193 -1
810 34 1140 1186 1191 1199 -1
813 272 1137 1157 1166 1167 1186 1193 -1
816 29 1193 -1
822 11 1137 -1
820 16 1123 1186 -1
823 15 1131 -1
824 2 1186 -1
826 249 1124 1151 1154 1165 1167 1168 1199 -1
825 165 1166 -1
831 12 1111 -1
838 36 1124 1199 -1
841 61 1154 -1
844 45 1125 1160 1186 -1
842 30 1124 1144 1166 -1
854 99 1127 -1
865 97 1144 1156 1186 -1
869 11 1190 1191 1192 1196 -1
871 59 1167 1168 1193 -1
879 122 1151 1166 -1
885 7 1144 -1
469 10 1186 -1
896 26 1123 1125 -1
900 5 1193 -1
904 119 1103 1127 1151 1154 1160 1165 1199 -1
911 27 1123 1131 1160 -1
912 9 1123 -1
914 7 1131 -1
916 4 1186 -1
787 12 1160 -1
926 6 1131 1141 -1
937 46 1123 1127 1151 1152 1156 1191 -1
941 80 1127 1151 1193 1199 -1
943 30 1164 1167 1193 -1
946 110 1125 1140 1166 1186 1191 1192 1193 -1
948 29 1156 1199 -1
954 34 1131 1186 -1
956 42 1123 1131 1190 -1
959 12 1186 -1
960 22 1125 1160 -1
962 3 1186 -1
933 18 1103 1186 -1
970 11 1144 1156 -1
971 72 1123 1131 1152 1159 1167 1191 1193 1199 -1
974 36 1166 -1
978 65 1114 1125 1156 1165 1191 1192 1193 -1
981 16 1123 1164 1193 -1
982 47 1123 1125 1144 1152 1154 1156 1186 1190 1191 1192 -1
985 6 1193 -1
986 77 1140 1151 1166 1186 1191 1192 -1
988 292 1100 1157 1166 1185 1186 -1
993 238 1103 1111 1125 1151 1164 1165 1166 1167 1168 1190 -1
994 45 1160 1193 -1
996 297 1100 1166 1185 1186 -1
998 30 1123 1152 1186 -1
1000 60 1103 1154 -1
1006 138 1141 1144 1156 1167 -1
1013 23 1140 1144 1154 1186 -1
1009 44 1125 1164 1165 -1
1022 14 1123 1131 1156 1167 -1
1023 9 1167 -1
1028 7 1123 1186 -1
1029 135 1103 1114 1123 1128 1131 1144 1154 1160 1186 1190 1193 1196 -1
1031 19 1154 1186 -1
1033 6 1123 -1
1034 33 1141 1164 1186 -1
1035 12 1190 -1
1037 86 1144 1167 -1
1041 49 1199 -1
1042 41 1100 1137 -1
1043 21 1186 -1
1046 24 1156 1167 1193 -1
1050 44 1123 1154 1193 1199 -1
1052 4 1123 -1
1051 46 1123 1164 1186 -1
1055 196 1157 1193 -1
1062 156 1125 1152 1164 1185 1190 1193 -1
1063 29 1167 -1
1065 7 1186 -1
1066 5 1131 -1
872 29 1164 1166 -1
1075 74 1111 1127 1140 1157 1165 -1
1078 5 1193 -1
1086 8 1151 1152 -1
1089 8 1152 -1
1095 10 1103 -1
1097 88 1193 -1
1098 305 1103 1166 1186 -1
1099 8 1103 -1
1111 60 1193 1196 -1
1102 15 1103 -1
1114 39 1140 1144 1160 1192 1193 -1
1120 1 1123 -1
1125 37 1140 1154 -1
1128 13 1140 -1
1127 62 1128 1165 1166 1199 -1
1129 62 1131 1156 1167 -1
1130 1 1131 -1
1132 57 1193 -1
1133 399 1140 1156 1157 1159 1165 1185 1186 1190 -1
1135 115 1140 1152 1164 1199 -1
1137 135 1103 1127 1140 -1
1141 2 1193 -1
1142 48 1166 1167 1186 -1
1143 14 1186 -1
1144 7 1125 1190 1196 -1
1068 3 1125 -1
1145 2 1125 1186 -1
1150 8 1152 -1
1151 472 1103 1111 1137 1152 1164 1166 1185 1186 1191 -1
1155 1 1156 -1
1157 2 1156 -1
1158 1 1156 -1
922 149 1103 1111 1137 1151 1154 1156 1160 1164 1165 1167 1186 1193 -1
1159 2 1165 -1
1160 24 1167 1193 -1
1166 599 1140 1151 1157 1159 1164 1165 1185 1186 1199 -1
1167 158 1151 1160 1164 1186 1190 1192 1193 -1
1177 1 1186 -1
1168 5 1186 -1
1178 1 1186 -1
1179 10 1186 -1
1169 29 1186 -1
1170 2 1186 1190 -1
1180 1 1186 -1
1171 1 1186 -1
1090 2 1186 -1
1172 1 1186 -1
1173 1 1186 -1
1174 1 1186 -1
1175 1 1186 -1
1182 7 1186 -1
1183 9 1186 -1
1185 43 1151 1167 1186 1199 -1
1176 1 1186 -1
1187 3 1190 1191 -1
1188 2 1190 -1
1189 1 1190 -1
1193 31 1192 -1
1194 1 1196 -1
1195 5 1196 -1
1200 107 1166 1167 -1
1201 35 1193 -1
1202 66 1111 1151 1186 -1
1203 22 1165 1199 -1
1204 61 1199 -1
1207 26 1193 -1
1210 218 1103 1111 1127 1137 1164 1166 1185 1186 1193 -1
1211 79 1151 1193 -1
1215 65 1186 -1
1221 77 1137 1164 1193 -1
1230 33 1164 1167 -1
1233 14 1151 -1
1234 16 1167 1193 -1
1235 20 1127 1193 -1
1236 103 1103 1164 1166 1167 1168 1199 -1
1237 6 1193 -1
1242 11 1199 -1
1247 77 1166 1167 -1
1248 21 1160 -1
1253 51 1164 1199 -1
1259 45 1166 1193 -1
1261 8 1165 -1
1267 61 1103 -1
1278 69 1127 1167 1193 -1
1279 124 1154 1166 1167 1185 -1
1282 8 1154 -1
1286 65 1193 -1
1284 20 1151 -1
1290 16 1167 -1
1291 34 1193 -1
1292 7 1193 -1
1293 33 1165 1167 -1
1297 76 1166 1186 1193 -1
1305 290 1100 1127 1154 1157 1166 1167 -1
1319 181 1103 1127 1151 1154 1164 1165 1166 -1
1331 6 1193 -1
1333 2 1111 -1
1334 1 1193 -1
1335 62 1127 1151 1193 -1
1336 8 1193 -1
1337 1 1193 -1
1338 3 1193 -1
1339 5 1193 -1
1340 3 1193 -1
1341 2 1193 -1
1342 4 1193 -1
1343 2 1193 -1
1344 2 1193 -1
1345 1 1193 -1
1346 3 1193 -1
1350 117 1103 1124 1151 1164 1165 1167 1199 -1
1352 121 1103 1111 1124 1164 1199 -1
1353 30 1111 -1
1357 91 1127 1164 1166 1167 -1
1367 40 1100 1157 1186 -1
1368 33 1186 -1
1374 462 1103 1111 1127 1151 1165 1166 1167 1191 1199 -1
1382 17 1100 -1
1377 33 1164 1168 -1
1380 63 1127 1140 1167 -1
1381 52 1164 -1
1384 37 1154 -1
1386 61 1127 1164 -1
1394 9 1167 -1
1390 32 1186 -1
1395 199 1111 1164 1168 1186 -1
1403 3 1199 -1
1416 13 1127 -1
1419 41 1111 -1
1424 52 1164 1167 -1
1428 183 1103 1111 1124 1137 1151 1157 1164 1199 -1
1184 79 1166 1167 1186 -1
1441 41 1103 1186 1199 -1
1462 48 1165 1186 -1
1465 8 1186 -1
1470 156 1151 1164 1166 1167 -1
1471 72 1167 1199 -1
1473 91 1111 1164 1166 -1
1480 44 1103 1165 -1
1482 26 1151 1164 -1
1483 52 1167 -1
1487 117 1124 1165 1168 1199 -1
1489 64 1103 1140 1164 1167 -1
1492 157 1103 1151 1164 1167 1168 1199 -1
1493 1 1167 -1
1494 1 1167 -1
1495 10 1164 1167 -1
1496 210 1103 1151 1164 1166 1167 1186 1199 -1
1497 28 1167 -1
1498 6 1167 -1
1499 12 1167 -1
1500 48 1151 1167 1199 -1
1501 38 1103 1167 -1
1521 99 1111 1151 1166 1199 -1
1522 139 1103 1151 -1
1525 35 1103 1199 -1
1538 81 1103 1124 1165 1199 -1
1537 68 1151 1164 -1
1542 244 1103 1111 1159 1185 -1
1553 20 1154 -1
1549 587 1100 1103 1111 1137 1140 1151 1154 1157 1164 1165 1166 1186 1199 -1
1550 42 1157 -1
1555 79 1164 1165 -1
1582 13 1199 -1
1583 87 1111 1154 1166 -1
1585 102 1151 1164 1165 -1
1592 30 1186 -1
1594 114 1103 1124 1164 1168 -1
1596 29 1199 -1
1605 10 1168 1199 -1
1608 355 1103 1111 1124 1137 1140 1151 1165 1168 1186 1199 -1
1615 162 1103 1124 1137 1151 1164 1168 1199 -1
1621 80 1111 -1
1631 6 1165 1168 -1
1638 3 1103 -1
1639 36 1186 -1
1644 48 1186 -1
1646 5 1199 -1
1662 6 1124 -1
1668 5 1186 -1
1670 18 1124 -1
1677 2 1199 -1
1691 50 1191 -1
1701 112 1186 -1
1697 70 1164 1186 -1
1700 93 1151 -1
1711 9 1151 -1
1707 34 1186 -1
1717 96 1164 1166 1185 -1
1729 19 1124 -1
1730 45 1166 -1
1734 55 1151 -1
1736 1 1199 -1
1737 9 1199 -1
1740 1 1199 -1
1738 3 1199 -1
1739 1 1199 -1
1741 9 1199 -1
1754 23 1185 -1
1756 89 1103 1186 -1
1757 16 1137 -1
1767 97 1151 1164 1165 -1
1769 67 1151 1164 -1
1772 141 1103 1111 1137 1151 1164 1186 -1
1778 8 1164 -1
1751 35 1103 -1
1783 57 1103 -1
1784 1 1103 -1
1785 1 1103 -1
1795 44 1157 1166 -1
1800 20 1111 1151 1186 -1
1803 19 1164 -1
1808 129 1111 1164 -1
1816 10 1151 -1
1820 90 1166 -1
1822 11 1164 -1
347 8 1165 -1
1835 73 1186 -1
1836 16 1151 1165 -1
1837 28 1137 -1
1838 57 1137 -1
1855 12 1111 -1
1875 33 1166 -1
1876 3 1111 -1
1891 36 1186 -1
1899 6 1165 -1
1908 9 1137 1164 -1
1919 112 1151 -1
1922 204 1154 -1
1923 2 1111 -1
1925 22 1111 -1
1928 7 1111 -1
1931 15 1186 -1
1940 5 1186 -1
1946 4 1157 1165 -1
1947 15 1165 -1
1948 14 1165 1186 -1
1962 31 1151 1164 -1
1972 181 1159 1166 -1
1977 34 1111 -1
1985 56 1166 -1
1994 1 1151 -1
1995 3 1151 -1
1996 1 1151 -1
1997 88 1111 1137 1151 1186 -1
1794 26 1166 -1
2001 39 1159 -1
2009 63 1166 -1
2052 14 1186 -1
2062 121 1111 1166 -1
2063 21 1186 -1
2065 50 1111 1166 -1
2072 121 1137 1186 -1
2085 28 1111 -1
2093 55 1186 -1
2102 45 1166 -1
2105 11 1111 -1
2109 47 1186 -1
2108 4 1186 -1
2115 16 1186 -1
2116 20 1166 -1
2121 1 1111 -1
2120 122 1140 1166 -1
2133 129 1186 -1
2142 2 1186 -1
2145 145 1166 -1
2156 41 1140 -1
2159 18 1140 -1
2172 29 1111 -1
2174 65 1154 -1
2186 61 1111 -1
2187 1 1111 -1
2188 3 1111 -1
2189 1 1111 -1
2190 1 1111 -1
2191 1 1111 -1
2206 14 1154 -1
2209 31 1166 -1
2210 17 1140 -1
2226 28 1166 -1
2231 66 1186 -1
2229 143 1157 1166 1186 -1
2233 36 1186 -1
2237 241 1166 1185 -1
2241 14 1186 -1
2240 108 1186 -1
2242 3 1140 -1
2041 6 1140 -1
2256 247 1100 -1
2257 49 1166 -1
2258 95 1166 -1
2264 58 1186 -1
2290 120 1100 1157 1166 -1
2297 164 1166 -1
2323 111 1157 -1
2326 252 1100 1140 1157 1166 -1
2328 215 1166 1186 -1
2272 31 1166 -1
2371 124 1166 1186 -1
2375 49 1157 1185 1186 -1
2384 72 1166 -1
2402 2 1100 -1
2411 141 1140 1166 -1
2113 7 1154 -1
2472 75 1154 -1
2485 324 1166 1185 -1
2488 21 1166 -1
2497 38 1166 -1
2502 30 1186 -1
2504 100 1185 -1
2506 46 1186 -1
2510 68 1166 1186 -1
2518 4 1186 -1
2519 1 1186 -1
2355 1 1186 -1
2520 1 1186 -1
2530 1 1186 -1
2531 2 1186 -1
2521 1 1186 -1
2522 1 1186 -1
2523 5 1186 -1
2534 1 1186 -1
2526 1 1186 -1
2527 2 1186 -1
2528 1 1186 -1
2535 47 1186 -1
2536 1 1186 -1
2537 1 1186 -1
2538 1 1186 -1
2529 1 1186 -1
2540 1 1186 -1
1181 1 1186 -1
2542 93 1100 -1
2557 77 1154 -1
2559 82 1166 -1
2560 180 1157 -1
2565 893 1100 1154 1157 1166 1185 1191 -1
2576 146 1159 1166 -1
2594 45 1166 -1
2605 64 1166 -1
2618 53 1166 -1
2651 269 1140 1166 1185 -1
2653 113 1166 -1
2655 49 1159 -1
2658 307 1100 1157 1166 1185 -1
2674 103 1166 -1
2676 7 1154 -1
2700 168 1100 1157 1166 -1
2686 156 1159 1166 -1
2688 618 1100 1159 1166 1185 -1
2704 75 1157 -1
2660 164 1140 1157 1166 -1
2667 126 1159 -1
2693 149 1166 -1
2696 64 1185 -1
2711 13 1166 -1
2728 3 1154 -1
2740 28 1154 -1
2744 39 1154 -1
2747 79 1100 -1
2790 173 1166 -1
2791 15 1166 -1
2831 39 1166 -1
2859 139 1157 -1
2871 282 1157 -1
2932 62 1157 -1
2940 123 1157 1166 -1
2951 19 1185 -1
2964 70 1140 -1
2967 238 1157 1166 -1
2968 55 1166 -1
2972 357 1159 -1
2988 55 1191 -1
3000 43 1166 -1
3010 123 1166 -1
3024 52 1166 -1
3026 175 1157 -1
3028 189 1166 -1
3031 50 1166 -1
3032 216 1140 1157 1166 -1
3033 45 1166 -1
3034 38 1157 -1
2713 200 1100 1157 1166 -1
3037 7 1166 -1
3057 48 1166 -1
2356 57 1166 -1
3081 20 1157 -1
3088 37 1100 1157 -1
2842 124 1157 1166 -1
3144 88 1157 1166 -1
3148 26 1166 -1
3168 79 1185 -1
3258 95 1157 1166 -1
3275 14 1166 -1
3276 79 1140 1157 -1
3291 58 1166 -1
3310 18 1191 -1
3352 273 1140 1166 1185 -1
3366 63 1140 -1
3373 12 1157 -1
3380 42 1157 1166 -1
3388 15 1159 -1
3402 122 1157 1185 -1
3404 89 1159 -1
3439 88 1166 -1
3449 314 1159 1185 -1
3450 27 1185 -1
3451 98 1140 1185 -1
3453 319 1185 -1
3454 148 1185 -1
3455 68 1185 -1
3457 166 1157 1191 -1
3461 101 1185 -1
3462 54 1157 1185 -1
3463 56 1185 -1
3466 17 1166 -1
3469 23 1166 -1
3470 21 1166 -1
3479 102 1157 1166 -1
3482 24 1100 -1
3478 42 1159 -1
3488 16 1157 -1
3523 28 1100 -1
3386 12 1166 -1
3508 11 1166 -1
3562 40 1166 -1
3568 147 1185 -1
3587 15 1166 -1
3528 13 1166 -1
3600 12 1166 -1
3602 1 1166 -1
3603 12 1166 -1
3614 205 1100 1157 1159 -1
3620 1 1157 -1
3621 1 1157 -1
3622 22 1157 -1
3634 82 1159 -1
3635 63 1157 -1
3642 362 1159 -1
3660 87 1157 -1
3666 144 1159 1185 -1
3682 75 1140 1157 -1
3691 95 1140 1191 -1
3724 93 1140 -1
3742 3 1100 -1
3743 10 1100 -1
3786 99 1159 -1
3787 232 1185 -1
3855 6 1157 -1
3956 85 1157 -1
3973 33 1140 -1
4036 147 1159 -1
4045 257 1159 -1
4056 23 1157 -1
4065 131 1185 -1
4070 111 1159 -1
4074 33 1157 -1
4111 16 1140 -1
4076 86 1159 -1
4123 25 1157 -1
4124 50 1157 -1
4136 26 1157 -1
4144 76 1157 -1
4151 84 1185 -1
4223 7 1157 -1
4266 11 1157 -1
4273 23 1157 -1
4304 1 1157 -1
4305 1 1157 -1
4308 7 1157 -1
4306 1 1157 -1
4307 3 1157 -1
4324 8 1185 -1
4364 39 1185 -1
4433 24 1185 -1
4437 70 1185 -1
4441 202 1191 -1
4581 3 1185 -1
4632 228 1159 -1
4686 57 1159 -1
4948 214 1191 -1
4967 361 1159 -1
5123 69 1159 -1
5176 139 1159 -1
4310 278 1159 1191 -1
5262 59 1159 -1
5263 75 1159 -1
5427 37 1159 -1
5485 21 1159 -1
5524 389 1191 -1
5531 243 1159 -1
5543 137 1159 -1
5624 28 1159 -1
5650 2 1191 -1
5775 42 1191 -1
5787 32 1159 -1
5796 191 1159 -1
5800 222 1191 -1
5915 52 1191 -1
5920 10 1191 -1
6005 1 1159 -1
6003 1 1159 -1
6006 68 1159 -1
6004 6 1159 -1
6007 6 1159 -1
6596 177 1191 -1
6624 135 1191 -1
6907 191 1191 -1
6993 81 1191 -1
7052 142 1191 -1
7047 161 1191 -1
7049 27 1191 -1
7092 93 1191 -1
7614 39 1191 -1
7682 36 1191 -1
7766 13 1191 -1