30 5 7478 -1
72 164 7478 -1
87 195 7478 -1
109 190 7400 7414 -1
136 99 7442 -1
155 28 7400 7493 -1
199 17 7442 -1
237 41 7414 -1
265 31 7478 -1
335 46 7443 7497 -1
336 31 7450 -1
371 117 7422 7478 -1
395 42 7414 -1
425 79 7422 7442 -1
432 157 7443 -1
457 732 7400 7414 7450 7478 7491 -1
580 30 7400 -1
737 232 7422 7442 7449 7450 7493 -1
766 773 7400 7414 7443 7450 7478 7493 -1
909 12 7407 7422 7439 7478 -1
1000 60 7436 -1
1009 44 7400 -1
1055 196 7478 7497 -1
1097 88 7450 -1
1098 305 7414 7478 -1
1151 472 7414 -1
1166 599 7442 -1
1358 18 7478 -1
1374 462 7400 7443 -1
1385 35 7478 -1
1542 244 7414 7449 7478 -1
1549 587 7478 -1
1010 6 7400 -1
1661 66 7497 -1
1667 55 7491 -1
1769 67 7478 -1
1879 13 7414 7422 -1
1995 3 7497 -1
2010 27 7443 -1
2062 121 7478 -1
2258 95 7422 7478 -1
2276 32 7478 7490 -1
2285 17 7478 -1
2328 215 7400 7414 -1
2452 42 7414 -1
2485 324 7400 7422 7478 -1
2560 180 7400 7443 -1
2565 893 7400 7414 7422 7442 7443 7450 7478 7497 -1
2576 146 7443 -1
2595 49 7478 -1
2658 307 7400 7414 7422 7436 7442 7450 7478 7497 -1
2738 3 7423 -1
2839 5 7422 -1
3027 39 7450 7478 -1
3032 216 7478 -1
3084 62 7443 -1
2003 63 7440 -1
3320 5 7442 -1
3321 18 7493 -1
3348 25 7442 -1
3367 3 7400 -1
3381 180 7414 7422 7443 7450 7478 -1
3447 271 7414 -1
3456 241 7400 7414 7450 -1
3457 166 7400 7442 7478 -1
3462 54 7478 -1
3498 114 7478 -1
3586 156 7400 7414 7436 -1
3600 12 7478 -1
3642 362 7442 7478 7497 -1
3683 6 7478 -1
3691 95 7422 7423 7440 7450 7497 -1
3787 232 7422 7478 7497 -1
3910 33 7478 -1
3965 89 7422 -1
4036 147 7400 7414 -1
4040 104 7443 -1
4046 89 7400 -1
4124 50 7478 -1
4151 84 7443 -1
4211 65 7478 -1
4441 202 7443 7449 -1
4483 153 7414 -1
4542 9 7434 -1
4598 71 7478 -1
4712 121 7422 7478 -1
4739 11 7478 -1
4792 62 7414 -1
4832 7 7478 -1
4843 24 7478 -1
4879 28 7414 -1
4915 6 7414 -1
4948 214 7400 7414 7443 -1
4974 44 7414 -1
4994 19 7414 -1
5002 115 7414 7442 -1
5020 139 7478 -1
5079 271 7478 -1
5103 127 7414 7443 -1
4828 168 7414 -1
5173 122 7400 7414 7422 7497 -1
5177 101 7414 -1
4310 278 7400 7450 7497 -1
5185 152 7414 -1
5189 312 7414 7478 7498 -1
5196 32 7414 -1
5201 15 7478 7498 -1
5215 8 7414 -1
5301 61 7422 -1
5445 63 7449 -1
5446 26 7478 -1
5501 3 7478 -1
5524 389 7400 7414 7422 7436 7442 7443 7450 7478 7497 -1
5531 243 7414 7422 7450 7478 -1
5543 137 7414 7478 -1
5655 139 7440 7498 -1
5773 75 7414 7436 -1
5796 191 7414 7443 -1
5800 222 7400 7422 7443 7491 7493 -1
5802 385 7400 7414 7422 7436 7442 7443 7449 7450 7478 7491 7497 -1
5806 83 7400 7414 7422 7439 7497 7498 -1
5807 27 7434 7440 7498 -1
5811 79 7407 7414 7423 7434 -1
5814 144 7414 7434 -1
5816 84 7422 7478 -1
5819 61 7400 -1
5820 20 7449 -1
5821 22 7478 -1
5822 98 7414 7422 -1
5823 12 7478 -1
5915 52 7443 7449 -1
5988 4 7478 -1
5998 81 7443 -1
6006 68 7422 7443 7478 -1
6020 25 7443 -1
6032 80 7400 -1
6043 39 7400 7443 -1
6097 26 7478 -1
6180 3 7478 -1
6198 14 7414 -1
6221 31 7414 7478 -1
6229 19 7478 -1
6241 75 7400 7414 7443 7497 -1
6243 35 7414 -1
6270 88 7414 7442 -1
6272 76 7414 7478 -1
6280 52 7414 7442 7450 7478 7497 -1
6305 190 7491 -1
6323 44 7414 -1
6360 35 7442 -1
850 4 7400 -1
6486 85 7400 7414 7436 7439 7491 -1
6494 101 7400 7414 7443 -1
6510 54 7442 -1
6518 33 7422 -1
6523 33 7414 -1
6524 8 7478 -1
6460 58 7414 7442 7491 7497 7498 -1
6555 35 7414 7434 -1
6560 43 7414 -1
6123 24 7414 7439 7497 7498 -1
6563 58 7436 -1
6552 29 7414 -1
6595 12 7414 -1
6596 177 7443 -1
6618 91 7414 7490 -1
6619 104 7400 7414 7423 7436 7439 7440 -1
6615 160 7414 7422 7423 7436 7439 7442 7443 7449 7450 7478 -1
6624 135 7400 7414 7443 7450 7478 -1
6635 9 7478 -1
6646 4 7478 -1
6655 7 7478 -1
6712 11 7443 -1
6714 100 7414 7422 7423 7442 7450 7478 7491 7497 -1
6758 10 7407 7478 -1
6772 77 7423 7497 -1
6774 24 7414 -1
6779 3 7478 -1
6784 42 7414 7422 7442 7450 7497 -1
6789 11 7414 7442 7449 -1
6801 6 7414 -1
6804 6 7414 -1
6875 15 7443 -1
6885 19 7422 -1
6900 31 7422 7478 -1
6902 28 7400 7436 -1
6914 95 7414 7422 7442 7478 7491 7497 -1
6907 191 7400 7414 7423 7478 7497 -1
6916 54 7442 7450 -1
6918 29 7400 7414 -1
6934 65 7400 7497 -1
6941 57 7400 -1
5529 39 7443 -1
6976 41 7400 -1
6993 81 7414 7442 -1
7012 10 7414 -1
7021 15 7414 -1
7052 142 7400 7450 7478 7491 7497 -1
7045 36 7443 7497 -1
7046 21 7414 -1
7047 161 7443 -1
7055 98 7400 7414 7443 7450 7478 -1
7056 37 7443 -1
7049 27 7443 -1
7057 118 7400 7442 7478 7497 -1
7063 16 7414 -1
7071 4 7414 -1
7080 70 7414 7442 7449 7478 7497 -1
6946 68 7423 7434 7436 7440 7442 -1
7086 123 7414 7422 7450 7478 7491 7497 -1
7092 93 7400 7414 7443 -1
7099 18 7400 -1
7113 12 7439 -1
7131 24 7414 -1
7132 30 7407 7423 -1
7225 47 7400 7449 -1
7229 7 7400 -1
7231 101 7400 7414 7443 7450 7478 7490 7498 -1
7233 22 7407 7422 -1
7236 23 7478 -1
7237 15 7498 -1
7239 21 7478 7497 -1
7262 11 7400 -1
7260 3 7478 -1
7277 4 7493 -1
7278 4 7414 -1
7279 19 7443 -1
7280 89 7440 7443 -1
7294 39 7400 7414 -1
7335 15 7414 -1
7341 2 7414 -1
7343 12 7414 -1
7350 21 7414 -1
7354 4 7478 -1
7386 25 7434 -1
7389 2 7450 -1
7390 24 7423 7442 7443 -1
7391 52 7443 -1
7400 15 7414 7450 -1
7405 18 7443 -1
7393 12 7414 -1
7413 2 7414 -1
7421 9 7422 -1
7441 3 7442 -1
7444 3 7450 -1
6139 1 7450 -1
7448 1 7450 -1
7445 1 7450 -1
7446 1 7450 -1
7447 1 7450 -1
7449 39 7450 -1
7465 1 7467 -1
7466 1 7467 -1
7473 1 7478 -1
7474 1 7478 -1
7468 1 7478 -1
7469 1 7478 -1
7476 2 7478 -1
7477 1 7478 -1
7470 1 7478 -1
4532 8 7478 -1
7494 1 7495 -1
7517 2 7493 -1
7415 6 7400 -1
7150 10 7400 -1
7565 3 7400 -1
7649 10 7443 -1
7679 26 7443 -1
7697 19 7443 -1
7744 50 7449 -1