6 302 1321 1326 1377 1389 1390 1394 1396 -1
9 81 1384 -1
11 743 1305 1307 1310 1319 1321 1322 1326 1330 1353 1360 1372 1374 1375 1377 1378 1382 1384 1385 1389 1390 1394 1396 -1
14 114 1307 1385 -1
16 15 1374 -1
20 187 1307 1321 1352 1374 1389 1396 -1
24 309 1310 1315 1330 1353 1357 1360 -1
36 227 1307 1310 1353 1357 1372 1377 1378 -1
35 65 1330 1377 1389 -1
42 89 1353 -1
47 146 1300 1307 1378 -1
29 150 1307 -1
59 94 1315 1357 1396 -1
60 9 1374 -1
72 164 1310 1319 1352 1378 1394 1396 -1
77 25 1372 -1
83 8 1384 1385 -1
86 122 1305 -1
71 109 1357 -1
87 195 1307 1330 1352 1382 -1
90 72 1305 -1
68 275 1352 1374 -1
122 213 1385 1393 -1
127 132 1385 -1
128 80 1322 -1
132 29 1374 -1
138 72 1375 -1
143 94 1330 -1
147 58 1315 1357 1378 -1
145 18 1321 1377 -1
171 70 1330 1382 1389 1394 -1
172 123 1357 1374 1384 -1
173 334 1319 1322 1353 1357 1360 1372 1375 1377 1378 1389 1394 1396 -1
74 69 1330 -1
176 39 1375 -1
182 79 1305 1357 1374 1396 -1
166 93 1307 -1
197 11 1353 -1
215 100 1322 1374 1375 -1
226 25 1322 -1
231 50 1396 -1
237 41 1315 1374 -1
258 6 1360 -1
260 6 1360 -1
259 56 1330 1372 1375 1382 -1
269 30 1322 -1
270 14 1378 -1
275 56 1357 -1
290 71 1305 1378 1396 -1
304 79 1319 1326 -1
306 244 1378 1385 1394 -1
308 142 1307 1389 -1
310 230 1319 1375 1378 -1
311 321 1319 1322 1326 1330 1353 1357 1374 1375 1377 1385 -1
312 227 1319 1330 1375 1382 -1
313 54 1330 1377 -1
315 77 1321 1382 -1
317 140 1377 1394 -1
319 199 1382 -1
335 46 1385 -1
150 28 1319 1385 -1
336 31 1385 -1
339 80 1321 1330 -1
341 47 1385 -1
356 18 1375 -1
363 3 1305 -1
371 117 1310 1322 1396 -1
376 37 1330 -1
395 42 1357 1384 1389 -1
407 145 1322 -1
415 4 1330 -1
325 25 1360 -1
427 6 1384 -1
423 7 1384 -1
432 157 1305 1378 -1
447 15 1384 -1
457 732 1310 1319 1322 1352 1353 1357 1374 1377 1378 1385 1390 1394 1396 -1
465 17 1307 -1
545 24 1330 -1
546 142 1307 1357 -1
553 22 1315 -1
556 121 1315 1330 1353 -1
585 3 1307 -1
588 22 1330 -1
590 8 1375 -1
600 214 1310 1315 1330 1352 1353 1374 1377 -1
604 8 1377 -1
626 31 1330 -1
634 150 1319 1321 1330 1357 1378 1382 1385 1389 1390 -1
646 17 1385 -1
635 66 1321 1357 -1
647 32 1330 1378 1390 -1
644 27 1360 1372 -1
650 98 1375 1382 -1
664 13 1374 -1
663 158 1319 1360 1374 1394 -1
639 31 1382 -1
686 83 1372 1375 1389 -1
689 47 1307 -1
695 118 1322 1374 1385 -1
704 81 1396 -1
706 95 1321 1322 1330 1374 -1
707 123 1319 1330 1372 1375 1377 1389 -1
710 105 1319 1360 1377 -1
715 23 1321 1330 -1
722 264 1307 1321 1357 1374 1378 1385 -1
742 93 1310 1385 1394 -1
749 66 1310 -1
759 77 1315 1375 -1
763 68 1360 -1
766 773 1305 1307 1310 1352 1357 1360 1378 1384 1385 1393 -1
769 146 1315 1319 1378 1396 -1
788 113 1385 -1
784 224 1360 1384 1385 -1
789 317 1310 1319 1321 1322 1352 1360 1374 1384 1385 1390 1394 1396 -1
795 60 1360 -1
805 90 1307 1322 1374 1377 1385 1390 1396 -1
810 34 1322 -1
813 272 1315 1319 1357 1360 1374 1378 1384 1385 -1
822 11 1315 -1
334 41 1307 -1
826 249 1319 1322 1357 1374 1377 -1
825 165 1307 1310 -1
838 36 1322 -1
841 61 1315 -1
854 99 1319 1384 1385 1389 -1
856 91 1305 1307 1374 -1
865 97 1315 -1
870 38 1319 1322 -1
871 59 1377 -1
879 122 1305 1382 -1
900 5 1323 -1
902 2 1385 -1
904 119 1319 1322 1326 1330 1374 1375 1390 -1
937 46 1378 -1
941 80 1319 1330 1375 -1
946 110 1357 1360 1396 -1
948 29 1323 -1
960 22 1322 -1
964 4 1382 -1
968 5 1384 -1
969 2 1389 -1
971 72 1321 1389 -1
974 36 1385 -1
978 65 1374 -1
981 16 1377 -1
986 77 1307 -1
988 292 1305 1307 1357 1393 -1
993 238 1319 1330 1374 1377 1378 1382 1393 1394 -1
994 45 1393 -1
996 297 1353 1357 1375 1378 1384 1389 1393 1394 -1
998 30 1322 -1
1006 138 1326 1330 1375 1389 1394 1396 -1
1003 18 1319 1374 -1
1013 23 1382 1396 -1
1022 14 1377 -1
1024 41 1305 1307 -1
1029 135 1319 1321 1330 1372 1375 1377 1382 1394 1396 -1
1032 39 1357 -1
1034 33 1319 1322 -1
1037 86 1353 1374 1378 -1
1041 49 1319 -1
1042 41 1384 1396 -1
1043 21 1396 -1
1046 24 1319 1321 1326 1394 -1
1050 44 1357 1378 -1
1051 46 1384 1385 -1
1055 196 1322 1360 1375 1382 -1
1061 2 1390 -1
1062 156 1330 1357 1374 -1
1074 95 1321 1352 -1
1075 74 1330 1353 1372 1375 -1
1097 88 1393 -1
1098 305 1315 1357 1378 -1
1111 60 1330 1353 -1
1114 39 1321 1322 1330 1394 -1
1127 62 1319 1357 1384 -1
1129 62 1321 1377 -1
1132 57 1396 -1
1133 399 1305 1310 1360 1385 -1
1135 115 1322 1330 1357 1378 -1
1137 135 1357 1372 1374 1375 1378 1394 -1
1142 48 1322 1357 -1
1143 14 1307 -1
1068 3 1322 -1
1150 8 1319 -1
1151 472 1319 1322 1323 1352 1353 1357 1374 1378 1393 -1
922 149 1319 1321 1322 1330 1377 -1
1160 24 1330 1372 1382 1394 1396 -1
1166 599 1305 1307 1315 1322 1323 1352 1357 1374 1378 1384 1385 1393 -1
1167 158 1321 1322 1330 1357 -1
1183 9 1389 -1
1185 43 1321 1322 -1
1193 31 1323 -1
1200 107 1393 -1
1201 35 1319 1322 1394 1396 -1
1202 66 1353 -1
1203 22 1307 1326 1357 -1
1204 61 1305 1330 1372 1375 1394 -1
1210 218 1319 1330 1352 1353 1357 1374 1377 1378 1384 1389 1393 1394 1396 -1
1211 79 1372 1375 -1
1215 65 1357 -1
1221 77 1321 1375 1378 1390 1394 1396 -1
1233 14 1321 1326 -1
1235 20 1326 1330 1389 -1
1236 103 1319 1357 1378 1390 1394 -1
1241 35 1319 1330 -1
1242 11 1322 -1
1247 77 1319 1357 1374 1385 -1
1253 51 1382 -1
1259 45 1372 1389 1394 -1
1267 61 1319 1357 -1
1278 69 1319 1321 1326 1382 -1
1279 124 1319 1321 1326 1357 1377 -1
1282 8 1384 -1
1286 65 1394 -1
1285 31 1305 1378 -1
1290 16 1330 1377 -1
1291 34 1330 1357 1375 1377 -1
1293 33 1319 1330 1377 -1
1296 9 1315 -1
1297 76 1330 -1
1301 3 1307 -1
1305 290 1315 1321 1330 1357 1389 1393 -1
1306 20 1307 -1
1311 2 1372 -1
1319 181 1322 1326 1357 1374 1382 -1
1326 6 1322 -1
1335 62 1322 1326 1374 1384 -1
1350 117 1319 1322 1389 -1
1352 121 1319 1396 -1
1354 8 1372 -1
1356 20 1322 -1
1357 91 1319 1322 1352 1377 -1
1358 18 1307 -1
1373 4 1375 -1
1374 462 1322 1353 1375 1384 1393 -1
1376 1 1382 -1
1377 33 1382 1396 -1
1378 14 1382 -1
1379 1 1382 -1
1380 63 1319 1374 1377 1382 -1
1381 52 1315 1378 1382 -1
1383 4 1384 1389 -1
1384 37 1374 1389 -1
1385 35 1389 -1
1386 61 1353 1389 -1
1387 1 1389 -1
1388 2 1384 1389 -1
1394 9 1390 -1
1390 32 1377 1394 -1
1391 1 1394 -1
1392 2 1394 -1
1393 4 1394 -1
1395 199 1319 1322 1353 1357 1378 1384 1390 1396 -1
1416 13 1384 -1
1420 12 1322 -1
1419 41 1323 1384 -1
1424 52 1357 1377 -1
1427 2 1307 -1
1428 183 1319 1322 1326 1357 1374 1378 1390 -1
1429 3 1319 -1
1430 2 1307 -1
1184 79 1319 1357 1374 -1
1438 1 1326 -1
1439 9 1319 -1
1442 20 1319 -1
1443 3 1319 -1
1448 1 1319 -1
1449 1 1319 -1
1450 1 1319 -1
1451 3 1319 1322 -1
1462 48 1377 -1
1465 8 1357 -1
1468 20 1385 -1
1466 24 1319 1377 -1
1470 156 1310 1319 1374 1385 -1
1471 72 1322 -1
1473 91 1357 1374 -1
1483 52 1377 -1
1487 117 1319 1322 -1
1489 64 1307 1374 -1
1492 157 1319 1377 -1
1496 210 1307 1319 1322 1353 1357 1360 1377 1393 -1
1497 28 1322 -1
1500 48 1315 -1
1501 38 1322 -1
1506 41 1385 -1
1511 1 1377 -1
1510 16 1377 -1
1521 99 1319 1323 1374 -1
1522 139 1374 1385 -1
1525 35 1322 -1
1538 81 1319 1322 -1
1537 68 1357 -1
1542 244 1319 1353 1385 -1
1547 28 1374 -1
1549 587 1307 1315 1319 1322 1352 1353 1357 1360 1374 1378 1385 1390 -1
1550 42 1385 -1
1555 79 1319 -1
1566 46 1315 1378 -1
1583 87 1374 -1
1585 102 1378 1384 -1
1592 30 1384 -1
1594 114 1319 1374 -1
1596 29 1319 -1
1571 24 1357 -1
1608 355 1307 1319 1322 1353 1357 1374 1378 1384 1390 1393 -1
1614 73 1322 1357 1374 -1
1615 162 1319 1322 -1
1621 80 1353 1378 -1
1622 50 1357 -1
1623 39 1357 -1
1639 36 1378 -1
1644 48 1384 -1
1661 66 1305 -1
1564 27 1353 1390 -1
1670 18 1374 1390 -1
1701 112 1360 -1
1697 70 1385 -1
1700 93 1353 1385 -1
1707 34 1384 -1
1712 1 1319 -1
1713 1 1319 -1
1714 5 1319 -1
1717 96 1322 1357 -1
1720 14 1378 -1
1722 14 1378 -1
1688 25 1378 -1
1729 19 1353 -1
1733 42 1352 -1
1734 55 1322 1357 1378 -1
1735 1 1322 -1
1746 7 1378 -1
1748 76 1307 -1
1756 89 1315 1353 1390 -1
1766 27 1374 -1
1772 141 1374 1378 -1
1783 57 1353 -1
1792 31 1374 -1
1795 44 1357 -1
1799 48 1357 -1
1811 43 1352 1393 -1
1808 129 1353 1378 1384 1385 -1
1814 105 1315 1357 1393 -1
1820 90 1357 1374 -1
1823 49 1353 -1
1835 73 1315 1374 -1
1837 28 1315 -1
1868 22 1378 -1
1875 33 1393 -1
1885 44 1357 -1
1891 36 1384 -1
1896 51 1315 1374 1390 -1
1908 9 1315 -1
1919 112 1353 1374 1378 1390 -1
1922 204 1353 1357 1393 -1
1931 15 1353 -1
1966 18 1378 -1
1965 9 1378 -1
1972 181 1307 1315 1357 -1
1977 34 1353 1378 -1
1985 56 1357 1390 -1
1990 36 1352 1385 -1
1991 66 1374 1384 -1
1992 16 1384 -1
1997 88 1353 1378 -1
1794 26 1393 -1
2009 63 1357 -1
2016 13 1315 -1
2062 121 1353 1378 -1
2063 21 1378 -1
2065 50 1315 1323 -1
2069 17 1323 -1
2071 7 1378 -1
2072 121 1374 1378 1384 1390 -1
2091 8 1307 -1
2093 55 1315 1374 -1
2099 22 1353 -1
2115 16 1310 -1
2120 122 1353 -1
2133 129 1374 1384 1390 -1
2156 41 1353 -1
2169 32 1374 1390 -1
2172 29 1384 -1
2174 65 1353 1374 -1
2186 61 1315 -1
2192 5 1315 -1
2206 14 1374 -1
2209 31 1357 -1
2226 28 1374 -1
2229 143 1357 1385 1393 -1
2236 75 1357 1393 -1
2237 241 1305 1315 1357 -1
2241 14 1353 -1
2240 108 1307 1393 -1
2041 6 1378 -1
2249 38 1353 -1
2255 31 1390 -1
2256 247 1374 1384 -1
2264 58 1353 1357 -1
2285 17 1393 -1
2290 120 1307 1385 -1
2289 14 1385 -1
2297 164 1307 1315 1357 1374 1384 -1
2298 48 1385 -1
2299 67 1390 -1
2300 1 1390 -1
2301 1 1390 -1
2302 1 1390 -1
2323 111 1307 1385 -1
2326 252 1307 1310 1385 -1
2328 215 1384 -1
2363 4 1315 1393 -1
2365 77 1357 -1
2366 7 1374 -1
2369 189 1352 -1
2371 124 1315 1357 -1
2375 49 1384 -1
2376 26 1374 -1
2381 71 1385 -1
2379 45 1307 -1
2384 72 1315 1385 -1
2401 1 1323 -1
2402 2 1323 -1
2411 141 1385 -1
2435 35 1374 -1
2472 75 1315 1357 1393 -1
2473 103 1315 1374 1384 1393 -1
2476 35 1357 -1
2485 324 1307 1315 1357 1360 1393 -1
2507 69 1352 1357 1393 -1
2508 13 1374 -1
2509 11 1374 1384 -1
2517 5 1310 -1
2542 93 1307 -1
2546 34 1357 -1
2547 105 1357 -1
2549 70 1357 -1
2550 26 1357 -1
2566 32 1374 -1
2557 77 1310 1315 -1
2559 82 1385 -1
2560 180 1305 1307 1360 -1
2564 50 1315 1352 -1
2565 893 1305 1307 1310 1315 1357 1360 1374 1384 1385 1393 -1
2569 5 1374 -1
2576 146 1315 1357 -1
2593 32 1374 -1
2595 49 1357 -1
2474 142 1307 1357 1374 1384 1393 -1
2619 46 1357 -1
2626 3 1374 -1
2651 269 1305 1360 1385 -1
2653 113 1307 -1
2655 49 1307 1315 -1
2657 44 1352 -1
2658 307 1305 1385 -1
2672 13 1374 1384 -1
2674 103 1305 1357 1393 -1
2676 7 1374 -1
2683 13 1357 -1
2686 156 1357 1393 -1
2702 80 1385 -1
2703 61 1393 -1
2688 618 1305 1310 1352 1357 1360 1385 1393 -1
2704 75 1393 -1
2660 164 1360 1393 -1
2690 26 1357 -1
2691 44 1357 -1
2692 19 1393 -1
2693 149 1310 -1
2696 64 1393 -1
2715 2 1384 -1
2716 1 1384 -1
2717 1 1384 -1
2718 1 1384 -1
2727 33 1357 -1
2730 2 1374 -1
2736 1 1374 -1
2737 16 1374 -1
2738 3 1374 -1
2739 1 1374 -1
2740 28 1374 -1
2760 23 1385 -1
2774 46 1310 -1
2790 173 1357 -1
2654 104 1357 -1
2832 50 1360 -1
2855 16 1360 -1
2859 139 1307 -1
2871 282 1307 1310 1315 1357 1360 1385 1393 -1
2872 87 1307 1393 -1
2875 6 1393 -1
2885 5 1315 -1
2904 18 1357 -1
2909 57 1310 -1
2912 33 1357 1393 -1
2913 11 1305 -1
2940 123 1352 -1
2948 26 1357 -1
2950 13 1315 -1
2951 19 1385 -1
2964 70 1305 1307 1360 1385 -1
2967 238 1305 1307 1310 1315 -1
2968 55 1357 -1
2972 357 1305 1310 1360 -1
2985 4 1315 -1
2986 3 1315 -1
2987 9 1315 1357 -1
2988 55 1315 -1
2989 10 1315 -1
3009 51 1385 -1
3005 28 1307 1357 -1
3010 123 1307 -1
2707 103 1357 1385 -1
3018 19 1357 -1
3020 52 1357 1393 -1
3024 52 1307 -1
3026 175 1307 1357 1385 -1
3027 39 1310 -1
3028 189 1393 -1
3032 216 1385 -1
3033 45 1357 1393 -1
3034 38 1360 -1
3035 13 1352 1385 -1
2713 200 1307 1385 -1
3056 44 1393 -1
3057 48 1357 -1
3062 42 1393 -1
3072 25 1357 1393 -1
3073 34 1310 -1
3098 37 1393 -1
3095 37 1357 1393 -1
3106 5 1357 -1
3107 10 1357 -1
2842 124 1357 1385 -1
3108 8 1357 -1
3168 79 1307 -1
3172 13 1385 -1
3192 56 1305 1307 -1
3209 41 1385 -1
3276 79 1307 -1
3290 36 1385 -1
3350 55 1360 -1
3352 273 1307 1310 1385 -1
3378 41 1385 -1
3394 156 1305 -1
3402 122 1305 1310 -1
3390 60 1360 -1
3439 88 1352 1385 -1
3447 271 1305 1310 -1
3449 314 1310 1360 -1
3451 98 1360 1385 -1
3452 131 1305 1310 1360 -1
3453 319 1305 1310 1360 1385 -1
3454 148 1305 1307 1310 1385 -1
3455 68 1305 1310 -1
3456 241 1305 1310 1352 1360 1385 -1
3457 166 1305 1360 1385 -1
3462 54 1305 1352 -1
3463 56 1360 -1
3466 17 1352 -1
3472 15 1305 -1
3479 102 1307 -1
3498 114 1385 -1
3568 147 1307 -1
3603 12 1305 1310 -1
3614 205 1310 -1
3615 144 1307 -1
3631 91 1307 -1
3641 212 1307 1385 -1
3642 362 1352 -1
3643 44 1385 -1
3659 38 1385 -1
3660 87 1307 1385 -1
3665 20 1385 -1
3677 2 1305 -1
3682 75 1307 -1
3688 4 1385 -1
3691 95 1307 -1
3724 93 1307 1385 -1
3728 85 1307 1385 -1
3729 11 1307 -1
3743 10 1385 -1
3767 16 1385 -1
3777 11 1385 -1
3787 232 1305 1310 1360 -1
3812 53 1307 -1
3813 94 1307 -1
3814 47 1307 -1
3854 82 1352 -1
3872 15 1307 -1
3877 13 1310 -1
3956 85 1307 -1
3969 90 1305 1385 -1
3976 145 1305 1310 -1
4001 28 1385 -1
4036 147 1305 1307 1310 -1
4037 15 1385 -1
4044 89 1305 1360 -1
4045 257 1305 1310 1352 1360 -1
4056 23 1385 -1
4077 77 1305 -1
4065 131 1305 1310 -1
4070 111 1305 1385 -1
4073 115 1307 -1
4074 33 1385 -1
4082 15 1385 -1
4089 3 1307 -1
4090 1 1307 -1
4091 1 1307 -1
4092 1 1307 -1
4099 155 1385 -1
4144 76 1305 1352 1385 -1
4187 9 1310 1360 -1
4211 65 1385 -1
4219 112 1305 -1
4222 41 1305 -1
4255 9 1305 -1
4261 24 1385 -1
4313 5 1385 -1
4315 29 1385 -1
4324 8 1385 -1
4408 1 1385 -1
4405 1 1385 -1
4415 17 1305 1360 -1
4442 18 1360 -1
4451 9 1352 -1
4483 153 1305 -1
4488 50 1352 -1
4574 40 1305 1310 -1
4632 228 1385 -1
4653 114 1385 -1
4663 10 1305 -1
4665 9 1360 -1
4673 96 1352 -1
4681 20 1305 -1
4682 14 1310 -1
4686 57 1305 1385 -1
4688 59 1305 1310 1360 -1
4712 121 1310 1352 -1
4725 36 1305 1310 -1
4756 34 1305 -1
4748 38 1305 1310 -1
4760 7 1305 -1
4781 27 1352 1385 -1
4814 20 1360 -1
4813 46 1310 1352 -1
4816 1 1360 -1
4817 1 1360 -1
4818 28 1305 -1
4840 4 1385 -1
4859 30 1310 -1
4853 5 1305 1352 -1
4891 7 1305 -1
4893 5 1305 -1
4894 79 1305 -1
4932 2 1305 -1
4937 17 1305 1310 -1
4948 214 1310 1385 -1
4963 13 1310 -1
4966 25 1385 -1
4967 361 1352 -1
4978 1 1310 -1
4979 1 1310 -1
4980 16 1310 -1
4981 53 1310 1385 -1
4982 43 1310 1385 -1
4977 3 1310 -1
4983 4 1310 -1
5006 28 1385 -1
5020 139 1385 -1
5079 271 1352 -1
4828 168 1385 -1
5125 54 1385 -1
5139 11 1385 -1
5140 51 1352 -1
5162 5 1352 -1
5166 48 1352 -1
4310 278 1352 -1
5181 41 1352 -1
5185 152 1352 -1
5188 211 1352 -1
5195 4 1385 -1
5233 24 1385 -1
5232 2 1385 -1
5238 3 1385 -1
5243 19 1385 -1
5246 44 1352 -1
5261 2 1385 -1
4407 1 1385 -1
5265 1 1385 -1
5531 243 1352 -1
5532 26 1352 -1
5697 230 1352 -1
5714 44 1352 -1
5802 385 1352 -1
5821 22 1352 -1
5839 41 1352 -1
5862 24 1352 -1
5934 42 1352 -1
5998 81 1352 -1
6217 31 1352 -1
6344 2 1352 -1
6359 81 1352 -1
6447 12 1352 -1
6458 28 1352 -1
6467 8 1352 -1
6605 10 1352 -1
6607 4 1352 -1