6 302 3892 -1
11 743 3800 3806 3807 3812 3830 3843 3847 3871 3892 -1
12 65 3843 -1
24 309 3800 3843 3854 3898 -1
44 44 3813 -1
47 146 3803 3897 -1
53 39 3812 -1
29 150 3843 -1
59 94 3807 -1
66 44 3803 -1
77 25 3812 -1
86 122 3897 -1
71 109 3800 3804 3892 3897 -1
87 195 3873 3892 3897 -1
90 72 3897 -1
68 275 3806 3807 3816 3892 3897 -1
109 190 3830 3897 -1
122 213 3812 3843 3847 3871 3887 -1
127 132 3804 3897 -1
136 99 3897 -1
143 94 3803 -1
172 123 3812 3892 -1
173 334 3830 3843 3897 -1
178 63 3897 -1
203 31 3835 -1
259 56 3804 3835 -1
306 244 3804 3812 3847 -1
311 321 3843 3892 -1
319 199 3830 3843 3854 3897 -1
331 4 3892 -1
346 86 3812 3871 3887 -1
407 145 3835 -1
432 157 3803 -1
412 21 3813 -1
457 732 3803 3807 3812 3830 3843 3847 3849 3854 3871 3887 3897 -1
465 17 3812 3843 -1
534 4 3800 -1
546 142 3811 -1
583 26 3897 -1
582 34 3812 -1
600 214 3804 3835 -1
634 150 3803 3892 -1
643 46 3803 3871 -1
663 158 3897 -1
695 118 3807 3892 -1
719 4 3808 -1
722 264 3812 3897 -1
737 232 3842 -1
749 66 3873 3892 -1
763 68 3806 -1
766 773 3803 3804 3806 3812 3813 3830 3835 3842 3843 3854 3856 3871 3873 3887 3897 3898 -1
788 113 3873 3897 -1
784 224 3892 -1
789 317 3830 3843 3854 3897 -1
805 90 3800 -1
813 272 3847 3854 3875 -1
822 11 3854 -1
825 165 3800 3816 3822 3835 3892 -1
836 26 3847 -1
841 61 3803 -1
854 99 3873 -1
856 91 3803 3849 -1
852 39 3873 -1
879 122 3812 3843 3871 3875 3892 3897 -1
896 26 3843 3856 -1
988 292 3800 3804 3807 3809 3812 3825 3847 3849 3871 3892 -1
993 238 3800 3888 -1
994 45 3885 3892 -1
996 297 3806 3813 3897 -1
1037 86 3843 -1
1062 156 3812 -1
1063 29 3873 -1
1064 16 3803 3822 -1
1074 95 3830 3842 -1
1111 60 3897 -1
1113 6 3835 -1
1132 57 3871 3897 -1
1133 399 3806 3812 3813 3835 3843 3854 3873 3898 -1
1137 135 3854 3898 -1
1151 472 3807 3842 3885 3892 3897 -1
922 149 3807 -1
1164 39 3873 -1
1166 599 3803 3807 3812 3813 3830 3843 3873 3885 3887 3892 3893 3897 -1
1167 158 3835 -1
1169 29 3807 3871 -1
1204 61 3843 3854 -1
1210 218 3807 -1
1215 65 3873 -1
1221 77 3807 -1
1236 103 3807 -1
1241 35 3800 -1
1247 77 3843 3873 -1
1267 61 3800 -1
1279 124 3892 -1
1285 31 3898 -1
1291 34 3885 3887 -1
1297 76 3800 -1
1305 290 3800 3803 3804 3807 3812 3847 3887 -1
1306 20 3867 -1
1319 181 3871 -1
1353 30 3835 -1
1356 20 3813 -1
1368 33 3843 -1
1374 462 3830 3843 3871 3887 3897 -1
1382 17 3875 -1
1381 52 3897 -1
1395 199 3892 -1
1419 41 3807 -1
1428 183 3811 3835 3843 -1
1463 26 3892 -1
1470 156 3813 3897 -1
1492 157 3897 -1
1496 210 3830 3892 -1
1522 139 3800 3804 3806 3807 3809 3812 3847 3856 3887 -1
1537 68 3812 3897 -1
1542 244 3803 3809 3873 3892 3897 -1
1549 587 3800 3803 3804 3807 3812 3813 3835 3842 3847 3880 3892 3897 -1
1550 42 3800 3812 -1
1566 46 3854 -1
1585 102 3807 -1
1596 29 3842 -1
1608 355 3804 3812 3813 3843 3871 3887 -1
1623 39 3812 -1
1667 55 3897 -1
1680 4 3813 -1
1687 6 3806 -1
1691 50 3807 -1
1701 112 3897 -1
1717 96 3873 -1
1730 45 3804 -1
1749 68 3843 -1
1762 47 3830 -1
1767 97 3803 3807 3813 3847 -1
1769 67 3803 3898 -1
1772 141 3812 -1
1751 35 3812 3887 -1
1795 44 3843 -1
1796 38 3897 -1
1799 48 3803 3830 -1
1813 41 3800 3812 -1
1814 105 3842 -1
1820 90 3807 3892 -1
1823 49 3830 -1
1835 73 3892 -1
1847 47 3897 -1
1874 9 3835 -1
1879 13 3885 -1
1885 44 3892 -1
1888 36 3843 -1
1891 36 3807 -1
1896 51 3807 3887 -1
1901 1 3847 -1
1922 204 3812 3813 3830 3843 3871 3887 3892 -1
1924 5 3835 -1
1935 7 3830 -1
1947 15 3800 3887 3892 -1
1972 181 3800 3807 3842 3843 3847 3892 -1
1984 7 3887 -1
1990 36 3830 -1
1794 26 3892 -1
2001 39 3897 -1
2009 63 3871 -1
2016 13 3892 -1
2033 22 3835 -1
2062 121 3803 -1
2065 50 3843 -1
2102 45 3843 -1
2109 47 3843 -1
2116 20 3804 -1
2118 113 3806 3812 3892 3898 -1
2120 122 3835 -1
2129 44 3800 3812 -1
2135 146 3807 3873 3880 3887 -1
2145 145 3800 3807 3843 3873 -1
2160 26 3812 -1
2172 29 3897 -1
2193 12 3811 -1
2223 15 3892 -1
2230 49 3875 -1
2229 143 3813 -1
2237 241 3800 3807 3812 3847 3871 3887 3892 -1
2240 108 3842 -1
2252 22 3811 -1
2256 247 3800 3803 3811 3822 3849 3871 3893 3897 -1
2257 49 3885 3892 -1
2258 95 3873 -1
2264 58 3843 -1
2276 32 3897 -1
2290 120 3800 3803 3807 3809 3811 3812 3822 3843 3847 3849 3867 3887 3892 -1
2297 164 3807 -1
2298 48 3806 -1
2299 67 3892 -1
2323 111 3803 3847 3871 3897 -1
2326 252 3800 3804 3807 3812 3813 3843 3847 3871 3887 3892 3898 -1
2328 215 3800 3892 -1
2364 14 3809 3885 -1
2365 77 3812 -1
2369 189 3808 3813 3830 3897 3898 -1
2371 124 3887 -1
2381 71 3892 -1
2384 72 3871 -1
2387 66 3897 -1
2398 62 3800 3892 -1
2411 141 3893 3898 -1
2440 50 3892 -1
2456 31 3842 3873 -1
2473 103 3812 -1
2485 324 3800 3854 3873 3892 3897 -1
2488 21 3873 3892 -1
2504 100 3800 3843 3892 -1
2506 46 3892 -1
2508 13 3892 -1
2516 44 3892 -1
2535 47 3897 -1
2542 93 3804 3812 3847 3871 -1
2549 70 3812 -1
2566 32 3843 -1
2557 77 3854 3898 -1
2560 180 3803 3812 3843 3847 -1
2564 50 3830 -1
2565 893 3803 3804 3806 3807 3812 3813 3816 3843 3847 3849 3854 3856 3867 3871 3885 3887 3892 3893 3898 -1
2576 146 3813 -1
2585 60 3842 3873 3892 -1
2474 142 3898 -1
2605 64 3807 3812 3856 -1
2612 29 3813 3897 -1
2613 25 3803 3807 -1
2614 5 3847 3849 -1
2623 108 3856 3867 3892 -1
2619 46 3800 -1
2651 269 3800 3803 3807 3809 3811 3822 3825 3847 3849 3854 3856 3867 3871 3887 3898 -1
2653 113 3800 3807 3813 3854 3875 -1
2655 49 3835 -1
2657 44 3811 -1
2658 307 3806 3807 3812 3847 3849 3885 -1
2674 103 3812 -1
2677 40 3809 -1
2699 74 3804 3812 3871 3887 -1
2700 168 3800 3804 3807 3812 3816 3843 3887 3892 3898 -1
2686 156 3804 3843 -1
2702 80 3813 3843 -1
2688 618 3800 3803 3804 3806 3807 3812 3813 3835 3843 3847 3849 3854 3873 3888 3892 3897 3898 -1
2660 164 3807 3843 3871 3873 3887 -1
2689 38 3812 -1
2667 126 3897 -1
2691 44 3892 -1
2693 149 3813 3843 -1
2696 64 3854 -1
2711 13 3822 -1
2724 10 3804 3847 -1
2740 28 3803 3804 3807 -1
2747 79 3800 3807 3892 -1
2746 25 3843 -1
2765 29 3897 -1
2774 46 3897 -1
2790 173 3800 3803 3807 3809 3856 3893 3897 -1
2822 43 3847 -1
2654 104 3800 3822 3867 3898 -1
2799 8 3847 -1
2831 39 3813 -1
2832 50 3812 3835 -1
2838 21 3892 -1
2855 16 3842 -1
2859 139 3803 3812 3843 3856 3871 -1
2871 282 3803 3806 3812 3813 3816 3843 3847 3854 3871 3887 3892 3897 3898 -1
2872 87 3800 3803 3807 3816 3843 3847 3871 3892 -1
2883 28 3897 -1
2467 4 3871 -1
2568 4 3835 -1
2905 4 3830 -1
2909 57 3835 3897 -1
2932 62 3812 -1
2935 36 3835 3854 -1
2940 123 3800 3803 3804 3807 3847 3892 3897 -1
2958 47 3892 3898 -1
2967 238 3806 3813 3843 3847 3854 3871 -1
2972 357 3800 3816 3835 3843 3854 3873 3885 3898 -1
2988 55 3847 3873 3897 -1
2989 10 3854 -1
3000 43 3830 -1
3009 51 3812 -1
3010 123 3807 3847 3871 3887 3892 -1
3018 19 3806 -1
3024 52 3898 -1
3026 175 3813 3843 3847 3854 3875 3892 3897 -1
3028 189 3880 3892 3897 3898 -1
3031 50 3803 3847 -1
3032 216 3803 3813 3843 3871 3885 3887 3897 -1
3035 13 3830 3871 -1
2713 200 3800 3812 3813 3843 3871 3887 3892 3898 -1
3056 44 3803 -1
3055 52 3812 3888 -1
3059 32 3854 -1
2356 57 3800 3843 3887 3892 -1
2976 7 3888 -1
3073 34 3892 -1
3063 3 3807 -1
3084 62 3803 3807 3847 3892 -1
2842 124 3800 3812 -1
3110 21 3800 3897 -1
2003 63 3849 3892 -1
3120 8 3807 -1
3144 88 3812 -1
3168 79 3806 3812 3843 3897 -1
3175 41 3847 3892 -1
3180 24 3812 -1
3188 20 3871 -1
3192 56 3843 -1
3191 68 3897 -1
3196 22 3804 -1
3208 6 3871 -1
3209 41 3804 -1
3242 6 3809 -1
3258 95 3804 3806 3807 3811 3812 3847 3856 -1
3262 9 3807 -1
3274 69 3835 -1
3275 14 3892 -1
3276 79 3843 -1
3284 20 3871 -1
3291 58 3807 -1
3297 51 3871 -1
3301 15 3847 3871 3887 3892 -1
3313 5 3816 -1
3317 15 3800 -1
3326 18 3898 -1
3334 13 3812 -1
3343 13 3888 -1
3350 55 3812 3843 3897 -1
3352 273 3800 3808 3812 3813 3835 3843 3847 3887 3892 3897 -1
3375 43 3898 -1
3378 41 3854 -1
3381 180 3803 3873 -1
3388 15 3835 -1
3392 33 3800 3816 3892 -1
3394 156 3800 3811 3812 3813 3822 3867 3898 -1
3402 122 3843 -1
3404 89 3808 3897 -1
3390 60 3854 -1
3417 30 3871 -1
3443 20 3813 3875 -1
3439 88 3885 3898 -1
3447 271 3843 3897 3898 -1
3449 314 3806 3812 3813 3835 3843 3854 3873 3897 3898 -1
3450 27 3812 -1
3451 98 3813 3835 -1
3452 131 3812 3813 3854 -1
3453 319 3806 3812 3813 3835 3843 3854 3897 3898 -1
3454 148 3806 3813 3843 3854 3887 3898 -1
3455 68 3843 3898 -1
3456 241 3806 3812 3843 3873 3897 -1
3457 166 3812 3843 3856 3871 3887 3892 -1
3458 69 3843 3847 3873 3887 3892 3897 -1
3459 92 3830 3897 3898 -1
3460 22 3830 -1
3461 101 3835 3898 -1
3463 56 3806 3812 -1
3469 23 3804 -1
3479 102 3843 -1
3481 17 3807 3867 -1
3483 20 3897 -1
3477 53 3800 3812 3816 3843 3847 -1
3478 42 3873 -1
3488 16 3892 -1
3498 114 3835 3897 -1
3519 48 3800 3892 -1
3522 71 3806 -1
3523 28 3804 3807 -1
3525 16 3807 -1
3526 6 3887 -1
3527 64 3803 3804 3812 3822 3871 3887 3892 3893 -1
3386 12 3892 -1
3541 81 3803 3807 3809 3812 3847 3849 3871 3887 3888 3892 3893 -1
3555 14 3887 3892 -1
3556 14 3804 3807 3892 -1
3557 10 3871 -1
3560 16 3803 3843 -1
3561 4 3856 -1
3562 40 3800 3807 3822 3892 -1
3568 147 3800 3812 3813 3843 3897 -1
3569 42 3803 3804 3807 3871 -1
3586 156 3830 3873 3897 -1
3528 13 3804 -1
3593 26 3803 -1
3601 52 3830 3897 -1
3603 12 3803 -1
3611 22 3847 -1
3614 205 3843 3854 3897 3898 -1
3615 144 3803 3804 3806 3807 3812 3822 3843 3847 3887 3893 -1
3622 22 3892 -1
3624 64 3800 3811 3892 -1
3630 32 3812 3898 -1
3631 91 3812 3813 3816 3871 -1
3633 48 3800 3803 3804 3807 3812 3822 3871 3887 3893 3898 -1
3634 82 3897 -1
3635 63 3813 -1
3641 212 3800 3813 3854 3897 3898 -1
3642 362 3807 3830 3842 3873 3897 -1
3643 44 3800 -1
3645 40 3816 -1
3659 38 3871 3887 3892 -1
3660 87 3804 3806 3813 3854 3887 -1
3661 36 3812 3871 -1
3666 144 3812 3813 3843 3897 -1
3678 17 3822 3847 3856 3871 -1
3682 75 3800 3803 3806 3813 3816 3847 3871 3887 3898 -1
3686 3 3871 -1
3691 95 3832 3847 3885 -1
3705 3 3804 -1
3724 93 3800 3816 3867 -1
3571 45 3897 -1
3728 85 3843 3887 -1
3731 15 3803 3804 3807 3822 -1
3748 30 3812 3854 -1
3754 6 3800 -1
3770 22 3800 3808 -1
3780 3 3887 -1
3786 99 3897 -1
3787 232 3813 3885 3897 -1
3796 113 3813 3843 3854 -1
3794 46 3854 -1
3798 23 3887 -1
3799 6 3892 -1
3801 1 3803 -1
3802 8 3803 3892 -1
3805 1 3807 -1
3806 45 3807 3835 -1
3810 1 3811 -1
3812 53 3816 -1
3813 94 3816 3873 -1
3814 47 3800 3816 3822 3843 -1
3815 20 3812 3816 -1
3833 3 3892 -1
3842 15 3812 -1
3843 18 3847 -1
3844 1 3847 -1
3845 8 3847 3887 -1
3848 1 3849 -1
3854 82 3813 -1
3869 5 3871 -1
3870 2 3871 3888 -1
3872 15 3871 -1
3648 9 3887 -1
3885 2 3887 -1
3886 1 3887 -1
3888 1 3892 -1
3889 2 3892 -1
3890 3 3892 -1
3891 1 3892 -1
3897 9 3898 -1
3902 43 3835 -1
3917 29 3806 -1
3925 7 3897 -1
3948 26 3812 -1
3949 30 3800 3812 3843 -1
3956 85 3898 -1
3958 15 3897 -1
3960 23 3806 -1
3961 16 3800 -1
3969 90 3835 3854 3897 -1
3973 33 3813 3898 -1
3976 145 3830 3897 -1
3977 14 3800 -1
3978 2 3800 -1
3979 3 3800 -1
3985 32 3830 -1
4000 4 3843 -1
4007 15 3843 -1
4024 2 3898 -1
4034 4 3843 -1
4036 147 3873 3885 -1
4040 104 3812 -1
4041 68 3897 -1
2981 44 3897 -1
4044 89 3835 3843 3854 3898 -1
4045 257 3803 3806 3812 3843 3854 3873 3897 3898 -1
4046 89 3835 3885 -1
4056 23 3835 -1
4077 77 3812 3813 3897 -1
4065 131 3809 3830 3843 3854 3873 3898 -1
4070 111 3808 -1
4072 29 3812 3898 -1
4073 115 3808 3835 3854 3897 -1
4082 15 3897 -1
4098 8 3897 -1
4099 155 3830 3843 3897 -1
4076 86 3813 3898 -1
4127 41 3812 -1
4136 26 3813 -1
4144 76 3812 3813 -1
4150 16 3835 -1
4151 84 3843 3897 -1
4152 43 3806 3843 -1
4198 1 3898 -1
4199 8 3898 -1
3995 57 3897 -1
4211 65 3813 -1
4212 53 3808 -1
4219 112 3813 3835 3843 3897 3898 -1
4222 41 3806 3812 -1
4255 9 3854 -1
4295 17 3813 -1
4297 38 3898 -1
4316 8 3843 -1
4335 32 3813 -1
4342 10 3898 -1
4347 55 3806 -1
4353 80 3897 -1
4355 50 3843 3897 -1
4364 39 3873 -1
4363 22 3806 3835 -1
4429 12 3812 3854 -1
4433 24 3812 -1
4441 202 3813 3843 3897 3898 -1
4448 36 3812 -1
4486 20 3808 3897 -1
4507 2 3806 -1
4492 2 3806 -1
4508 1 3806 -1
4509 11 3806 -1
4511 15 3835 -1
4526 5 3843 -1
4530 9 3897 -1
4535 5 3812 -1
4536 81 3813 3854 3898 -1
4538 1 3812 -1
4542 9 3897 -1
4547 45 3854 -1
4550 100 3897 -1
4563 11 3843 3898 -1
4564 33 3898 -1
4574 40 3897 -1
4576 10 3897 -1
4587 27 3835 3873 -1
4598 71 3885 -1
4487 31 3897 -1
4632 228 3843 3873 3885 -1
4633 12 3835 -1
4651 2 3835 -1
4653 114 3897 -1
4662 46 3835 -1
4673 96 3842 3897 -1
4682 14 3854 3898 -1
4686 57 3885 3897 -1
4688 59 3843 3854 3898 -1
4717 62 3842 -1
4712 121 3873 3885 3897 -1
4725 36 3813 3843 3898 -1
4737 3 3830 -1
4746 18 3835 3854 -1
4759 1 3835 -1
4748 38 3835 3898 -1
4764 53 3873 -1
4781 27 3873 -1
4814 20 3854 3897 -1
4813 46 3842 3897 -1
4859 30 3854 3898 -1
4879 28 3885 -1
4894 79 3808 3873 -1
4898 11 3854 -1
4899 169 3813 3842 3843 3897 -1
4937 17 3854 3898 -1
4943 31 3813 -1
4944 4 3898 -1
4948 214 3813 3843 3897 -1
4963 13 3854 3898 -1
4964 60 3854 -1
4965 1 3854 -1
4966 25 3854 -1
4967 361 3803 3813 3830 3842 3843 3854 3873 3897 -1
4973 8 3843 3898 -1
4974 44 3843 3897 -1
4976 23 3843 3898 -1
4982 43 3813 3897 -1
4985 1 3898 -1
4986 1 3898 -1
5002 115 3803 3842 3897 -1
5008 27 3813 -1
5022 172 3830 3842 3873 3897 -1
5020 139 3808 3897 -1
5028 43 3897 -1
5059 26 3809 -1
5079 271 3830 3842 3897 -1
5089 8 3897 -1
5103 127 3873 3897 -1
5111 7 3813 -1
5110 84 3813 3873 3897 -1
4828 168 3873 -1
5119 18 3813 -1
5123 69 3873 -1
5150 13 3897 -1
5160 12 3897 -1
5166 48 3873 -1
5171 41 3897 -1
5173 122 3809 3885 -1
4795 73 3842 3897 -1
5176 139 3897 -1
5177 101 3897 -1
4310 278 3830 3897 -1
5179 217 3803 3873 3897 -1
5181 41 3897 -1
5184 68 3897 -1
5185 152 3830 3873 3897 -1
5188 211 3803 3830 3842 -1
5189 312 3803 3842 3873 3885 3897 -1
5196 32 3885 3897 -1
5200 15 3897 -1
5233 24 3897 -1
5243 19 3897 -1
5301 61 3873 -1
5323 3 3897 -1
5423 48 3897 -1
5430 6 3830 -1
5427 37 3873 -1
5435 1 3897 -1
5439 66 3873 3897 -1
5445 63 3885 -1
5446 26 3885 -1
5487 30 3873 -1
5524 389 3803 3809 3830 3842 3873 3885 3897 -1
5526 6 3803 -1
5531 243 3803 3842 3873 3885 3897 -1
5543 137 3830 3873 -1
5563 2 3873 -1
5562 13 3897 -1
5579 2 3897 -1
5582 105 3803 3830 -1
5589 11 3873 3897 -1
5600 8 3897 -1
5608 16 3897 -1
5692 21 3803 -1
5696 50 3873 -1
5697 230 3803 3830 3842 3873 3897 -1
5714 44 3897 -1
5721 10 3873 -1
5739 45 3897 -1
5773 75 3803 -1
5796 191 3803 3830 3842 3897 -1
5797 3 3897 -1
5798 12 3897 -1
5799 23 3897 -1
5800 222 3830 3897 -1
5801 2 3897 -1
5802 385 3803 3830 3842 3885 3897 -1
5803 2 3897 -1
5806 83 3873 3885 3897 -1
5804 33 3897 -1
5805 16 3897 -1
5807 27 3803 3897 -1
5808 6 3897 -1
5809 21 3897 -1
5810 29 3873 3897 -1
5811 79 3830 3897 -1
5812 41 3897 -1
5813 2 3897 -1
5814 144 3830 3897 -1
5815 5 3897 -1
5816 84 3842 3897 -1
5817 75 3897 -1
5818 67 3873 3897 -1
5819 61 3830 3842 3897 -1
5820 20 3897 -1
5821 22 3897 -1
5822 98 3873 3897 -1
5823 12 3897 -1
5859 16 3830 -1
5934 42 3873 -1
5935 11 3873 -1
5952 14 3885 -1
5998 81 3803 -1
6020 25 3873 -1
6075 18 3873 -1
6217 31 3842 -1
6220 18 3803 -1
6239 5 3873 -1
6240 1 3873 -1
6241 75 3873 -1
6242 5 3873 -1
6270 88 3803 3885 -1
6280 52 3885 -1
6305 190 3803 3842 3885 -1
6359 81 3830 -1
6360 35 3809 -1
6327 108 3803 3809 -1
6501 17 3842 -1
6518 33 3885 -1
6548 10 3842 -1
6563 58 3803 -1
6608 18 3830 -1
6618 91 3803 -1
6613 9 3809 -1
6615 160 3809 3885 -1
6624 135 3885 -1
6665 29 3830 -1
6711 7 3803 -1
6714 100 3809 3885 -1
6758 10 3830 -1
6760 2 3830 -1
6759 3 3830 -1
6761 1 3830 -1
6766 22 3885 -1
6772 77 3885 -1
6784 42 3885 -1
6620 93 3803 3809 -1
6886 7 3803 -1
6913 44 3803 -1
6914 95 3885 -1
6907 191 3885 -1
6991 18 3809 -1
6993 81 3885 -1
7052 142 3803 -1
7055 98 3885 -1
7057 118 3885 -1
7038 7 3809 -1
7080 70 3885 -1
7090 11 3803 -1
7092 93 3885 -1
7110 5 3885 -1
7231 101 3885 -1
7400 15 3885 -1