25 90 959 994 -1
6 302 904 906 907 913 922 932 936 955 960 963 966 971 972 978 979 983 991 993 995 -1
8 182 936 938 977 -1
9 81 904 918 932 972 982 -1
11 743 904 907 908 913 918 922 929 932 934 935 936 937 941 942 943 945 946 947 955 956 958 959 960 963 968 971 975 978 982 985 989 993 994 999 -1
12 65 937 -1
14 114 968 -1
15 50 974 -1
16 15 982 993 -1
17 45 941 982 -1
20 187 918 941 943 979 981 982 993 994 -1
21 76 908 932 960 963 -1
23 74 904 906 942 945 972 981 989 -1
24 309 908 932 935 945 946 960 993 994 999 -1
28 133 934 958 979 991 -1
36 227 908 922 941 945 958 959 972 975 981 982 993 999 -1
35 65 907 960 963 971 978 -1
38 14 922 -1
41 30 922 -1
42 89 907 908 975 993 -1
43 4 918 -1
44 44 908 947 966 -1
46 59 991 993 -1
47 146 935 958 989 993 -1
29 150 904 918 929 932 934 936 938 942 956 958 966 -1
55 64 918 942 956 958 -1
59 94 928 935 937 959 -1
66 44 977 -1
72 164 943 946 947 959 966 972 975 989 991 993 -1
75 31 928 -1
79 53 930 934 955 958 979 -1
80 59 945 -1
86 122 908 913 918 932 937 972 981 989 991 -1
71 109 908 937 963 971 989 -1
87 195 913 928 932 958 963 978 989 999 -1
90 72 932 958 994 -1
94 80 937 -1
98 8 966 -1
104 30 955 -1
109 190 993 -1
110 95 904 918 929 930 932 934 936 937 942 945 955 966 972 979 981 989 991 -1
111 29 942 994 995 -1
122 213 974 -1
113 89 959 981 -1
130 13 936 -1
126 25 913 956 989 -1
127 132 956 974 978 982 -1
128 80 904 937 960 993 -1
138 72 941 971 -1
139 37 958 -1
143 94 918 960 972 991 995 -1
147 58 937 958 966 993 994 -1
151 74 906 913 918 930 936 938 941 942 945 955 956 958 966 972 989 994 -1
154 61 958 989 -1
155 28 928 -1
157 44 955 966 994 -1
161 32 941 963 978 989 -1
168 9 993 -1
171 70 904 907 930 960 982 -1
172 123 975 993 -1
173 334 904 907 908 913 918 922 935 937 941 945 946 947 948 955 958 959 960 971 972 975 979 993 995 999 -1
74 69 918 922 937 955 956 958 960 993 995 -1
176 39 922 948 960 -1
177 19 968 972 -1
178 63 906 958 983 993 994 -1
179 17 977 989 -1
180 54 908 -1
182 79 966 971 972 977 982 993 -1
166 93 908 959 -1
187 37 932 977 989 -1
199 17 963 -1
191 13 959 -1
201 21 956 -1
192 19 932 936 -1
125 29 937 959 960 -1
215 100 904 943 956 985 993 994 -1
224 13 994 -1
226 25 937 966 977 989 -1
231 50 956 -1
232 23 960 -1
257 8 937 977 981 -1
255 86 993 -1
259 56 959 -1
263 22 918 922 979 -1
266 13 935 -1
268 3 935 -1
269 30 972 977 994 -1
270 14 935 937 -1
275 56 946 -1
280 76 908 966 977 989 991 994 995 -1
285 6 993 -1
292 6 945 -1
290 71 908 946 959 974 -1
304 79 906 907 908 945 963 966 971 972 978 981 989 -1
306 244 903 907 908 913 934 936 938 956 958 960 963 971 972 974 978 979 993 -1
308 142 908 913 941 948 958 959 960 972 974 978 982 993 994 999 -1
310 230 904 918 922 932 935 936 945 946 947 955 958 966 972 985 989 991 993 994 995 999 -1
311 321 904 907 908 922 930 936 937 941 943 946 955 956 958 971 972 978 981 983 985 989 993 994 995 -1
312 227 918 929 932 936 937 941 943 945 948 956 958 959 966 972 977 978 979 981 982 985 989 991 994 995 999 -1
313 54 941 958 959 974 978 981 999 -1
315 77 930 942 943 963 985 993 -1
317 140 918 929 930 932 934 938 941 948 956 958 960 971 972 979 981 989 991 993 994 995 999 -1
319 199 904 906 907 908 922 936 955 967 971 972 978 981 993 995 -1
324 14 966 -1
327 8 918 -1
328 13 966 -1
336 31 941 -1
339 80 918 936 941 959 -1
340 30 918 932 937 945 963 972 985 -1
341 47 906 922 937 959 978 985 989 -1
348 21 941 981 -1
346 86 936 938 942 945 974 -1
356 18 993 -1
193 21 974 -1
371 117 936 945 958 960 977 991 -1
376 37 977 985 999 -1
395 42 967 -1
403 20 974 -1
407 145 937 946 958 989 993 -1
417 9 974 -1
430 5 991 -1
432 157 960 978 993 999 -1
412 21 937 -1
457 732 904 908 922 935 941 946 959 960 963 971 975 993 -1
479 8 978 -1
499 14 999 -1
530 7 958 -1
545 24 960 978 999 -1
546 142 908 937 946 974 -1
556 121 945 993 999 -1
564 15 906 -1
587 18 922 941 972 991 -1
588 22 922 941 947 959 999 -1
600 214 907 932 946 960 966 999 -1
604 8 960 -1
614 10 938 942 945 -1
618 11 955 -1
620 14 979 -1
626 31 960 993 -1
633 55 906 982 -1
634 150 935 936 938 941 946 948 958 993 999 -1
646 17 963 -1
635 66 937 958 982 991 -1
647 32 985 -1
637 25 937 977 -1
643 46 930 958 972 -1
644 27 908 -1
649 40 995 -1
650 98 922 932 936 955 977 978 982 995 -1
653 2 958 -1
659 14 906 978 -1
664 13 906 -1
663 158 903 922 929 930 934 936 947 966 971 978 979 985 993 -1
639 31 941 943 985 989 -1
674 16 972 981 -1
686 83 937 943 948 956 966 971 978 981 985 -1
691 24 928 937 -1
695 118 932 958 971 999 -1
699 8 978 -1
704 81 908 941 948 974 985 993 999 -1
705 28 906 922 932 941 943 958 978 981 -1
706 95 903 913 963 978 993 -1
707 123 904 907 928 938 941 945 946 948 956 971 977 978 989 991 994 999 -1
708 51 930 937 947 956 958 978 981 991 -1
710 105 937 941 955 960 972 979 989 991 993 -1
696 6 903 930 -1
712 19 978 -1
715 23 978 999 -1
722 264 904 906 908 932 934 935 955 963 974 977 978 989 991 993 -1
730 34 955 958 983 989 -1
737 232 938 -1
738 8 979 -1
742 93 906 941 977 978 993 994 -1
697 100 936 941 960 981 982 993 994 -1
321 27 918 934 938 945 955 958 966 971 972 -1
759 77 906 963 972 979 981 995 999 -1
761 8 989 -1
764 34 946 947 -1
766 773 908 946 960 967 968 974 978 -1
762 50 930 966 979 993 -1
769 146 904 922 941 948 958 959 960 974 978 993 -1
788 113 903 904 930 938 956 959 963 974 978 -1
784 224 904 908 937 946 947 948 963 974 982 985 989 993 999 -1
789 317 904 930 937 946 947 959 963 971 972 978 985 989 994 999 -1
791 41 959 981 -1
794 18 966 982 -1
795 60 960 963 966 993 999 -1
798 16 978 -1
805 90 941 946 948 960 993 994 -1
810 34 959 977 989 -1
813 272 908 937 941 946 947 958 959 968 974 993 994 -1
814 3 979 -1
816 29 993 -1
334 41 918 932 941 945 955 985 989 -1
818 2 932 -1
823 15 955 979 -1
826 249 908 937 946 948 960 968 993 -1
830 3 993 -1
836 26 993 -1
838 36 904 932 -1
844 45 935 936 945 959 966 989 -1
842 30 935 936 937 945 948 -1
854 99 904 968 972 978 981 -1
852 39 913 989 991 993 -1
853 16 904 985 -1
859 13 959 -1
860 8 906 934 955 -1
861 16 941 -1
863 5 906 -1
865 97 929 930 936 942 945 -1
869 11 941 -1
870 38 993 -1
871 59 941 943 960 971 982 999 -1
882 7 963 985 -1
885 7 937 977 995 -1
904 119 928 959 971 982 993 999 -1
903 1 904 -1
905 2 906 -1
907 9 959 -1
908 9 958 -1
909 12 938 -1
911 27 918 932 934 942 958 -1
912 9 929 955 994 -1
914 7 989 -1
915 7 918 -1
918 17 904 985 -1
920 10 941 -1
921 6 978 -1
927 1 929 -1
928 21 929 -1
926 6 932 -1
931 2 932 -1
935 22 936 -1
938 2 966 972 -1
937 46 938 955 958 977 979 981 983 -1
941 80 907 922 928 971 978 -1
943 30 918 922 945 955 960 -1
944 5 945 -1
946 110 937 947 985 993 -1
950 9 918 -1
951 1 918 -1
954 34 904 955 985 989 -1
956 42 958 978 993 -1
957 3 958 -1
959 12 978 985 -1
961 16 966 -1
965 1 966 -1
962 3 966 -1
963 3 966 -1
964 4 966 -1
933 18 966 999 -1
967 16 972 -1
968 5 972 -1
969 2 972 -1
970 11 972 -1
971 72 904 930 937 941 956 959 972 979 982 -1
973 2 977 -1
974 36 977 978 -1
975 11 977 993 -1
976 1 977 -1
980 1 979 -1
978 65 908 956 959 979 989 993 -1
982 47 930 937 -1
984 7 995 -1
986 77 922 946 948 960 978 985 993 -1
988 292 922 959 974 982 989 -1
987 2 989 -1
990 1 991 -1
993 238 908 935 937 946 947 948 956 959 975 978 995 999 -1
994 45 995 -1
996 297 907 946 947 959 968 971 -1
998 30 913 956 971 -1
999 4 959 -1
1000 60 960 968 -1
1006 138 904 935 937 941 948 956 960 963 975 982 994 -1
1003 18 946 -1
1013 23 930 937 985 -1
1009 44 948 994 -1
1022 14 978 -1
1029 135 913 941 956 960 963 971 978 982 999 -1
1032 39 978 993 -1
1033 6 956 -1
1034 33 907 974 -1
1035 12 947 -1
1039 6 989 -1
1037 86 908 946 947 960 -1
1041 49 913 -1
1044 9 941 -1
1046 24 971 978 -1
1050 44 956 960 975 -1
1051 46 938 968 -1
1055 196 908 913 928 948 959 960 978 993 -1
1061 2 937 -1
1062 156 922 935 941 943 946 947 959 975 982 993 994 999 -1
1063 29 971 -1
872 29 974 993 -1
1074 95 994 -1
1075 74 907 971 -1
1080 5 959 -1
1095 10 959 -1
1097 88 941 993 -1
1098 305 946 947 959 967 993 -1
1103 9 993 -1
1111 60 922 959 993 999 -1
1114 39 922 941 971 978 985 989 -1
1124 20 993 -1
1125 37 930 960 993 -1
1127 62 941 -1
1129 62 913 941 959 960 978 993 -1
1132 57 971 993 -1
1133 399 913 922 989 -1
1134 3 989 -1
1135 115 908 922 937 943 960 971 975 978 989 993 999 -1
1137 135 959 963 978 994 -1
1138 3 994 -1
1139 2 994 -1
1142 48 960 978 993 -1
1143 14 968 -1
1144 7 941 -1
1151 472 904 908 937 947 967 968 974 975 993 -1
1157 2 930 -1
922 149 904 908 913 928 930 937 941 943 946 974 978 982 993 -1
1159 2 930 -1
1161 1 930 -1
1160 24 930 941 971 978 -1
1164 39 908 993 -1
1165 13 993 -1
1166 599 946 959 978 993 -1
1167 158 904 908 922 963 971 978 982 985 993 -1
1090 2 943 -1
1182 7 922 941 -1
1185 43 937 963 -1
1190 4 974 -1
1193 31 928 959 -1
1199 2 922 941 -1
1200 107 941 993 -1
1201 35 941 978 982 -1
1202 66 904 907 941 -1
1203 22 941 963 -1
1204 61 922 941 943 -1
1205 1 941 -1
1206 1 941 -1
1207 26 941 -1
1208 1 941 -1
1209 1 941 -1
1210 218 935 937 941 947 993 999 -1
1211 79 908 941 993 -1
1212 4 941 -1
1213 1 941 -1
1214 2 922 941 -1
1215 65 941 947 -1
1216 1 941 -1
1221 77 907 908 978 -1
1223 1 922 -1
1224 1 922 -1
1225 1 922 -1
1226 1 922 -1
1227 1 922 -1
1228 11 922 978 -1
1229 1 922 -1
1230 33 922 993 -1
1231 1 922 -1
1232 1 922 -1
1233 14 907 922 937 -1
1234 16 922 943 978 -1
1235 20 922 963 -1
1239 1 922 -1
1236 103 922 928 948 960 971 993 -1
1237 6 922 -1
1238 1 922 -1
1241 35 974 978 982 -1
1242 11 985 -1
1245 10 982 -1
1246 8 943 -1
1247 77 960 971 993 -1
1248 21 928 -1
1253 51 978 993 -1
1259 45 943 -1
1262 2 982 -1
1267 61 935 968 993 -1
1271 2 943 -1
1278 69 907 960 963 971 978 985 993 -1
1279 124 907 948 959 960 971 978 -1
1281 10 946 993 -1
1286 65 935 -1
1284 20 935 937 -1
1285 31 993 -1
1290 16 963 978 985 -1
1291 34 985 993 -1
1292 7 985 -1
1293 33 907 960 963 971 985 -1
1297 76 959 974 978 -1
1298 1 978 -1
1305 290 948 999 -1
1306 20 907 -1
1315 6 904 -1
1316 7 904 993 -1
1318 2 959 -1
1319 181 907 908 946 948 959 971 974 978 993 -1
1322 12 946 960 993 -1
1331 6 959 -1
1333 2 999 -1
1335 62 935 971 -1
1339 5 993 -1
1350 117 908 947 993 -1
1352 121 904 908 928 937 963 971 993 -1
1356 20 960 -1
1357 91 907 960 963 971 -1
1358 18 959 -1
1367 40 959 974 -1
1368 33 959 -1
1374 462 904 959 967 974 -1
1377 33 960 -1
1378 14 935 -1
1380 63 928 963 971 974 975 993 -1
1381 52 913 948 993 -1
1386 61 928 935 937 948 960 975 -1
1394 9 960 -1
1395 199 904 935 946 947 959 975 978 993 -1
1407 3 993 -1
1423 8 960 -1
1424 52 907 -1
1428 183 904 908 935 937 975 993 -1
1429 3 963 -1
1436 1 963 -1
1184 79 963 -1
1440 1 978 -1
1439 9 928 978 -1
1441 41 904 937 946 978 993 -1
1442 20 993 -1
1443 3 971 -1
1462 48 960 -1
1466 24 960 -1
1467 11 971 -1
1469 7 971 -1
1470 156 904 946 959 971 974 -1
1471 72 904 907 948 960 971 -1
1472 1 907 -1
1473 91 907 908 913 960 993 -1
1474 2 907 -1
1480 44 993 -1
1482 26 908 -1
1483 52 960 -1
1487 117 904 913 928 935 -1
1489 64 993 -1
1492 157 935 937 948 993 -1
1496 210 908 913 946 993 -1
1497 28 959 -1
1500 48 960 -1
1501 38 904 946 993 -1
1506 41 974 993 -1
1505 4 935 -1
1510 16 960 -1
1521 99 904 937 993 -1
1522 139 947 993 -1
1527 1 960 -1
1525 35 904 960 -1
1526 4 904 960 -1
1538 81 904 928 937 -1
1542 244 959 967 993 -1
1552 81 935 968 993 -1
1547 28 913 968 993 -1
1549 587 904 908 935 937 946 947 959 974 975 993 -1
1555 79 904 913 937 948 993 -1
1565 8 993 -1
1566 46 937 993 -1
1010 6 948 -1
1582 13 993 -1
1583 87 993 -1
1585 102 908 913 935 959 -1
1588 1 948 -1
1589 13 913 948 -1
1592 30 993 -1
1594 114 904 913 935 937 975 993 -1
1571 24 975 -1
1608 355 904 908 913 937 947 959 968 975 993 -1
1614 73 993 -1
1615 162 908 913 928 935 937 946 993 -1
1616 1 928 -1
1621 80 946 947 993 -1
1623 39 993 -1
1631 6 904 -1
1639 36 935 -1
1661 66 974 -1
1670 18 913 -1
1671 1 913 -1
1691 50 967 -1
1693 6 935 993 -1
1697 70 993 -1
1700 93 908 937 978 993 -1
1705 47 946 -1
1707 34 993 -1
1714 5 993 -1
1716 6 904 -1
1717 96 935 993 -1
1720 14 935 -1
1722 14 935 -1
1688 25 935 -1
1732 18 904 -1
1730 45 993 -1
1734 55 908 -1
1742 6 935 -1
1749 68 904 -1
1756 89 908 937 946 959 968 -1
1757 16 993 -1
1766 27 947 -1
1767 97 937 993 -1
1769 67 993 -1
1772 141 937 959 993 -1
1783 57 947 974 -1
1792 31 993 -1
1800 20 993 -1
1803 19 974 993 -1
1808 129 946 993 -1
1814 105 993 -1
1820 90 946 993 -1
1823 49 935 -1
1835 73 959 974 -1
1836 16 908 959 -1
1837 28 993 -1
1838 57 908 937 993 -1
1847 47 959 993 -1
1868 22 975 -1
1872 5 935 -1
1881 1 935 -1
1882 1 935 -1
1883 1 935 -1
1888 36 978 993 -1
1891 36 993 -1
1896 51 947 -1
1908 9 993 -1
1919 112 908 937 946 947 959 975 -1
1922 204 946 -1
1925 22 974 975 -1
1962 31 993 -1
1966 18 937 -1
1965 9 937 993 -1
1967 31 974 -1
1972 181 974 -1
1976 6 974 -1
1977 34 993 -1
1980 47 947 993 -1
1985 56 946 959 993 -1
1986 17 908 993 -1
1991 66 993 -1
1992 16 937 -1
1993 3 946 -1
1997 88 937 947 968 975 -1
2009 63 946 -1
2049 3 974 -1
2052 14 946 968 993 -1
2062 121 937 946 947 959 975 993 -1
2063 21 937 -1
2065 50 959 993 -1
2072 121 946 947 959 993 -1
2085 28 968 -1
2093 55 993 -1
2097 7 993 -1
2102 45 993 -1
2117 23 968 993 -1
2118 113 968 993 -1
2120 122 975 993 -1
2126 1 993 -1
2127 3 993 -1
2128 3 993 -1
2129 44 978 993 -1
2130 8 993 -1
2131 1 993 -1
2132 1 993 -1
2133 129 946 947 959 968 993 -1
2134 14 993 -1
2135 146 993 -1
2145 145 947 974 -1
2149 2 975 -1
2156 41 946 -1
2169 32 946 -1
2172 29 968 -1
2203 1 975 -1
2204 1 975 -1
2209 31 974 -1
2231 66 968 -1
2229 143 968 974 -1
2233 36 959 968 -1
2236 75 946 -1
2237 241 974 -1
2240 108 947 974 -1
2249 38 946 -1
2254 6 946 -1
2255 31 946 947 959 -1
2256 247 946 968 -1
2274 48 947 -1
2290 120 974 -1
2323 111 959 -1
2326 252 974 -1
2328 215 947 959 968 974 978 -1
2332 36 968 -1
2272 31 959 -1
2357 12 947 -1
2371 124 959 -1
2398 62 968 974 -1
2411 141 974 -1
2485 324 974 -1
2523 5 968 -1
2541 37 974 -1
2546 34 968 -1
2559 82 974 -1
2564 50 974 -1
2565 893 938 967 974 -1
2576 146 974 -1
2594 45 974 -1
2618 53 974 -1
2651 269 974 -1
2657 44 974 -1
2658 307 967 -1
2700 168 974 -1
2688 618 974 978 -1
2697 45 974 -1
2747 79 974 -1
2790 173 974 -1
2804 16 974 -1
2851 44 967 -1
2900 29 974 -1
2940 123 938 -1
2941 11 974 -1
2967 238 974 -1
2998 3 974 -1
3009 51 974 -1
3005 28 974 -1
3010 123 974 -1
3026 175 974 -1
3028 189 978 -1
3031 50 974 -1
3032 216 967 978 -1
3034 38 978 -1
2713 200 978 -1
2356 57 974 -1
2842 124 978 -1
2003 63 938 -1
3147 6 974 -1
3258 95 974 -1
3352 273 974 -1
3379 19 974 -1
3394 156 974 -1
3439 88 974 -1
3451 98 978 -1
3470 21 974 -1
3480 18 978 -1
3482 24 974 -1
3386 12 974 -1
3562 40 974 -1
3601 52 974 -1
3605 1 974 -1
3606 1 974 -1
3607 24 974 -1
3631 91 978 -1
3645 40 978 -1
3659 38 978 -1
3661 36 978 -1
3724 93 978 -1
3976 145 978 -1
4040 104 967 -1
4121 2 978 -1
4124 50 978 -1
4211 65 978 -1
4313 5 978 -1
4347 55 967 -1
4441 202 967 -1
4632 228 967 -1
4669 13 938 -1
4717 62 967 -1
4712 121 967 -1
4813 46 967 -1
4948 214 967 -1
5114 4 967 -1
5173 122 938 -1
4310 278 938 -1
5185 152 967 -1
5445 63 967 -1
5446 26 967 -1
5524 389 967 -1
5655 139 938 -1
5702 10 967 -1
5800 222 938 -1
5802 385 938 967 -1
5857 92 938 -1
5915 52 967 -1
6156 22 967 -1
6221 31 938 -1
6280 52 938 -1
6383 3 967 -1
6461 6 967 -1
6460 58 967 -1
6561 3 967 -1
6596 177 967 -1
6624 135 967 -1
6711 7 967 -1
6713 4 967 -1
6914 95 938 -1
6907 191 938 967 -1
6951 47 967 -1
6993 81 967 -1
7052 142 967 -1
7045 36 967 -1
7055 98 967 -1
6946 68 938 -1
7086 123 938 -1
7131 24 967 -1
7231 101 938 967 -1
7237 15 938 -1
7241 21 938 -1
7344 3 967 -1
7578 28 967 -1
7659 6 967 -1
7744 50 967 -1
7769 19 967 -1
7866 1 967 -1