6 302 4792 -1
11 743 4706 4709 4719 4796 -1
24 309 4706 4709 4712 4792 4796 -1
36 227 4712 4717 4781 -1
37 20 4735 -1
42 89 4709 -1
44 44 4795 -1
47 146 4735 -1
53 39 4735 4764 -1
27 102 4715 -1
86 122 4719 -1
71 109 4735 4780 -1
87 195 4712 4715 4735 4748 -1
90 72 4735 -1
68 275 4791 4795 -1
109 190 4709 4712 4715 4717 4748 4786 4795 4798 -1
120 8 4795 -1
122 213 4712 4719 -1
127 132 4735 -1
136 99 4713 4717 4786 4795 -1
172 123 4798 -1
173 334 4709 -1
178 63 4715 -1
216 8 4735 -1
291 35 4719 4735 4776 4780 -1
311 321 4712 4735 -1
335 46 4709 -1
346 86 4735 -1
351 11 4735 -1
371 117 4735 -1
395 42 4709 -1
407 145 4735 -1
432 157 4706 -1
447 15 4735 -1
449 9 4735 -1
457 732 4709 4712 4713 4715 4717 4735 4748 4764 4781 4791 4792 4795 4797 4798 -1
546 142 4712 4719 4795 -1
553 22 4712 -1
556 121 4735 -1
564 15 4735 -1
580 30 4709 -1
582 34 4728 4735 4796 -1
600 214 4709 -1
634 150 4748 -1
637 25 4712 -1
643 46 4735 -1
695 118 4712 4735 -1
710 105 4735 -1
722 264 4735 4797 4798 -1
737 232 4712 4713 4791 -1
697 100 4735 -1
749 66 4715 -1
759 77 4777 -1
763 68 4712 -1
766 773 4706 4709 4712 4713 4715 4717 4719 4735 4748 4764 4777 4780 4781 4792 4795 4797 4798 -1
788 113 4786 4795 4798 -1
789 317 4706 4712 4715 4717 4792 4797 -1
795 60 4735 -1
813 272 4712 4735 4781 -1
825 165 4735 4783 -1
854 99 4712 4717 4792 -1
879 122 4735 -1
898 10 4796 -1
908 9 4735 -1
947 27 4735 4777 4796 -1
950 9 4797 -1
974 36 4735 -1
988 292 4735 -1
996 297 4712 4735 4797 -1
1018 5 4728 -1
1024 41 4706 4735 -1
1032 39 4712 -1
1041 49 4796 -1
1055 196 4735 4797 -1
1063 29 4717 -1
1074 95 4709 4712 4713 4717 4791 -1
1097 88 4735 -1
1098 305 4764 -1
1125 37 4735 -1
1127 62 4776 -1
1133 399 4706 4713 4719 4728 4735 4776 4781 4792 4796 4797 -1
1137 135 4712 -1
1151 472 4706 4712 4781 4792 -1
1166 599 4712 4717 4719 4735 4748 4781 4797 -1
1167 158 4735 -1
1179 10 4719 -1
1200 107 4796 -1
1204 61 4792 -1
1207 26 4748 -1
1210 218 4795 4798 -1
1228 11 4735 -1
1241 35 4735 -1
1247 77 4780 -1
1291 34 4719 -1
1346 3 4795 -1
1374 462 4712 4777 4797 -1
1385 35 4781 -1
1395 199 4706 -1
1428 183 4706 -1
1184 79 4719 4735 4796 4797 -1
1468 20 4796 -1
1470 156 4712 4735 4792 4795 4797 -1
1473 91 4706 4709 4719 -1
1492 157 4715 4735 -1
1496 210 4709 4735 -1
1497 28 4735 -1
1500 48 4735 -1
1522 139 4735 -1
1537 68 4735 -1
1542 244 4712 4715 4717 4748 4781 -1
1552 81 4735 -1
1549 587 4712 4719 4776 4797 -1
1608 355 4712 4795 -1
1612 68 4713 -1
1613 15 4798 -1
1614 73 4706 4735 -1
1622 50 4795 -1
1623 39 4717 -1
1639 36 4748 -1
1661 66 4791 -1
1647 19 4796 -1
1701 112 4709 4712 4715 4735 4795 -1
1700 93 4735 -1
1717 96 4735 -1
1719 10 4712 -1
1730 45 4735 -1
1733 42 4735 4786 -1
1748 76 4797 -1
1762 47 4709 4712 4713 -1
1769 67 4712 -1
1796 38 4717 4748 4795 -1
1799 48 4735 4792 -1
1808 129 4735 -1
1814 105 4777 -1
1823 49 4706 -1
1847 47 4712 4735 -1
1875 33 4735 -1
1964 13 4719 -1
1972 181 4712 4713 4795 -1
1985 56 4735 -1
1986 17 4735 -1
1990 36 4709 4712 4735 -1
2093 55 4709 -1
2109 47 4735 -1
2117 23 4735 -1
2118 113 4735 -1
2120 122 4735 4780 -1
2129 44 4735 -1
2135 146 4712 4735 4748 4777 -1
2144 23 4735 -1
2145 145 4735 4792 4798 -1
2171 16 4713 -1
2210 17 4735 -1
2215 15 4735 -1
2223 15 4798 -1
2237 241 4719 4735 4781 4796 -1
2246 8 4735 -1
2256 247 4735 4780 4795 4797 4798 -1
2257 49 4719 -1
2258 95 4712 4715 4781 -1
2264 58 4706 4712 4797 -1
2276 32 4795 -1
2297 164 4706 -1
2326 252 4735 -1
2328 215 4709 4712 4717 4791 4795 -1
2365 77 4719 4735 -1
2369 189 4712 4791 4795 -1
2375 49 4712 -1
2381 71 4735 -1
2384 72 4781 4797 -1
2387 66 4712 -1
2398 62 4735 -1
2440 50 4712 4735 -1
2456 31 4735 4781 -1
2480 7 4735 -1
2485 324 4712 4781 -1
2493 6 4748 -1
2516 44 4706 -1
2542 93 4735 -1
2547 105 4706 4715 4719 4735 4798 -1
2549 70 4777 4797 -1
2566 32 4712 -1
2557 77 4792 -1
2560 180 4706 -1
2564 50 4712 -1
2565 893 4706 4709 4713 4719 4735 4764 4777 4778 4780 4792 4796 -1
2576 146 4797 -1
2585 60 4735 -1
2596 13 4735 -1
2474 142 4735 -1
2609 7 4712 -1
2618 53 4796 -1
2623 108 4777 -1
2619 46 4712 -1
2651 269 4735 4778 4780 4792 4797 -1
2655 49 4712 4735 4795 -1
2657 44 4717 -1
2658 307 4713 4717 4735 -1
2708 9 4719 4735 -1
2699 74 4709 4735 4796 4797 -1
2686 156 4715 4717 4735 -1
2688 618 4706 4709 4712 4713 4715 4717 4719 4764 4781 4792 4795 4796 4798 -1
2660 164 4712 4717 4792 4797 -1
2667 126 4712 4715 4781 4786 4795 4798 -1
2693 149 4709 4735 -1
2694 18 4735 -1
2744 39 4709 -1
2747 79 4735 -1
2765 29 4719 -1
2774 46 4735 -1
2775 35 4717 -1
2790 173 4778 -1
2832 50 4713 4728 4735 4780 4783 -1
2859 139 4719 4728 4780 -1
2871 282 4706 4719 4777 4780 4792 -1
2889 14 4712 -1
2903 8 4735 4796 -1
2909 57 4712 4735 -1
2917 2 4735 -1
2932 62 4735 -1
2935 36 4719 4735 4792 4797 -1
2914 4 4792 -1
2958 47 4735 -1
2967 238 4706 4719 4735 4792 4796 -1
2968 55 4735 -1
2972 357 4706 4712 4717 4719 4735 4748 4780 4792 4795 4796 4797 -1
2988 55 4717 -1
3000 43 4748 -1
3010 123 4712 4764 -1
3015 44 4797 -1
3024 52 4735 -1
3026 175 4706 4712 -1
3027 39 4712 4781 -1
3028 189 4715 4777 4778 4779 4780 4783 -1
3032 216 4712 4717 4780 4791 4795 -1
3033 45 4735 -1
3034 38 4735 -1
3057 48 4706 4709 -1
3072 25 4712 -1
3073 34 4706 4796 -1
3081 20 4777 -1
3084 62 4735 -1
3090 12 4717 -1
3092 81 4712 4715 4781 4795 -1
3106 5 4709 -1
3145 18 4735 -1
3168 79 4735 -1
3191 68 4712 -1
3209 41 4792 -1
3210 3 4792 -1
3238 28 4712 -1
3274 69 4717 4719 4735 4791 4796 -1
3284 20 4712 -1
3291 58 4712 4713 4735 4786 -1
3305 5 4796 -1
3326 18 4735 -1
3345 35 4709 -1
3346 5 4735 -1
3350 55 4706 -1
3352 273 4712 4717 4719 4735 -1
3354 5 4791 4796 -1
3366 63 4712 4777 -1
3378 41 4735 4781 -1
3380 42 4795 -1
3381 180 4709 4713 4764 -1
3394 156 4719 4735 4783 -1
3402 122 4719 4735 4792 4796 -1
3404 89 4712 -1
3390 60 4706 -1
3445 21 4712 4797 -1
3439 88 4712 -1
3447 271 4712 4713 4715 4717 4735 4776 4777 4778 4780 4783 4792 4795 4796 4797 -1
3449 314 4706 4712 4715 4717 4719 4735 4776 4777 4781 4792 4795 4796 4797 4798 -1
3451 98 4735 4776 4778 4780 4796 4797 -1
3452 131 4706 4712 4719 4792 -1
3453 319 4706 4709 4712 4717 4719 4728 4735 4748 4776 4792 4795 4796 4797 -1
3454 148 4719 4735 4796 -1
3455 68 4735 4792 4797 -1
3456 241 4706 4709 4712 4715 4719 4735 4792 4795 4798 -1
3457 166 4706 4719 4778 4781 -1
3458 69 4795 -1
3459 92 4712 4764 -1
3460 22 4791 -1
3461 101 4713 4777 4778 4779 4795 -1
3462 54 4712 4776 4796 -1
3463 56 4706 4719 4735 4796 -1
3466 17 4735 -1
3480 18 4735 -1
3478 42 4781 4797 -1
3498 114 4712 4735 -1
3521 29 4735 -1
3508 11 4735 -1
3568 147 4706 4712 4735 -1
3586 156 4709 4712 4748 4795 -1
3601 52 4795 4797 -1
3603 12 4792 -1
3607 24 4781 -1
3614 205 4712 4715 4781 4792 -1
3615 144 4798 -1
3631 91 4735 -1
3634 82 4712 4781 -1
3641 212 4709 4712 4713 4764 4781 4795 -1
3642 362 4709 4712 4713 4715 4717 4748 4764 4781 4786 4791 4795 4797 4798 -1
3643 44 4712 -1
3658 39 4781 -1
3666 144 4712 4777 4780 -1
3728 85 4709 4712 4719 4735 4777 4797 -1
3743 10 4796 -1
3748 30 4712 -1
3766 9 4735 -1
3786 99 4712 4777 4795 4797 -1
3787 232 4712 4713 4715 4735 4776 4777 4796 4797 -1
3792 27 4717 -1
3796 113 4719 4735 4778 4792 4796 -1
3794 46 4712 -1
3803 10 4792 4797 -1
3812 53 4735 -1
3813 94 4797 -1
3823 2 4735 -1
3830 20 4735 4796 -1
3835 35 4706 4712 4795 4796 4797 -1
3843 18 4792 -1
3845 8 4712 -1
3854 82 4706 4712 -1
3873 4 4712 -1
3897 9 4792 -1
3902 43 4735 4776 4778 4780 4797 -1
3910 33 4735 -1
3916 42 4709 4797 -1
3917 29 4706 4735 -1
3919 15 4717 4795 -1
3922 7 4779 -1
3930 5 4719 -1
3956 85 4795 -1
3969 90 4706 4712 4719 4780 4792 4796 -1
3976 145 4712 4717 4735 4776 4777 4780 -1
3985 32 4781 -1
4001 28 4719 -1
4008 7 4780 -1
4013 21 4712 -1
4036 147 4712 4792 4797 -1
4040 104 4706 4735 4776 4778 4780 -1
4041 68 4712 4715 4719 4780 4792 4795 -1
4044 89 4713 4719 4728 4778 4779 4780 4796 -1
4045 257 4706 4712 4715 4717 4719 4748 4781 4792 4795 4796 4798 -1
4046 89 4706 -1
4063 27 4735 -1
4077 77 4712 4735 -1
4065 131 4713 4791 4792 -1
4070 111 4797 -1
4072 29 4735 -1
4073 115 4735 4776 -1
4099 155 4712 4713 4715 4728 4776 4778 4780 4781 -1
4103 1 4798 -1
4116 12 4796 -1
4119 6 4706 -1
4076 86 4719 4735 4776 4796 4797 -1
4123 25 4735 -1
4138 64 4797 -1
4142 37 4713 4735 -1
4144 76 4795 4797 -1
4150 16 4735 -1
4151 84 4712 -1
4162 16 4709 -1
4175 8 4712 -1
3995 57 4712 4715 -1
4211 65 4706 4719 4735 4780 4796 -1
4212 53 4777 4780 4798 -1
4219 112 4706 4713 4717 4719 4728 4735 4776 4792 4796 -1
4224 17 4735 4776 -1
4261 24 4709 4719 4796 -1
4266 11 4735 -1
4273 23 4709 -1
4282 6 4796 -1
4297 38 4712 4717 4735 4795 -1
4312 5 4728 -1
4315 29 4735 -1
4326 7 4797 -1
4329 12 4712 4735 -1
4338 40 4709 4712 -1
4335 32 4735 -1
4353 80 4713 -1
4355 50 4748 -1
4377 11 4719 -1
4415 17 4706 -1
4437 70 4719 -1
4441 202 4712 4715 4717 4719 4735 4798 -1
4442 18 4706 4717 -1
4443 7 4735 -1
4448 36 4717 -1
4471 2 4712 -1
4476 16 4777 -1
4485 12 4712 4792 -1
4482 7 4712 -1
4483 153 4712 4715 4748 4795 4797 -1
4486 20 4796 -1
4488 50 4795 -1
4511 15 4719 4735 -1
4527 14 4748 -1
4531 14 4735 -1
4530 9 4780 -1
4534 19 4712 4796 -1
4536 81 4792 4795 -1
4542 9 4786 -1
4547 45 4735 4792 -1
4550 100 4712 -1
4564 33 4735 -1
4574 40 4781 -1
4575 2 4735 -1
4582 5 4728 -1
4586 9 4778 4779 4780 -1
4587 27 4792 -1
4588 11 4719 -1
4600 15 4781 4792 -1
4604 7 4712 -1
4487 31 4735 -1
4632 228 4715 4792 4797 4798 -1
4633 12 4706 -1
4653 114 4748 4777 4795 -1
4661 19 4719 -1
4662 46 4780 4797 -1
4664 6 4706 4712 4735 -1
4673 96 4712 4715 4717 4748 4786 4791 4795 4798 -1
4681 20 4792 -1
4686 57 4717 -1
4687 23 4706 4735 -1
4688 59 4706 4719 4735 4776 4792 4796 -1
4705 3 4728 -1
4706 3 4792 -1
4710 8 4706 4735 -1
4714 3 4719 -1
4715 11 4719 -1
4716 1 4719 -1
2621 8 4719 -1
4717 62 4712 4719 4748 4764 4798 -1
4718 46 4719 -1
4712 121 4717 4735 4791 4795 -1
4725 36 4796 -1
4726 15 4728 -1
4727 1 4728 -1
4733 4 4735 -1
4736 1 4735 -1
4675 1 4735 -1
4742 2 4735 -1
4737 3 4735 -1
4738 1 4735 -1
4739 11 4706 4735 -1
4743 2 4735 -1
4745 2 4735 -1
4740 1 4735 -1
4744 2 4735 -1
4746 18 4735 4792 -1
4741 3 4735 -1
4749 3 4706 -1
4756 34 4776 4796 -1
4748 38 4776 -1
4764 53 4712 4717 -1
4773 1 4776 -1
4774 13 4776 4796 -1
4778 1 4780 -1
4777 2 4778 -1
4785 1 4796 -1
4786 3 4791 4796 -1
4787 1 4796 -1
4788 20 4764 4791 4796 -1
4789 2 4796 -1
4790 1 4796 -1
4791 1 4796 -1
4792 62 4706 4777 4796 -1
4793 2 4796 -1
4794 1 4796 -1
4799 2 4798 -1
4814 20 4777 4797 -1
4813 46 4709 4713 4748 4795 -1
4823 1 4706 -1
4824 101 4706 4777 4781 4792 4795 4797 -1
4825 2 4706 -1
4829 78 4712 -1
4859 30 4717 4792 -1
4881 4 4795 -1
4894 79 4786 -1
4899 169 4717 4748 4781 -1
4937 17 4792 -1
4948 214 4712 4792 4797 -1
4960 8 4748 -1
4964 60 4715 -1
4966 25 4797 -1
4967 361 4709 4712 4713 4715 4717 4748 4764 4781 4791 4795 4798 -1
4980 16 4777 -1
4981 53 4712 -1
4982 43 4712 -1
5000 1 4792 -1
5001 1 4792 -1
5002 115 4709 4713 4792 -1
5006 28 4797 -1
5022 172 4709 4748 4791 4795 -1
5020 139 4777 -1
5028 43 4781 -1
5029 26 4712 -1
5037 18 4712 -1
5061 13 4786 -1
5068 10 4712 -1
5079 271 4712 4715 4717 4748 4777 4795 4798 -1
5089 8 4795 -1
5103 127 4709 4717 -1
5110 84 4712 4715 4717 4795 4798 -1
4828 168 4712 4717 4748 4764 4791 4795 4797 -1
5118 13 4797 -1
5121 9 4715 -1
5123 69 4712 4795 -1
5125 54 4781 4797 -1
5140 51 4712 4717 4748 -1
5155 24 4712 -1
5166 48 4709 4781 -1
5171 41 4712 4795 -1
5172 29 4781 -1
5173 122 4764 -1
5174 6 4712 -1
5175 35 4797 -1
5176 139 4712 4777 4797 -1
5177 101 4709 4712 4715 4717 4781 4791 4795 4798 -1
4310 278 4709 4712 4715 4717 4748 4777 4781 4791 4795 -1
5179 217 4712 4715 4781 4795 4797 4798 -1
5180 49 4795 -1
5181 41 4797 -1
5184 68 4777 -1
5185 152 4709 4712 4713 4715 4748 4764 4795 4798 -1
5188 211 4709 4712 4713 4717 4748 4764 4777 4795 4797 -1
5189 312 4712 4717 4777 4781 4795 4797 4798 -1
5190 80 4712 -1
5217 21 4712 -1
5246 44 4712 -1
5254 33 4713 4717 -1
5262 59 4717 -1
5263 75 4777 4795 4797 -1
5276 9 4713 -1
5295 22 4777 -1
5296 16 4712 -1
5301 61 4717 4748 -1
5316 24 4709 4712 4715 -1
5334 7 4797 -1
4591 2 4712 -1
5391 37 4712 -1
5423 48 4715 4786 4795 4798 -1
5419 9 4781 -1
5421 4 4777 -1
5430 6 4712 4748 -1
5428 3 4712 -1
5439 66 4748 4786 4791 4795 -1
5452 17 4712 -1
5454 19 4712 -1
5456 2 4712 -1
5455 8 4712 -1
5457 44 4795 -1
5484 22 4781 -1
5524 389 4709 4712 4713 4715 4717 4748 4764 4781 4798 -1
5531 243 4709 4712 4713 4748 4764 4781 4791 -1
5528 6 4777 -1
5193 18 4712 4717 -1
5543 137 4715 4764 4781 -1
5582 105 4709 4713 4717 4748 4795 -1
5603 3 4797 -1
5608 16 4795 -1
5612 66 4798 -1
5616 15 4712 -1
5617 22 4781 -1
5622 2 4777 -1
5396 12 4777 -1
5627 3 4777 -1
5624 28 4717 -1
5626 4 4798 -1
5630 36 4712 4748 4781 -1
5644 21 4795 -1
5636 1 4777 -1
5645 1 4777 -1
5655 139 4712 4717 4786 4791 -1
5680 4 4795 -1
5691 49 4797 -1
5696 50 4712 4715 4781 -1
5697 230 4709 4712 4713 4717 4748 4764 4791 4795 4798 -1
5714 44 4715 -1
5739 45 4748 -1
5753 4 4712 -1
5768 13 4791 -1
5775 42 4709 -1
5787 32 4781 -1
5796 191 4709 4712 4715 4717 4748 4764 4795 -1
5798 12 4715 4795 4798 -1
5799 23 4715 4786 4795 4798 -1
5800 222 4712 4764 4791 -1
5802 385 4709 4712 4713 4717 4748 4764 4786 4791 4795 4798 -1
5806 83 4795 -1
5804 33 4712 4715 -1
5810 29 4712 4791 -1
5811 79 4713 4748 4791 -1
5814 144 4709 4712 4791 -1
5816 84 4715 -1
5817 75 4791 4795 4798 -1
5818 67 4713 4764 4798 -1
5821 22 4709 4712 4748 -1
5822 98 4786 4791 -1
5839 41 4795 -1
5857 92 4712 -1
5862 24 4712 -1
5871 50 4712 4795 -1
5933 4 4791 -1
5934 42 4781 -1
5961 11 4798 -1
5984 10 4791 -1
5998 81 4712 4717 4748 4791 -1
6006 68 4709 4712 4748 -1
6024 17 4712 -1
6023 30 4715 4786 -1
6032 80 4709 4764 -1
6038 6 4748 -1
6043 39 4781 -1
6047 4 4713 -1
6068 32 4781 -1
6075 18 4781 -1
6094 11 4781 -1
6118 2 4781 -1
6119 3 4781 -1
6120 1 4781 -1
6121 2 4781 -1
6217 31 4709 4712 -1
6218 53 4712 4795 4798 -1
6220 18 4713 4717 -1
6223 17 4717 4791 -1
6243 35 4712 -1
6248 10 4717 -1
6271 11 4715 -1
6272 76 4717 -1
6299 78 4713 4798 -1
6305 190 4709 4712 4713 4717 4764 4786 4795 -1
6312 3 4798 -1
6314 10 4791 -1
6319 2 4791 -1
6320 23 4715 -1
6323 44 4764 -1
6324 6 4712 4798 -1
6347 11 4709 -1
6359 81 4712 4713 4715 4764 4791 -1
6360 35 4715 4798 -1
6298 7 4798 -1
6377 17 4713 4764 -1
6379 1 4798 -1
6380 4 4798 -1
6381 3 4798 -1
6327 108 4712 4713 4786 4798 -1
6398 29 4709 -1
6422 11 4712 -1
6447 12 4712 -1
6458 28 4709 -1
6467 8 4712 4717 -1
6483 28 4791 -1
6486 85 4791 -1
6488 22 4713 4717 -1
6494 101 4709 -1
6510 54 4709 4713 -1
6517 2 4713 -1
6518 33 4748 -1
6522 29 4713 4764 -1
6525 17 4713 -1
6460 58 4717 -1
6533 1 4791 -1
6534 1 4791 -1
6537 5 4791 -1
6535 1 4791 -1
6538 21 4791 -1
6539 1 4791 -1
6536 2 4791 -1
6545 5 4709 -1
6546 2 4709 -1
5273 12 4717 4764 -1
6560 43 4713 4717 -1
6561 3 4717 -1
6595 12 4712 -1
6596 177 4712 -1
6605 10 4712 -1
6607 4 4712 -1
6608 18 4709 -1
6615 160 4713 4764 -1
6627 50 4712 -1
6626 9 4712 -1
6657 11 4712 -1
6658 5 4712 -1
6712 11 4764 -1
6714 100 4713 -1
6736 33 4764 -1
6764 1 4709 -1
6765 1 4709 -1
6766 22 4709 -1
6767 2 4709 -1
6781 8 4764 -1
6828 1 4713 -1
6829 4 4713 -1
6837 1 4764 -1