11 743 4201 4212 4231 4247 4256 4261 4263 4266 4269 4289 4290 4297 4299 -1
12 65 4233 -1
14 114 4247 -1
24 309 4261 4276 4299 -1
36 227 4201 -1
42 89 4261 -1
47 146 4256 -1
53 39 4235 -1
72 164 4276 -1
86 122 4247 -1
68 275 4201 4211 4212 4231 4247 4290 -1
122 213 4201 4247 4263 4266 4289 -1
127 132 4234 4269 -1
178 63 4297 -1
182 79 4256 -1
166 93 4233 -1
203 31 4276 -1
265 31 4266 -1
291 35 4201 4233 4261 4266 -1
306 244 4290 4299 -1
308 142 4233 -1
319 199 4297 -1
335 46 4234 -1
336 31 4289 -1
346 86 4266 -1
325 25 4233 -1
432 157 4261 -1
457 732 4231 4233 4247 4256 4263 4269 4297 -1
467 12 4247 -1
549 4 4256 -1
556 121 4276 -1
582 34 4212 4261 -1
601 9 4234 -1
600 214 4276 4289 -1
633 55 4211 -1
634 150 4290 4297 -1
635 66 4201 4261 -1
663 158 4269 -1
695 118 4201 4269 -1
722 264 4201 4266 -1
737 232 4298 -1
742 93 4234 4261 -1
697 100 4212 4266 -1
749 66 4289 -1
763 68 4297 -1
764 34 4269 -1
766 773 4212 4219 4247 4256 4261 4263 4266 4269 4289 4290 4297 4298 4299 -1
788 113 4201 -1
784 224 4201 4256 4263 -1
789 317 4212 4219 4266 4297 -1
795 60 4289 4297 -1
805 90 4289 -1
813 272 4256 4263 4269 4289 4290 -1
816 29 4289 -1
825 165 4261 -1
856 91 4233 -1
865 97 4247 4276 -1
879 122 4212 4261 4266 4290 -1
787 12 4212 -1
947 27 4247 4297 -1
956 42 4201 -1
988 292 4256 4290 -1
993 238 4256 -1
996 297 4234 4266 4289 -1
1009 44 4263 -1
1037 86 4266 -1
1055 196 4290 -1
1062 156 4256 4263 4269 -1
1064 16 4212 -1
1075 74 4276 -1
1097 88 4247 4256 -1
1111 60 4247 -1
1127 62 4297 -1
1133 399 4212 4233 4235 4247 4254 4256 4261 4263 4266 4269 4289 4290 4297 4298 4299 -1
1137 135 4256 -1
1151 472 4212 4234 4247 -1
1166 599 4201 4247 4256 4266 4276 4290 4297 4298 4299 -1
1210 218 4289 4290 -1
1211 79 4256 -1
1228 11 4299 -1
1236 103 4263 -1
1247 77 4299 -1
1253 51 4234 -1
1305 290 4233 4263 4266 -1
1353 30 4276 -1
1356 20 4201 -1
1357 91 4256 -1
1374 462 4233 4247 4269 4276 -1
1395 199 4261 4263 -1
1184 79 4212 4261 -1
1462 48 4233 4247 -1
1463 26 4219 -1
1468 20 4212 -1
1466 24 4247 -1
1470 156 4297 -1
1471 72 4201 4263 -1
1473 91 4266 -1
1496 210 4261 -1
1500 48 4299 -1
1522 139 4234 4247 4256 4263 -1
1542 244 4233 4247 4297 -1
1552 81 4254 4266 -1
1549 587 4211 4247 4256 4261 4263 4266 4272 4276 4289 4290 4299 -1
1550 42 4256 4290 -1
1566 46 4256 -1
1585 102 4269 -1
1596 29 4256 -1
1608 355 4234 4247 4256 4290 -1
1621 80 4290 -1
1661 66 4269 -1
1691 50 4247 -1
1701 112 4276 -1
1700 93 4231 -1
1767 97 4247 4290 -1
1803 19 4297 -1
1807 8 4247 -1
1808 129 4256 -1
1814 105 4299 -1
1823 49 4247 -1
1835 73 4247 -1
1838 57 4201 4233 -1
1833 6 4247 -1
1874 9 4276 -1
1875 33 4269 4289 -1
1891 36 4256 -1
1896 51 4266 -1
1922 204 4297 -1
1937 13 4276 -1
1961 5 4247 -1
1972 181 4201 -1
1990 36 4233 -1
2009 63 4289 -1
2033 22 4276 -1
698 11 4216 -1
2109 47 4201 4234 4247 4266 -1
2118 113 4201 4297 4299 -1
2120 122 4261 -1
2129 44 4234 4290 4299 -1
2134 14 4256 4289 4290 4299 -1
2135 146 4234 4266 -1
2144 23 4218 4266 -1
2145 145 4234 4266 4289 -1
2174 65 4231 4269 -1
2186 61 4269 -1
2210 17 4233 -1
2226 28 4266 -1
2229 143 4234 4256 4289 4290 4297 -1
2237 241 4212 4234 4256 4261 4263 4266 4269 4276 4289 4290 4299 -1
2240 108 4256 -1
2256 247 4201 4218 4231 4247 -1
2264 58 4234 4247 4261 -1
2276 32 4298 -1
2297 164 4233 4263 4269 4299 -1
2298 48 4201 4231 4269 4289 4297 -1
2326 252 4201 4233 4235 4247 4256 4263 4269 4290 4297 4298 -1
2328 215 4247 4256 4269 -1
2369 189 4219 4276 4297 -1
2371 124 4256 -1
2375 49 4289 -1
2381 71 4201 4247 4269 -1
2379 45 4201 4233 4247 4269 -1
2384 72 4201 4233 4247 4289 -1
2387 66 4276 -1
2411 141 4218 4231 4233 4247 4299 -1
2440 50 4261 -1
2475 2 4261 -1
2485 324 4212 4247 4256 4266 4290 -1
2488 21 4201 -1
2496 2 4261 -1
2504 100 4256 4263 -1
2506 46 4289 -1
2510 68 4256 -1
2535 47 4219 4233 -1
2542 93 4233 4247 4261 -1
2547 105 4266 4297 -1
2566 32 4201 -1
2557 77 4220 4298 -1
2559 82 4201 4290 -1
2560 180 4201 4233 4256 4289 4290 4298 -1
2564 50 4247 4297 -1
2565 893 4201 4212 4231 4233 4234 4247 4256 4261 4263 4266 4269 4289 4290 4297 4298 4299 -1
2576 146 4298 -1
2595 49 4276 -1
2474 142 4261 4266 -1
2611 7 4261 -1
2612 29 4290 -1
2613 25 4201 -1
2623 108 4254 4298 -1
2645 7 4218 4289 -1
2651 269 4201 4211 4231 4247 4254 4256 4261 4263 4266 4269 4290 4299 -1
2653 113 4256 4299 -1
2655 49 4201 -1
2657 44 4298 4299 -1
2658 307 4289 4297 -1
2699 74 4212 4219 4266 -1
2700 168 4201 4233 4256 4263 4269 4290 -1
2686 156 4276 -1
2702 80 4247 4276 -1
2688 618 4212 4219 4233 4247 4256 4261 4263 4266 4269 4276 4297 4298 4299 -1
2704 75 4263 -1
2660 164 4261 -1
2689 38 4247 -1
2667 126 4247 4276 -1
2693 149 4201 4247 4263 4276 4290 -1
2696 64 4256 4261 -1
2697 45 4247 4256 4290 -1
2727 33 4256 -1
2747 79 4233 4247 -1
2774 46 4261 -1
2775 35 4266 -1
2790 173 4212 -1
2811 19 4218 -1
2654 104 4233 -1
2832 50 4234 4264 4289 4297 4299 -1
2859 139 4234 4256 4290 4297 -1
2871 282 4212 4256 4261 4263 4266 4269 4297 4298 -1
2883 28 4211 4247 -1
2900 29 4247 -1
2912 33 4233 -1
2932 62 4231 4235 4254 4261 4266 4272 -1
2935 36 4298 -1
2940 123 4201 4218 -1
2951 19 4297 -1
2958 47 4256 4290 4299 -1
2964 70 4201 4216 4247 4256 4263 4269 4289 4290 -1
2967 238 4201 4212 4219 4220 4233 4234 4247 4256 4261 4263 4266 4269 4289 4290 4297 -1
2968 55 4234 -1
2972 357 4212 4219 4247 4261 4263 4266 4269 4297 4298 4299 -1
2988 55 4256 -1
2989 10 4256 -1
3007 15 4219 -1
2707 103 4289 4297 -1
3024 52 4256 -1
3026 175 4201 4234 4256 4261 -1
3027 39 4247 -1
3028 189 4201 4216 4218 4220 4231 4256 4297 -1
3032 216 4233 4247 4266 4269 4289 4290 4297 4298 4299 -1
3034 38 4212 -1
2713 200 4201 4233 4234 4247 4256 4263 4269 4289 4297 4299 -1
3057 48 4247 4261 4266 -1
3059 32 4256 -1
2356 57 4269 4290 -1
3090 12 4201 -1
3092 81 4201 4276 -1
2842 124 4234 4256 4269 -1
3109 9 4219 -1
3144 88 4212 4261 -1
3145 18 4263 4297 4299 -1
3148 26 4233 4263 4266 -1
3159 9 4247 -1
3168 79 4254 4290 -1
3173 7 4256 -1
3190 10 4276 -1
3188 20 4234 4256 -1
3192 56 4256 -1
3191 68 4219 4247 -1
3225 13 4256 -1
3227 19 4261 -1
3249 3 4247 4263 -1
3258 95 4201 4233 -1
3274 69 4266 -1
3276 79 4216 4233 4256 4269 4289 4290 -1
3292 8 4201 -1
3309 4 4298 -1
3290 36 4212 -1
3334 13 4290 4299 -1
3350 55 4261 4299 -1
3352 273 4201 4212 4233 4234 4247 4256 4263 4266 4269 4289 4290 4299 -1
3366 63 4272 4298 -1
3367 3 4263 -1
3373 12 4263 4269 -1
3375 43 4299 -1
3394 156 4256 4289 4290 4297 4299 -1
3402 122 4261 4266 4297 4299 -1
3404 89 4289 -1
3433 9 4212 -1
3443 20 4234 -1
3445 21 4247 -1
3439 88 4216 4220 4269 -1
3447 271 4212 4261 4266 4298 -1
3449 314 4212 4247 4261 4297 4299 -1
3451 98 4201 4212 4216 4231 4234 4235 4254 4263 4266 4269 4289 4297 -1
3452 131 4201 4212 4266 4297 4298 -1
3453 319 4212 4219 4261 4266 4297 4298 4299 -1
3454 148 4212 4261 4263 4269 4289 4290 4297 4299 -1
3455 68 4212 4297 -1
3456 241 4256 4263 4269 4289 4290 4297 4299 -1
3457 166 4290 4298 -1
3461 101 4256 4266 4269 4297 -1
3462 54 4212 4266 -1
3463 56 4212 4261 4266 -1
3469 23 4201 -1
3479 102 4233 4263 4269 4289 4299 -1
3480 18 4201 -1
3482 24 4290 -1
3478 42 4289 -1
3519 48 4247 4263 -1
3541 81 4256 -1
3560 16 4299 -1
3562 40 4256 -1
3568 147 4201 4233 4235 4256 4261 4263 4265 4269 4289 4297 4299 -1
3586 156 4218 -1
3591 13 4299 -1
3593 26 4247 -1
3600 12 4219 -1
3601 52 4216 4297 -1
3614 205 4201 4233 4256 4290 4297 4298 -1
3615 144 4233 4256 4263 4269 4289 4290 4299 -1
3624 64 4290 4299 -1
3625 4 4201 -1
3630 32 4299 -1
3631 91 4231 4233 4290 4297 -1
3633 48 4201 -1
3634 82 4212 4247 -1
3635 63 4201 4233 4247 4256 4265 4290 4297 -1
3639 12 4261 -1
3641 212 4247 4254 4269 4297 4298 -1
3642 362 4201 4247 4276 -1
3643 44 4297 4298 -1
3645 40 4263 4299 -1
3659 38 4263 4289 4297 -1
3660 87 4201 4234 4247 4256 4289 4297 4299 -1
3661 36 4289 -1
3666 144 4219 4256 4266 4272 -1
3667 6 4201 -1
3682 75 4201 4233 4247 4256 4269 4289 -1
3691 95 4201 4218 4233 4234 -1
3719 14 4290 4299 -1
3724 93 4201 4233 4234 4247 4254 4256 4263 4269 4289 4299 -1
3571 45 4289 -1
3728 85 4201 4220 4261 4289 -1
3743 10 4297 -1
3748 30 4256 4261 4299 -1
3775 12 4218 -1
3777 11 4297 -1
3782 3 4256 -1
3786 99 4201 -1
3787 232 4247 4263 4266 4290 -1
3796 113 4212 4261 4266 4297 -1
3794 46 4247 4297 -1
3803 10 4212 -1
3804 5 4201 -1
3806 45 4263 4290 4299 -1
3813 94 4256 4263 4269 -1
3814 47 4269 4299 -1
3835 35 4266 -1
3843 18 4266 -1
3854 82 4256 4297 -1
3872 15 4269 -1
3877 13 4266 -1
3902 43 4212 4220 4261 4266 -1
3912 17 4231 4247 4263 4269 -1
3917 29 4201 4263 -1
3945 2 4266 -1
3948 26 4201 4233 4234 4247 4263 4297 -1
3955 3 4233 -1
3956 85 4219 4261 4290 -1
3958 15 4269 -1
3965 89 4269 4299 -1
3969 90 4261 4266 -1
3973 33 4201 4216 4256 4263 4269 4272 4289 4290 -1
3976 145 4211 4212 4219 4220 4298 -1
3977 14 4256 -1
3985 32 4261 -1
4001 28 4219 4220 4261 -1
4007 15 4269 4290 -1
4020 6 4256 4263 -1
4036 147 4233 -1
4037 15 4256 -1
4040 104 4219 4266 -1
4041 68 4266 4298 -1
4042 21 4201 4233 4247 -1
4044 89 4216 4218 4219 4261 4266 4297 -1
4045 257 4212 4261 4266 4297 4299 -1
4046 89 4212 4298 -1
4056 23 4234 -1
4063 27 4299 -1
4077 77 4247 4266 4297 -1
4065 131 4201 4216 4218 4263 4269 4290 4299 -1
4070 111 4276 4297 4299 -1
4072 29 4298 -1
4073 115 4211 4256 4266 4297 4298 -1
4074 33 4297 -1
4098 8 4201 4218 4266 4269 -1
4099 155 4233 -1
4111 16 4216 4256 4263 4269 4290 4297 -1
4076 86 4201 4212 4218 4233 4247 4256 4263 4266 4269 4290 -1
4123 25 4247 4256 4263 4269 -1
4124 50 4201 4220 4247 4290 -1
4127 41 4256 4298 -1
4128 9 4237 4256 -1
4136 26 4201 4216 4233 4247 4256 4263 4269 4290 -1
4137 7 4256 4289 -1
4138 64 4231 4234 4254 4256 4289 4290 4299 -1
4140 12 4201 -1
4141 5 4299 -1
4142 37 4256 4289 4290 4299 -1
4144 76 4218 4256 4289 -1
4151 84 4234 4247 -1
4152 43 4233 4234 4266 4297 4298 -1
4159 2 4220 -1
4162 16 4201 4263 4269 4289 4290 -1
4169 9 4216 4265 -1
3819 10 4233 4235 -1
4189 11 4298 -1
4199 8 4233 4247 -1
4201 2 4216 -1
4200 5 4201 -1
4207 1 4201 -1
4208 2 4201 4247 -1
4202 1 4201 -1
4203 1 4201 -1
4204 2 4201 -1
3995 57 4201 -1
4209 1 4201 -1
4205 5 4201 4297 -1
4210 1 4201 -1
4206 1 4201 -1
4211 65 4212 4234 4261 4297 -1
4214 9 4234 -1
4217 1 4218 -1
4219 112 4212 4261 4266 4297 -1
4224 17 4266 -1
4228 3 4231 -1
4232 3 4233 -1
4234 3 4233 -1
4093 1 4235 -1
4236 1 4237 -1
4240 1 4247 -1
4243 1 4247 -1
4244 1 4247 -1
4241 1 4247 -1
4242 1 4247 -1
4245 2 4247 -1
4246 1 4247 -1
4252 5 4299 -1
4229 4 4263 4269 -1
4255 9 4263 4266 4297 -1
4259 1 4263 -1
4260 1 4263 -1
4261 24 4212 4263 4266 -1
4266 11 4269 -1
4267 1 4269 -1
4273 23 4256 4299 -1
4276 52 4247 -1
4282 6 4256 -1
4283 1 4256 -1
4284 1 4256 -1
4285 2 4256 -1
4291 4 4290 -1
4292 4 4290 -1
4295 17 4297 4299 -1
4296 1 4299 -1
4297 38 4299 -1
4298 9 4261 4299 -1
4315 29 4297 -1
4329 12 4219 -1
4342 10 4212 -1
4371 6 4219 -1
4400 5 4219 -1
4415 17 4220 -1
4425 2 4297 -1
4428 12 4297 -1
4431 4 4261 -1
4433 24 4261 -1
4437 70 4261 4266 -1
4441 202 4219 4297 -1
4442 18 4266 4297 -1
4443 7 4276 -1
4455 22 4297 -1
4458 2 4220 -1
4467 1 4234 -1
4468 18 4234 -1
4477 2 4261 -1
4509 11 4297 -1
4511 15 4212 4266 -1
4531 14 4219 -1
4536 81 4219 4297 4298 -1
4547 45 4298 -1
4550 100 4247 -1
4564 33 4297 -1
4574 40 4247 -1
4581 3 4297 -1
4587 27 4212 4261 -1
4588 11 4261 4266 -1
4598 71 4211 -1
4632 228 4212 4261 4276 4297 -1
4633 12 4212 4261 -1
4635 1 4220 -1
4661 19 4261 -1
4666 24 4247 -1
4673 96 4219 -1
4681 20 4298 -1
4682 14 4261 4298 -1
4687 23 4266 -1
4688 59 4212 4261 4266 -1
4693 2 4261 -1
4692 1 4261 -1
4694 1 4261 -1
4695 1 4261 -1
4696 1 4261 -1
4697 1 4261 -1
4698 1 4261 -1
4699 1 4261 -1
4700 1 4261 -1
4701 1 4261 -1
4702 1 4261 -1
4703 1 4261 -1
4704 1 4261 -1
4705 3 4261 -1
4706 3 4261 4266 -1
4707 1 4261 -1
4708 1 4261 -1
4709 25 4261 -1
4710 8 4261 -1
4711 1 4261 -1
4715 11 4298 -1
4712 121 4247 -1
4726 15 4219 -1
4755 1 4266 -1
4756 34 4266 -1
4757 6 4266 -1
4748 38 4298 -1
4774 13 4212 -1
4798 4 4212 -1
4799 2 4212 -1
4818 28 4219 -1
4843 24 4247 -1
4862 4 4276 -1
4879 28 4219 -1
4899 169 4219 4247 4297 -1
4929 9 4219 -1
4937 17 4298 -1
4943 31 4297 -1
4948 214 4247 4297 -1
4964 60 4297 -1
4966 25 4297 -1
4967 361 4247 4297 -1
4972 2 4298 -1
4982 43 4247 -1
4988 23 4247 -1
4989 7 4298 -1
4993 4 4297 -1
5006 28 4219 -1
5039 7 4297 -1
5071 1 4297 -1
5079 271 4218 4219 4247 -1
5081 5 4247 -1
5099 14 4276 -1
5119 18 4247 -1
5050 11 4247 -1
5173 122 4247 -1
5175 35 4247 -1
5176 139 4247 4276 -1
4310 278 4247 -1
5179 217 4247 4276 -1
5181 41 4247 -1
5184 68 4247 -1
5188 211 4247 -1
5189 312 4247 -1
5190 80 4247 -1
5262 59 4211 -1
5404 40 4276 -1
5455 8 4247 -1
5479 28 4276 -1
5532 26 4276 -1
5598 1 4247 -1
5599 1 4247 -1
5600 8 4247 -1
5601 2 4247 -1
5602 1 4247 -1
5603 3 4247 -1
5612 66 4276 -1
5644 21 4276 -1
5691 49 4211 -1
5787 32 4276 -1
5800 222 4218 -1
6270 88 4218 -1
6486 85 4218 -1
6619 104 4218 -1
6615 160 4218 -1