6 302 7632 -1
15 50 7632 -1
36 227 7632 -1
60 9 7624 -1
72 164 7620 7632 -1
87 195 7649 7662 -1
99 24 7632 -1
103 68 7618 -1
68 275 7620 7632 -1
109 190 7620 7632 7649 7662 7668 7694 -1
122 213 7699 -1
113 89 7651 -1
127 132 7632 -1
133 10 7632 -1
136 99 7620 -1
155 28 7604 7647 7648 7651 7652 7672 -1
173 334 7649 -1
178 63 7699 -1
182 79 7620 -1
166 93 7695 7699 -1
280 76 7632 -1
311 321 7620 7624 7632 -1
335 46 7688 -1
425 79 7632 -1
457 732 7624 7649 7662 -1
545 24 7620 7646 -1
580 30 7662 -1
737 232 7618 7620 7632 7647 7649 7651 7658 7666 7669 7673 7675 7694 7699 -1
742 93 7662 7691 -1
749 66 7618 7632 7683 -1
766 773 7618 7624 7632 7646 7649 7651 7662 7683 7694 7695 7699 -1
762 50 7620 7632 7699 -1
856 91 7620 -1
852 39 7632 -1
886 3 7699 -1
948 29 7624 -1
967 16 7620 -1
988 292 7620 -1
996 297 7620 -1
1003 18 7699 -1
1037 86 7620 7632 -1
1055 196 7683 7699 -1
1098 305 7618 7620 7634 7646 7647 7651 7662 7666 7675 -1
1132 57 7620 7699 -1
1151 472 7649 -1
1166 599 7620 7662 7699 -1
1215 65 7620 7632 7699 -1
1374 462 7620 7632 7646 7649 7651 7683 7699 -1
1385 35 7694 7699 -1
1395 199 7649 -1
1496 210 7632 -1
1498 6 7651 -1
1539 5 7673 -1
1542 244 7649 7662 7691 -1
1621 80 7620 -1
1644 48 7699 -1
1707 34 7632 -1
1733 42 7620 7632 7699 -1
1734 55 7632 7651 -1
1762 47 7647 -1
1769 67 7683 -1
1814 105 7699 -1
1816 10 7620 -1
1879 13 7624 -1
1982 29 7620 7658 -1
2010 27 7694 -1
2120 122 7632 -1
2135 146 7632 -1
2144 23 7632 -1
2145 145 7632 7651 7699 -1
2174 65 7620 -1
2233 36 7695 -1
2240 108 7620 7651 7662 -1
2264 58 7620 -1
2276 32 7632 -1
2297 164 7632 -1
2369 189 7620 7632 7649 7666 -1
2371 124 7632 -1
2384 72 7694 -1
2410 34 7632 -1
2440 50 7620 -1
2452 42 7632 7662 7683 -1
2456 31 7624 -1
2481 8 7649 -1
2485 324 7620 7624 7649 -1
2511 8 7647 7649 7688 -1
2560 180 7647 7648 7649 7651 7652 7694 7695 7699 -1
2565 893 7618 7620 7624 7632 7634 7646 7649 7651 7658 7662 7666 7668 7673 7683 7694 7695 7699 -1
2576 146 7620 7699 -1
2599 9 7632 -1
2651 269 7632 -1
2658 307 7620 7624 7647 7648 7651 7652 7683 7694 7695 7699 -1
2694 18 7618 7620 -1
2765 29 7649 -1
2774 46 7632 -1
2811 19 7604 -1
2886 3 7694 -1
2907 6 7632 -1
2908 12 7620 7632 -1
2940 123 7618 -1
2958 47 7620 -1
2968 55 7620 7699 -1
2707 103 7647 -1
3032 216 7620 -1
3057 48 7649 -1
3073 34 7632 -1
3084 62 7620 7649 -1
3092 81 7699 -1
2003 63 7620 -1
3142 49 7620 -1
3238 28 7624 7632 -1
3297 51 7620 -1
3321 18 7694 -1
3334 13 7632 -1
3378 41 7694 -1
3381 180 7618 7624 7632 7646 7647 7651 7662 7694 7695 -1
3392 33 7620 -1
3394 156 7620 -1
3404 89 7624 -1
3439 88 7632 -1
3447 271 7662 7694 -1
3453 319 7620 7624 7632 -1
3456 241 7620 -1
3458 69 7618 -1
3498 114 7632 -1
3521 29 7632 -1
3562 40 7632 -1
3586 156 7632 7651 7662 -1
3601 52 7620 7632 7699 -1
3615 144 7683 -1
3641 212 7632 -1
3642 362 7620 7632 -1
3691 95 7632 -1
3723 7 7632 -1
3752 15 7662 -1
3786 99 7632 -1
3787 232 7620 7632 7699 -1
3813 94 7632 -1
3910 33 7620 -1
3916 42 7620 -1
3956 85 7632 7651 -1
3965 89 7620 7632 -1
3969 90 7620 7624 -1
4036 147 7620 7699 -1
4037 15 7699 -1
4040 104 7662 -1
2981 44 7632 -1
4046 89 7620 7675 7683 -1
4071 17 7632 -1
4099 155 7632 -1
4116 12 7632 -1
4129 2 7688 -1
4162 16 7620 7632 -1
4191 20 7632 -1
4224 17 7620 -1
4221 42 7699 -1
4297 38 7620 7632 -1
4335 32 7632 -1
4347 55 7620 -1
4422 15 7620 -1
4437 70 7620 -1
4441 202 7618 7620 7624 7632 7646 7649 7662 7683 7695 7699 -1
4455 22 7632 -1
4483 153 7624 7632 7651 7662 7694 -1
4530 9 7632 -1
4536 81 7632 7649 -1
4574 40 7632 -1
4598 71 7620 -1
4604 7 7624 -1
4616 7 7632 -1
4632 228 7618 7620 7624 7646 7647 7695 7699 -1
4662 46 7620 7699 -1
4717 62 7618 7620 -1
4712 121 7632 7673 7699 -1
4764 53 7662 -1
4788 20 7649 -1
4792 62 7632 -1
4829 78 7624 -1
4884 4 7632 -1
4948 214 7632 7694 7695 -1
4966 25 7624 7699 -1
4974 44 7624 7642 -1
4988 23 7632 -1
4994 19 7649 -1
5002 115 7620 7652 7662 -1
5020 139 7632 -1
5028 43 7618 7620 7632 7683 -1
5053 52 7620 7624 7632 7651 7662 -1
5079 271 7632 7699 -1
5099 14 7604 -1
5102 54 7618 7620 -1
5103 127 7618 7620 7624 7647 7649 7651 7694 -1
4828 168 7604 7634 -1
5123 69 7632 7691 7699 -1
5166 48 7620 -1
5173 122 7620 7632 7647 -1
4795 73 7699 -1
5177 101 7620 7632 -1
4310 278 7618 7620 7651 7653 7699 -1
5179 217 7620 7632 7642 7646 7662 7683 7699 -1
5188 211 7695 -1
5189 312 7618 7620 7624 7632 7662 7683 7695 7699 -1
5196 32 7632 7646 -1
5199 22 7647 7649 7669 -1
5201 15 7632 -1
5246 44 7620 -1
5254 33 7620 7632 -1
5295 22 7620 7632 -1
5316 24 7662 -1
5342 30 7632 7647 -1
5404 40 7620 7646 7699 -1
5423 48 7646 -1
5445 63 7620 7634 7651 7699 -1
5446 26 7620 7699 -1
5479 28 7620 7632 -1
5524 389 7618 7620 7624 7632 7646 7649 7651 7662 7683 7694 7695 7699 -1
5551 8 7624 -1
5605 11 7632 -1
5612 66 7683 -1
5617 22 7632 -1
5620 7 7688 -1
5655 139 7620 7632 7642 7648 7653 7666 7668 7669 7673 7675 7688 7695 -1
5658 10 7699 -1
5697 230 7620 -1
5741 13 7620 -1
5768 13 7620 -1
5775 42 7632 -1
5773 75 7632 7662 7668 -1
5790 1 7699 -1
5796 191 7620 7632 7651 -1
5800 222 7620 7646 7651 7694 7699 -1
5802 385 7618 7620 7624 7632 7646 7647 7649 7651 7652 7662 7666 7673 7694 -1
5806 83 7620 7653 7688 7691 -1
5804 33 7648 -1
5810 29 7620 -1
5814 144 7618 7620 7632 7651 7699 -1
5816 84 7632 7683 -1
5819 61 7620 -1
5822 98 7632 7646 7649 7651 7662 7683 7690 7699 -1
5827 15 7662 -1
5839 41 7620 7632 7649 7653 7662 -1
5857 92 7632 7699 -1
5872 27 7618 7624 -1
5908 19 7632 -1
5915 52 7649 7694 -1
5871 50 7620 7632 -1
5928 4 7620 -1
5934 42 7651 -1
5940 13 7632 -1
5952 14 7620 7632 -1
5969 5 7649 -1
5999 20 7620 7632 -1
6000 10 7632 -1
6006 68 7699 -1
6032 80 7618 -1
6029 2 7699 -1
6043 39 7694 -1
6071 3 7632 -1
6072 54 7620 -1
6068 32 7620 -1
6097 26 7632 7651 -1
6151 13 7620 7624 7632 -1
6216 5 7624 -1
6218 53 7620 7632 -1
6221 31 7620 7632 -1
6229 19 7649 -1
6241 75 7604 7620 7632 7651 7662 7694 7695 -1
6245 8 7632 -1
6243 35 7632 7699 -1
6272 76 7620 7632 7662 7699 -1
6274 9 7649 -1
6280 52 7618 7620 7632 -1
6299 78 7620 7632 7688 -1
6305 190 7620 -1
6320 23 7646 -1
6323 44 7620 -1
6298 7 7632 -1
6398 29 7620 -1
6414 21 7620 7632 -1
6442 4 7620 -1
6443 70 7620 7632 7646 7699 -1
850 4 7632 -1
6474 1 7649 -1
6486 85 7620 7632 -1
6494 101 7618 7620 7624 7642 7653 7688 7695 -1
6502 12 7624 -1
6510 54 7620 7647 7694 -1
6523 33 7620 -1
6538 21 7620 7632 -1
6555 35 7632 7651 -1
5273 12 7632 -1
6560 43 7632 -1
6123 24 7624 7632 -1
6563 58 7618 7620 7646 7651 -1
6552 29 7620 7632 7699 -1
6595 12 7632 -1
6596 177 7618 7620 7624 7632 7646 7647 7648 7649 7651 7652 7662 7668 7683 7688 7694 7695 7699 -1
6618 91 7604 7620 7632 7683 -1
6619 104 7624 7632 7642 7648 7651 7658 7662 -1
6613 9 7620 -1
6615 160 7695 7699 -1
6624 135 7618 7620 7624 7632 7646 7649 7651 7662 7683 7694 7695 -1
6627 50 7620 -1
6635 9 7662 7699 -1
6665 29 7618 7620 7624 -1
6676 6 7620 -1
6695 2 7632 -1
6712 11 7675 -1
3293 10 7620 -1
6714 100 7618 7620 7632 7646 7651 7662 -1
6734 2 7632 -1
6736 33 7620 -1
6758 10 7632 -1
6759 3 7669 -1
6766 22 7624 7695 -1
6772 77 7620 7632 7642 7662 -1
6775 3 7632 -1
6774 24 7620 -1
6784 42 7620 7651 -1
6812 2 7662 -1
6620 93 7632 -1
6866 4 7695 -1
6865 19 7620 -1
6885 19 7620 7646 -1
6900 31 7620 -1
6902 28 7683 -1
6907 191 7618 7620 7624 7632 7646 7647 7649 7651 7652 7662 7683 7688 7694 7695 -1
6916 54 7620 7642 -1
6918 29 7604 7632 -1
6934 65 7620 7683 -1
6941 57 7618 7620 7624 7632 -1
5529 39 7618 7649 7699 -1
6951 47 7636 7666 -1
6976 41 7649 -1
6993 81 7649 -1
7002 2 7620 -1
7005 13 7620 -1
7052 142 7618 7620 7624 7632 7646 7647 7651 7662 7666 7683 7694 7695 7699 -1
7045 36 7618 7620 7624 7662 7683 7694 7695 7699 -1
7053 31 7699 -1
7054 40 7604 7620 7632 7646 7648 7651 7652 7673 7688 7695 7699 -1
7046 21 7620 7642 7646 7662 7688 7695 -1
7047 161 7620 7634 7646 7649 7651 7662 7683 7694 7695 7699 -1
7055 98 7618 7620 7624 7632 7634 7642 7646 7649 7651 7662 7683 7694 7695 7699 -1
7056 37 7618 7620 7666 7694 -1
7049 27 7694 -1
7057 118 7620 7647 7699 -1
7062 4 7620 -1
7063 16 7620 -1
7080 70 7620 7624 7647 7666 7688 -1
6946 68 7604 7620 7642 7648 7652 7653 7666 7668 7669 7683 7688 -1
7087 2 7699 -1
7086 123 7620 7646 -1
7088 5 7632 7699 -1
7092 93 7618 7624 7632 7649 7651 7662 -1
5015 14 7620 7646 -1
7120 18 7634 7651 7683 7695 7699 -1
7129 11 7666 -1
7132 30 7666 -1
7172 2 7649 -1
7176 4 7620 -1
7225 47 7620 7632 7652 7662 7699 -1
7228 7 7620 7662 -1
5143 16 7651 -1
7230 4 7632 -1
7231 101 7604 7618 7620 7624 7632 7642 7646 7649 7651 7658 7662 7673 7683 7694 7695 7699 -1
7233 22 7683 -1
7236 23 7620 7632 7662 7695 7699 -1
7238 9 7620 7624 -1
7239 21 7620 -1
7279 19 7694 -1
7280 89 7620 7649 7652 7662 7666 7668 7669 7683 7691 7699 -1
7301 27 7694 -1
7171 9 7632 7662 -1
7294 39 7620 7632 7651 -1
7281 12 7632 -1
7350 21 7618 7624 7695 -1
7362 8 7618 -1
7378 38 7620 7632 -1
7199 2 7632 -1
7386 25 7620 7649 -1
7390 24 7620 7632 7646 7647 7651 -1
7391 52 7604 7620 7649 7683 -1
7394 5 7620 -1
7400 15 7632 7662 -1
7402 5 7632 -1
7405 18 7618 7624 -1
7409 10 7632 7646 -1
7393 12 7651 7662 7695 -1
7425 7 7649 -1
7444 3 7620 7632 -1
7449 39 7642 7649 -1
7490 27 7618 7647 7662 7695 7699 -1
7492 3 7624 -1
7493 4 7646 -1
7471 9 7632 7649 -1
7511 16 7620 -1
7518 3 7620 -1
7520 3 7624 7649 -1
7554 3 7624 -1
7564 31 7618 7624 7646 7662 -1
7415 6 7632 -1
7150 10 7649 7683 -1
7569 4 7618 7624 -1
7579 9 7620 -1
7580 19 7620 7647 7651 7658 7662 7666 7673 -1
7586 7 7683 -1
7588 8 7604 7618 7624 -1
7593 3 7618 7624 -1
7597 4 7620 -1
7598 33 7632 7649 7683 7694 7695 7699 -1
7609 2 7620 -1
7614 39 7620 7624 7632 7658 -1
7615 1 7620 -1
7616 1 7620 -1
7617 1 7620 -1
7618 3 7620 -1
7619 1 7620 -1
7623 3 7647 -1
7625 6 7632 -1
7050 5 7632 -1
7630 1 7632 -1
7629 1 7632 -1
7601 3 7646 7653 -1
7644 1 7646 -1
7645 1 7646 -1
7647 4 7662 7666 7668 -1
7649 10 7651 -1
7659 6 7662 -1
7660 1 7662 -1
7650 2 7662 -1
7661 4 7662 -1
7665 6 7683 7695 -1
7666 14 7669 7691 7699 -1
7675 25 7666 -1
7679 26 7694 7695 7699 -1
7682 36 7620 7683 -1
7684 2 7683 -1
7685 13 7683 -1
7687 3 7683 -1
7686 2 7683 -1
7691 19 7694 -1
7696 4 7695 -1
7697 19 7649 7695 -1
7698 1 7699 -1
7727 30 7620 -1
7733 45 7620 7666 -1
7744 50 7620 -1
7755 13 7620 -1
7810 9 7620 -1
7812 6 7649 -1
7815 2 7620 -1
7821 1 7649 -1
7822 1 7649 -1
7865 24 7620 -1
7885 6 7691 -1
7884 5 7620 -1
7900 27 7620 -1
7907 12 7620 -1
7945 5 7620 -1
7964 11 7620 -1
8041 3 7620 -1
8069 4 7620 -1
8111 2 7620 -1
8097 2 7620 -1
8152 10 7620 -1
8155 1 7620 -1
8156 5 7620 -1
8158 1 7620 -1
8159 1 7620 -1
8157 2 7620 -1