11 743 2101 2109 2114 2117 2119 2128 2134 2137 2144 2145 2151 2157 2168 2178 2181 2182 2193 -1
14 114 2117 2134 2193 -1
15 50 2144 -1
20 187 2134 2165 -1
21 76 2117 2181 -1
24 309 2117 2119 2137 2144 2193 -1
33 24 2119 2165 -1
36 227 2109 2117 2120 2135 2145 -1
42 89 2128 2157 2181 -1
44 44 2157 -1
47 146 2185 2193 -1
53 39 2114 -1
56 24 2151 -1
59 94 2174 -1
62 17 2185 2193 -1
66 44 2117 2193 -1
86 122 2128 2157 2160 -1
71 109 2106 2114 -1
89 29 2144 2145 -1
90 72 2193 -1
94 80 2128 -1
68 275 2102 2134 2160 2174 -1
109 190 2106 2160 -1
110 95 2193 -1
122 213 2102 2120 2135 2145 -1
113 89 2157 -1
127 132 2145 -1
128 80 2137 -1
136 99 2151 -1
143 94 2135 -1
154 61 2151 -1
161 32 2151 -1
172 123 2135 -1
173 334 2106 2109 2119 2128 2137 2145 2151 2157 2165 2168 2181 2193 -1
74 69 2119 2181 -1
178 63 2145 -1
180 54 2114 -1
204 12 2151 -1
215 100 2195 -1
237 41 2102 -1
259 56 2181 -1
265 31 2151 -1
290 71 2135 -1
304 79 2151 -1
306 244 2114 2144 2145 -1
308 142 2157 2165 2193 -1
310 230 2106 2117 2120 2121 2128 2144 2151 2174 -1
311 321 2102 2106 2109 2120 2128 2145 2151 -1
313 54 2106 2151 2157 2193 -1
315 77 2102 2120 2135 -1
319 199 2117 2145 2181 -1
326 12 2160 -1
341 47 2163 -1
346 86 2144 -1
193 21 2157 -1
371 117 2145 2165 -1
403 20 2144 -1
405 19 2134 -1
407 145 2106 2120 2128 2137 2151 2168 -1
325 25 2134 -1
425 79 2160 -1
432 157 2117 2193 -1
412 21 2120 -1
439 8 2157 -1
457 732 2106 2117 2120 2128 2137 2144 2145 2151 2157 2160 2165 -1
545 24 2135 -1
546 142 2128 2144 2145 2160 -1
553 22 2117 -1
583 26 2102 -1
582 34 2144 -1
595 2 2193 -1
600 214 2106 2117 -1
650 98 2117 2128 -1
663 158 2102 2135 2174 -1
667 19 2135 -1
689 47 2128 2157 2163 -1
691 24 2117 -1
695 118 2145 2151 -1
704 81 2102 2106 2117 2119 2181 -1
706 95 2157 2165 -1
708 51 2120 2193 -1
710 105 2117 2120 2174 -1
722 264 2101 2102 2117 2120 2145 2157 -1
697 100 2116 -1
761 8 2151 -1
764 34 2117 2120 2174 2195 -1
766 773 2102 2114 2116 2117 2120 2134 2135 2144 2145 2174 2193 -1
769 146 2128 2193 -1
781 8 2151 -1
784 224 2106 2120 2135 2144 2145 2174 -1
789 317 2102 2106 2193 -1
795 60 2117 2157 -1
805 90 2106 -1
813 272 2128 2134 2144 2174 2193 -1
820 16 2120 -1
826 249 2101 2106 2116 2120 2128 2157 2174 2182 -1
825 165 2102 2145 -1
830 3 2157 -1
841 61 2102 -1
854 99 2101 2112 2117 2121 2135 2145 2182 -1
863 5 2160 -1
865 97 2182 -1
879 122 2144 -1
904 119 2145 2157 -1
920 10 2151 -1
928 21 2151 -1
937 46 2114 -1
941 80 2102 2106 2120 -1
943 30 2134 -1
946 110 2114 2128 2137 -1
948 29 2137 2181 -1
949 8 2165 -1
954 34 2163 -1
956 42 2106 -1
961 16 2128 2181 -1
974 36 2144 -1
975 11 2195 -1
978 65 2117 2120 2151 2174 -1
982 47 2151 -1
986 77 2117 2163 -1
988 292 2114 2116 2117 2120 2134 2135 2145 -1
993 238 2102 2106 2117 2119 2120 2128 2134 2137 2157 2168 2195 -1
994 45 2114 -1
996 297 2102 2116 2120 2128 2135 2145 2174 2182 -1
1000 60 2120 -1
1006 138 2128 2178 2181 -1
1011 6 2193 -1
1032 39 2128 -1
1039 6 2157 -1
1037 86 2137 2160 2165 -1
1042 41 2109 -1
1044 9 2114 -1
1050 44 2101 -1
1051 46 2109 2135 -1
1055 196 2106 2144 2151 2157 -1
1062 156 2117 2120 2128 2134 2144 2174 2178 -1
1063 29 2145 -1
1074 95 2160 -1
1075 74 2137 -1
1097 88 2102 2174 -1
1098 305 2102 2106 2109 2114 2117 2120 2128 2174 2178 2181 2193 -1
1111 60 2106 -1
1102 15 2144 -1
1124 20 2117 2128 2151 2168 2195 -1
1125 37 2151 2195 -1
1127 62 2135 2145 -1
1129 62 2151 2157 2160 -1
1132 57 2101 -1
1133 399 2129 2134 2144 2145 2151 -1
1135 115 2102 2128 2135 -1
1137 135 2101 2112 2128 2165 -1
1142 48 2117 -1
1151 472 2106 2114 2116 2117 2119 2120 2128 2135 2137 2145 2151 2157 2160 2165 2174 2181 2193 -1
922 149 2106 2157 -1
1164 39 2114 2157 -1
1166 599 2102 2109 2114 2117 2119 2120 2128 2129 2134 2135 2145 2157 2163 2165 2174 2178 2193 -1
1167 158 2106 2114 2128 2157 2182 -1
1168 5 2178 -1
1169 29 2117 -1
1193 31 2160 -1
1200 107 2102 2116 2120 2135 2174 -1
1202 66 2181 -1
1203 22 2168 -1
1210 218 2109 2117 2120 2128 2135 2157 2165 2168 2181 2193 -1
1211 79 2101 2106 2128 2151 2157 2174 2193 2195 -1
1215 65 2117 -1
1221 77 2168 2174 -1
1230 33 2117 -1
1236 103 2120 2151 -1
1243 5 2128 -1
1247 77 2145 -1
1248 21 2151 -1
1267 61 2135 -1
1286 65 2145 2193 -1
1291 34 2102 2106 -1
1293 33 2193 -1
1296 9 2195 -1
1297 76 2145 -1
1305 290 2102 2114 2116 2120 2135 2144 2174 -1
1315 6 2195 -1
1319 181 2106 2117 2119 2128 2145 2151 2160 -1
1331 6 2160 -1
1335 62 2165 2168 2178 -1
1350 117 2117 2151 2157 2178 -1
1352 121 2106 2119 2137 2151 2157 2165 2181 -1
1353 30 2181 -1
1357 91 2102 -1
1367 40 2144 -1
1374 462 2102 2106 2109 2116 2117 2120 2121 2135 2137 2145 2151 2157 2168 2174 2181 2193 -1
1380 63 2117 2119 2151 2193 -1
1381 52 2137 2165 -1
1390 32 2151 2174 -1
1395 199 2106 2109 2114 2117 2120 2137 2145 2151 2168 2174 2178 2181 2193 -1
1416 13 2109 -1
1420 12 2151 2165 -1
1419 41 2114 2157 -1
1428 183 2106 2114 2119 2121 2137 2151 2165 2168 -1
1184 79 2120 2145 2151 2157 -1
1441 41 2101 2106 -1
1462 48 2128 2165 -1
1470 156 2135 2144 -1
1471 72 2160 -1
1473 91 2102 2174 -1
1480 44 2128 -1
1489 64 2182 -1
1492 157 2106 2128 2178 -1
1496 210 2114 2116 2117 2120 2121 2145 -1
1497 28 2145 2151 2157 -1
1500 48 2134 2174 -1
1506 41 2135 2160 -1
1521 99 2117 2120 2128 2174 2178 -1
1522 139 2145 -1
1538 81 2120 -1
1537 68 2145 2174 -1
1542 244 2129 2193 -1
1552 81 2106 2114 2116 2134 2151 2157 2195 -1
1547 28 2117 -1
1549 587 2102 2114 2116 2117 2120 2128 2134 2135 2144 2145 2151 2157 2165 2168 2174 2178 2181 2193 -1
1550 42 2129 -1
1555 79 2117 -1
1566 46 2117 -1
1583 87 2117 2174 -1
1585 102 2114 2117 2145 2193 -1
1592 30 2109 2157 2165 2174 -1
1594 114 2135 2174 2193 -1
1596 29 2117 2120 -1
1608 355 2101 2109 2116 2117 2119 2120 2121 2128 2135 2137 2145 2157 2160 2163 2165 2168 2174 2178 2181 2193 2195 -1
1615 162 2101 2106 2109 2112 2114 2119 2121 2137 2151 2163 2165 2168 2174 2178 2181 -1
1621 80 2120 2128 2174 -1
1628 12 2128 2193 -1
1644 48 2165 -1
1661 66 2102 2151 -1
1564 27 2151 2178 -1
1670 18 2117 2120 2145 2165 -1
1647 19 2144 -1
1684 9 2102 -1
1687 6 2151 -1
1691 50 2117 -1
1701 112 2120 -1
1697 70 2101 2182 -1
1700 93 2117 2120 2128 2151 2178 -1
1705 47 2102 2120 -1
1706 4 2114 -1
1707 34 2116 2181 -1
1714 5 2137 -1
1717 96 2128 2157 -1
1730 45 2109 -1
1734 55 2128 -1
1741 9 2174 -1
1749 68 2145 -1
1754 23 2117 -1
1756 89 2145 2193 -1
1757 16 2106 2151 -1
1762 47 2160 -1
1766 27 2182 -1
1767 97 2114 -1
1769 67 2102 2117 2120 -1
1772 141 2101 2106 2112 2117 2120 2121 2128 2151 2157 2168 2174 2178 -1
1781 6 2114 -1
1783 57 2120 -1
1789 11 2144 -1
1792 31 2157 -1
1796 38 2160 -1
1811 43 2114 2160 -1
1803 19 2109 2168 -1
1808 129 2106 2117 2120 2121 2145 2157 2174 2195 -1
1813 41 2144 2145 -1
1814 105 2134 -1
1820 90 2102 2117 2120 2128 -1
1823 49 2128 -1
1835 73 2160 -1
1836 16 2193 -1
1837 28 2119 2168 -1
1838 57 2101 2106 2109 2112 2128 2151 2157 2168 2178 -1
1833 6 2112 -1
1847 47 2178 -1
1848 16 2102 -1
1868 22 2128 -1
1875 33 2102 2174 -1
1879 13 2120 -1
1885 44 2102 2114 2135 -1
1888 36 2102 2128 2145 2157 2163 -1
1891 36 2102 2195 -1
1896 51 2109 2144 -1
1918 20 2117 -1
1919 112 2119 2120 2137 2145 2157 -1
1922 204 2116 2117 2135 2145 2174 -1
1925 22 2165 -1
1948 14 2114 2157 -1
1951 29 2117 2128 2195 -1
1962 31 2106 2151 2157 2165 -1
1965 9 2137 -1
1967 31 2178 -1
1972 181 2114 -1
1977 34 2145 -1
1980 47 2128 2145 2174 -1
1985 56 2117 2128 2157 -1
1986 17 2145 2193 -1
1991 66 2102 2120 2174 -1
1992 16 2117 2120 2128 -1
1997 88 2106 2109 2117 2119 2128 2151 2157 2165 2168 2178 2181 -1
1794 26 2135 -1
2009 63 2135 2174 2193 -1
2010 27 2101 -1
2012 3 2135 -1
2014 10 2135 -1
2029 2 2135 -1
2052 14 2117 2193 -1
2062 121 2109 2114 2119 2121 2128 2137 2145 2151 2157 2165 2168 2178 2181 2182 2193 2195 -1
2063 21 2101 2117 -1
2071 7 2145 -1
2072 121 2102 2106 2117 2128 2137 2151 2157 2178 2193 -1
2095 6 2182 2185 2193 -1
2084 10 2185 -1
2085 28 2117 2128 -1
2088 6 2112 -1
2091 8 2193 -1
2092 7 2185 -1
2093 55 2117 2119 2137 2157 2174 -1
2097 7 2182 -1
2100 1 2101 -1
2099 22 2101 2182 2185 2193 -1
2102 45 2106 -1
2104 2 2106 -1
2103 2 2106 -1
2105 11 2106 2157 2174 -1
2108 4 2109 -1
2112 1 2185 -1
2116 20 2114 2117 -1
2117 23 2119 2182 -1
2118 113 2114 2119 2128 -1
2120 122 2117 2121 2128 2145 2165 2195 -1
2125 3 2145 -1
2129 44 2144 -1
2133 129 2102 2117 2120 2174 2193 -1
2134 14 2144 -1
2135 146 2117 2120 2145 2174 -1
2136 1 2137 -1
2139 3 2151 -1
2141 2 2151 -1
2142 2 2151 -1
2143 1 2151 -1
2144 23 2151 -1
2145 145 2120 2144 2151 -1
2146 1 2151 -1
2147 1 2151 -1
2148 1 2151 -1
2149 2 2151 -1
2150 1 2151 -1
2152 4 2165 2181 -1
2156 41 2157 2165 2182 2195 -1
2155 1 2157 -1
2159 18 2128 2145 -1
2168 3 2174 -1
2167 1 2168 -1
2169 32 2117 2120 2174 -1
2172 29 2163 -1
2174 65 2102 2120 2160 -1
2175 1 2163 -1
2179 1 2181 -1
2180 1 2181 -1
2182 1 2185 -1
2183 1 2185 -1
2184 3 2185 -1
2186 61 2174 -1
2192 5 2195 -1
2193 12 2195 -1
2194 3 2145 2195 -1
2209 31 2120 -1
2224 3 2102 2128 -1
2225 34 2117 2128 2135 2145 -1
2226 28 2128 -1
2227 4 2128 -1
2234 14 2116 -1
2230 49 2117 2120 2135 2182 -1
2231 66 2117 2182 -1
2229 143 2116 2117 2129 2135 -1
2233 36 2117 2193 -1
2236 75 2116 2135 2145 -1
2237 241 2114 2134 2144 2145 2182 -1
2241 14 2117 -1
2240 108 2102 2117 2120 2160 2174 -1
2249 38 2145 -1
2255 31 2193 -1
2256 247 2102 2117 2120 2134 2145 2174 -1
2257 49 2120 2135 2144 2145 -1
2258 95 2145 -1
2274 48 2117 2135 2145 2182 -1
2281 2 2193 -1
2285 17 2135 -1
2290 120 2114 2144 -1
2297 164 2117 2134 2144 2145 2174 2193 -1
2298 48 2129 -1
2299 67 2120 -1
2322 19 2182 -1
2323 111 2114 2174 2193 -1
2326 252 2114 2129 2134 2144 2145 -1
2328 215 2117 2120 2134 2160 2174 2193 -1
2332 36 2116 -1
2272 31 2117 2120 2193 -1
2363 4 2193 -1
2365 77 2174 -1
2369 189 2160 -1
2371 124 2117 2174 -1
2372 7 2182 -1
2375 49 2120 -1
2381 71 2117 -1
2379 45 2114 2134 -1
2387 66 2193 -1
2388 1 2193 -1
2389 1 2193 -1
2390 2 2193 -1
2398 62 2144 -1
2411 141 2114 2120 2129 2144 -1
2416 37 2120 -1
2435 35 2117 2174 -1
2373 2 2135 -1
2462 4 2182 -1
2472 75 2102 2116 2120 2174 -1
2473 103 2102 2116 2117 2120 2135 2174 -1
2478 6 2120 -1
2485 324 2114 2116 2120 2135 2145 2174 -1
2488 21 2102 2120 2144 2145 -1
2491 1 2182 -1
2492 1 2182 -1
2493 6 2182 -1
2494 1 2182 -1
2495 1 2182 -1
2496 2 2182 -1
2497 38 2117 2120 2174 -1
2502 30 2174 -1
2504 100 2144 -1
2506 46 2145 -1
2507 69 2102 2116 2117 2120 2135 -1
2510 68 2102 2117 2120 2134 2174 -1
2517 5 2117 2120 -1
2535 47 2145 2160 -1
2541 37 2144 -1
2542 93 2102 2120 2145 2174 -1
2546 34 2102 2145 2174 -1
2548 12 2117 2144 -1
2550 26 2116 2174 -1
899 24 2120 -1
2555 12 2102 2120 -1
2566 32 2102 -1
2557 77 2102 2120 2174 -1
2559 82 2120 -1
2560 180 2114 2129 2144 -1
2564 50 2134 -1
2565 893 2102 2114 2116 2120 2133 2134 2135 2144 2145 2160 2174 -1
2576 146 2102 2144 2160 2174 -1
2578 12 2117 -1
2585 60 2120 2160 -1
2592 13 2117 -1
2593 32 2102 2117 -1
2594 45 2117 2120 2174 -1
2595 49 2117 2134 2174 -1
2596 13 2117 -1
2597 2 2117 -1
2598 7 2117 -1
2474 142 2116 2117 2120 2135 2145 2174 -1
2599 9 2117 -1
2605 64 2120 2144 2174 -1
2608 14 2174 -1
2613 25 2114 -1
2617 22 2102 -1
2618 53 2120 2174 -1
2620 24 2120 -1
2646 39 2120 -1
2647 18 2174 -1
2651 269 2144 2145 2174 -1
2653 113 2144 -1
2658 307 2114 2129 2144 -1
2674 103 2114 2116 -1
2699 74 2116 -1
2700 168 2114 2134 -1
2701 19 2174 -1
2686 156 2116 2135 -1
2702 80 2135 -1
2703 61 2116 2135 -1
2688 618 2114 2116 2134 2135 2144 2145 -1
2704 75 2135 -1
2660 164 2114 2116 2135 2144 2145 -1
2690 26 2116 -1
2691 44 2134 -1
2692 19 2135 -1
2693 149 2134 -1
2696 64 2135 2144 -1
2697 45 2134 2144 -1
2698 15 2144 -1
2711 13 2144 -1
2719 21 2134 -1
2737 16 2135 -1
2740 28 2102 2120 -1
2747 79 2145 -1
2746 25 2102 -1
2757 5 2102 -1
2760 23 2145 -1
2765 29 2144 -1
2768 40 2120 2174 -1
2774 46 2114 -1
2775 35 2120 2174 -1
2788 4 2102 -1
2790 173 2114 2116 2120 2135 2144 2160 2174 -1
2792 18 2120 2174 -1
2815 11 2102 -1
2822 43 2114 2174 -1
2654 104 2116 2144 -1
2830 6 2120 -1
2840 14 2174 -1
2859 139 2144 2145 -1
2871 282 2116 2134 2135 2145 -1
2872 87 2114 2135 -1
2898 2 2174 -1
2901 4 2174 -1
2899 1 2174 -1
2900 29 2134 2174 -1
2909 57 2135 -1
2912 33 2135 -1
2932 62 2145 -1
2940 123 2114 2135 -1
2951 19 2145 -1
2958 47 2134 -1
2964 70 2134 -1
2967 238 2114 2129 2134 2144 2145 -1
2968 55 2135 -1
2972 357 2134 2144 2145 -1
3000 43 2114 2144 -1
3009 51 2145 -1
3010 123 2135 2160 -1
3020 52 2116 2135 -1
3024 52 2135 -1
3026 175 2134 2135 2145 -1
3028 189 2145 -1
3032 216 2134 2135 -1
3033 45 2135 -1
3034 38 2145 -1
2713 200 2134 2144 -1
3056 44 2114 2144 -1
3055 52 2114 -1
2356 57 2114 2134 -1
3062 42 2116 2135 -1
3072 25 2135 -1
3081 20 2135 -1
3084 62 2114 2160 -1
3092 81 2135 -1
3098 37 2116 2135 -1
3095 37 2116 2135 -1
2842 124 2135 2144 -1
3145 18 2145 -1
3168 79 2129 -1
3199 13 2135 -1
3200 8 2114 -1
3252 37 2134 -1
3257 1 2116 -1
3258 95 2145 -1
3276 79 2134 -1
3297 51 2114 -1
3301 15 2114 -1
3317 15 2134 -1
3338 3 2114 -1
3345 35 2145 -1
3350 55 2144 2145 -1
3352 273 2114 2134 2144 2145 -1
3378 41 2160 -1
3394 156 2129 2144 -1
3404 89 2114 -1
3417 30 2134 -1
3439 88 2144 -1
3449 314 2144 2145 -1
3450 27 2144 -1
3451 98 2129 2144 -1
3453 319 2144 2145 -1
3454 148 2129 2134 2144 -1
3455 68 2144 2145 -1
3456 241 2144 2145 -1
3457 166 2114 2129 2144 2160 -1
3458 69 2114 -1
3461 101 2144 -1
3462 54 2144 -1
3479 102 2134 -1
3483 20 2144 -1
3496 10 2144 -1
3519 48 2134 2145 -1
3522 71 2134 -1
3525 16 2114 -1
3527 64 2114 -1
3541 81 2114 2145 -1
3556 14 2114 -1
3568 147 2134 -1
3569 42 2114 -1
3586 156 2160 -1
3607 24 2145 -1
3614 205 2145 -1
3615 144 2144 2145 -1
3631 91 2145 -1
3633 48 2114 -1
3635 63 2129 -1
3641 212 2134 2144 2145 2160 -1
3642 362 2160 -1
3643 44 2144 -1
3661 36 2134 -1
3666 144 2134 2144 -1
3678 17 2114 -1
3682 75 2114 -1
3724 93 2134 -1
3787 232 2129 2134 2145 -1
3796 113 2144 2145 -1
3794 46 2129 -1
3806 45 2134 -1
3812 53 2145 -1
3813 94 2134 -1
3815 20 2114 -1
3834 1 2114 -1
3835 35 2114 -1
3836 1 2114 -1
3837 1 2114 -1
3854 82 2134 -1
3902 43 2144 2145 -1
3912 17 2134 -1
3948 26 2134 -1
3956 85 2145 2160 -1
3965 89 2134 2144 -1
3973 33 2134 -1
3976 145 2144 -1
3977 14 2144 -1
4001 28 2145 -1
4007 15 2134 -1
4027 6 2129 -1
4036 147 2134 -1
4040 104 2144 2145 -1
2981 44 2145 -1
4044 89 2145 -1
4045 257 2144 2145 -1
4063 27 2144 -1
4077 77 2145 -1
4065 131 2129 2134 2144 -1
4073 115 2134 2144 -1
4074 33 2129 -1
4099 155 2160 -1
4116 12 2160 -1
4076 86 2134 2144 2160 -1
4123 25 2134 -1
4124 50 2129 2134 -1
4127 41 2134 2144 -1
4136 26 2134 -1
4144 76 2145 2160 -1
4151 84 2144 2145 -1
4152 43 2145 -1
4162 16 2134 -1
3819 10 2134 -1
4191 20 2134 2144 -1
4199 8 2144 -1
4201 2 2134 -1
4212 53 2145 -1
4214 9 2129 -1
4219 112 2144 2145 -1
4222 41 2145 -1
4250 2 2144 -1
4229 4 2134 -1
4255 9 2134 -1
4377 11 2145 -1
4431 4 2144 -1
4440 6 2144 -1
4448 36 2144 2145 -1
4459 4 2144 -1
4486 20 2145 -1
4488 50 2145 -1
4547 45 2144 2145 -1
4564 33 2145 -1
4587 27 2145 -1
4594 1 2144 -1
4595 3 2144 -1
4596 1 2144 -1
4597 1 2144 -1
4598 71 2160 -1
4664 6 2145 -1
4647 11 2145 -1
4665 9 2145 -1
2621 8 2160 -1
4923 3 2160 -1
4967 361 2160 -1
5022 172 2160 -1
5121 9 2160 -1
5123 69 2160 -1
4310 278 2160 -1
5179 217 2160 -1
5185 152 2160 -1
5188 211 2160 -1
5189 312 2160 -1
5254 33 2160 -1
5524 389 2160 -1
5531 243 2160 -1
5582 105 2160 -1
5612 66 2160 -1
5655 139 2160 -1
5697 230 2160 -1
5796 191 2160 -1
5814 144 2160 -1
5816 84 2160 -1
5817 75 2160 -1
5821 22 2160 -1
5822 98 2160 -1
6024 17 2160 -1
6097 26 2160 -1
6243 35 2160 -1
6272 76 2160 -1
6299 78 2160 -1
6305 190 2160 -1
6443 70 2160 -1
6458 28 2160 -1
6483 28 2160 -1
6488 22 2160 -1
6494 101 2160 -1
6500 8 2160 -1
6510 54 2160 -1
6522 29 2160 -1
6526 11 2160 -1
6577 10 2160 -1
6608 18 2160 -1
6615 160 2160 -1
6717 4 2160 -1
6744 2 2160 -1
6753 4 2160 -1
6781 8 2160 -1
6793 1 2160 -1
6794 1 2160 -1
6795 2 2160 -1