6 302 1501 1506 1507 1513 1514 1518 1524 1525 1531 1532 1533 1538 1549 1555 1556 1557 1563 1569 1573 1587 1597 -1
9 81 1525 1580 -1
11 743 1501 1506 1507 1513 1514 1518 1520 1521 1524 1525 1531 1532 1533 1534 1538 1542 1547 1549 1550 1555 1556 1557 1565 1566 1583 1585 1592 -1
12 65 1573 -1
16 15 1580 -1
17 45 1513 -1
20 187 1501 1513 1569 1585 1597 -1
23 74 1538 1593 -1
24 309 1501 1538 1542 1547 1548 1549 1566 1585 -1
36 227 1506 1513 1518 1524 1538 1549 1555 1566 1585 -1
42 89 1548 -1
45 8 1507 1513 -1
46 59 1542 1565 1593 -1
47 146 1514 1564 1573 1585 -1
49 15 1550 -1
29 150 1548 1549 -1
56 24 1549 -1
59 94 1595 -1
60 9 1521 -1
72 164 1538 1549 1573 1597 -1
78 41 1513 1514 -1
77 25 1550 1563 -1
86 122 1514 1525 1569 1585 -1
71 109 1513 1518 1549 1573 1585 1593 -1
87 195 1549 1573 1585 -1
90 72 1569 1596 -1
106 9 1595 -1
68 275 1549 1592 -1
109 190 1521 1538 -1
120 8 1569 -1
122 213 1549 -1
113 89 1513 1563 1565 1597 -1
128 80 1524 1538 1549 1556 1557 -1
136 99 1549 1564 -1
138 72 1597 -1
139 37 1507 -1
143 94 1506 1569 1573 1593 -1
147 58 1566 -1
145 18 1569 -1
151 74 1520 -1
154 61 1514 -1
157 44 1556 -1
161 32 1585 -1
171 70 1501 1524 1532 1549 1556 -1
172 123 1549 1571 -1
173 334 1501 1506 1514 1518 1520 1524 1525 1531 1534 1537 1542 1547 1550 1556 1563 1565 1566 1580 1583 1585 1587 1593 1595 -1
74 69 1583 -1
176 39 1520 1531 1537 1593 -1
177 19 1514 1592 1593 -1
180 54 1542 -1
182 79 1525 1569 -1
166 93 1585 -1
187 37 1573 -1
199 17 1520 -1
215 100 1514 1521 -1
226 25 1569 1573 -1
232 23 1563 -1
255 86 1538 1573 -1
263 22 1573 -1
270 14 1585 -1
280 76 1585 -1
282 39 1501 1597 -1
290 71 1514 1593 -1
304 79 1514 1534 -1
306 244 1501 1506 1518 1524 1537 1538 1556 1573 1585 1587 1595 -1
308 142 1506 1513 1525 1538 1566 1585 1587 1593 -1
310 230 1501 1514 1518 1520 1538 1573 1585 -1
311 321 1514 1521 1525 1534 1538 1547 1549 1580 1583 1585 1587 1592 1593 1597 -1
312 227 1520 1556 1573 1580 1595 -1
313 54 1538 1549 1593 1597 -1
315 77 1593 -1
317 140 1506 1518 1520 1524 1538 1555 1556 1573 1585 1593 -1
319 199 1514 1537 1566 1573 1580 1587 1593 -1
335 46 1513 1573 -1
339 80 1506 1525 -1
346 86 1564 -1
371 117 1573 -1
376 37 1518 -1
395 42 1506 1593 -1
399 6 1513 -1
403 20 1521 -1
404 5 1521 -1
407 145 1525 1534 1566 1573 1585 -1
325 25 1549 -1
427 6 1593 -1
423 7 1593 -1
425 79 1549 -1
432 157 1524 1531 1542 -1
457 732 1507 1514 1520 1524 1531 1533 1534 1537 1538 1547 1549 1555 1556 1563 1566 1569 1573 1580 1585 1593 1596 -1
546 142 1547 1571 -1
554 6 1566 -1
556 121 1542 -1
588 22 1547 -1
600 214 1514 1521 1548 1549 1555 1564 1585 -1
633 55 1573 1580 1593 -1
634 150 1514 1537 1564 1585 -1
635 66 1566 -1
636 11 1524 -1
647 32 1547 -1
637 25 1573 -1
643 46 1534 -1
644 27 1524 1585 1593 -1
650 98 1507 1592 -1
664 13 1513 1569 -1
663 158 1525 1538 1573 -1
686 83 1514 1518 1524 1533 1534 1538 -1
695 118 1521 1580 1585 -1
699 8 1573 1585 -1
704 81 1501 1514 1595 -1
706 95 1501 1514 1520 1569 1573 1585 1593 1597 -1
707 123 1506 1514 1518 1521 1525 1532 1537 1538 1542 1556 1563 1564 1573 1580 1587 1593 -1
710 105 1514 1525 1564 1585 1593 -1
712 19 1525 1555 1585 1595 -1
722 264 1525 1534 1537 1556 1566 1573 1593 1596 1597 -1
727 32 1569 -1
730 34 1506 -1
697 100 1513 1548 1569 1595 -1
759 77 1534 1580 -1
763 68 1520 -1
766 773 1514 1538 1550 1571 1585 -1
762 50 1569 -1
769 146 1566 1580 1592 1597 -1
775 2 1585 -1
788 113 1585 1587 -1
781 8 1514 1564 -1
784 224 1513 1514 1525 1534 1549 1573 1585 -1
789 317 1506 1521 1525 1542 1547 1549 1564 1565 1585 1592 -1
791 41 1506 1597 -1
794 18 1557 1564 1569 1573 -1
795 60 1501 1524 1549 1587 1595 -1
796 6 1550 -1
805 90 1501 1506 1514 1542 1573 1580 1593 -1
810 34 1514 1597 -1
811 3 1531 -1
813 272 1521 1525 1534 1542 1547 1549 1565 1566 1571 1585 1597 -1
822 11 1566 -1
820 16 1506 1514 -1
826 249 1506 1507 1513 1514 1518 1520 1521 1531 1532 1533 1534 1537 1538 1556 1557 1563 1565 1566 1571 1573 1585 1595 1596 1597 -1
825 165 1549 -1
836 26 1525 -1
841 61 1521 -1
854 99 1532 1538 1549 1557 1564 1596 -1
856 91 1521 1596 -1
859 13 1547 -1
865 97 1525 1549 1563 1573 -1
869 11 1547 -1
870 38 1514 1520 1555 1569 1573 -1
871 59 1506 1513 1518 1524 1532 1538 -1
879 122 1549 -1
882 7 1569 -1
885 7 1556 1563 -1
895 6 1569 -1
904 119 1513 1525 1542 1547 1549 -1
915 7 1580 -1
916 4 1569 -1
918 17 1525 -1
928 21 1514 1564 -1
935 22 1534 -1
937 46 1549 1585 -1
941 80 1514 1521 1538 1555 1564 1580 1587 1593 1596 -1
943 30 1518 1538 -1
946 110 1521 1549 1565 1585 1596 -1
948 29 1534 -1
949 8 1573 1580 -1
954 34 1564 -1
960 22 1564 -1
933 18 1514 -1
968 5 1592 -1
970 11 1518 -1
971 72 1501 1514 1525 1538 1555 1557 1573 -1
978 65 1514 1564 1585 -1
981 16 1593 -1
986 77 1532 1549 1573 -1
988 292 1549 1571 -1
993 238 1501 1506 1514 1520 1533 1534 1537 1538 1542 1547 1549 1555 1556 1557 1565 1566 1573 1580 1583 1585 1587 -1
994 45 1549 -1
996 297 1521 1542 1547 1565 1571 1592 -1
998 30 1597 -1
1005 5 1573 -1
1000 60 1501 1525 -1
1006 138 1506 1514 1518 1524 1534 1538 1547 1555 1556 1573 1583 1585 1587 1593 1595 1597 -1
1009 44 1514 -1
1024 41 1549 1592 -1
1029 135 1506 1507 1513 1520 1524 1531 1533 1537 1538 1555 1556 1557 1573 1580 1587 -1
1031 19 1549 -1
1032 39 1506 1520 1556 -1
1034 33 1585 1595 -1
1035 12 1547 -1
1039 6 1585 -1
1037 86 1514 1520 1549 1571 1585 1592 -1
1041 49 1514 1585 -1
1042 41 1592 -1
1046 24 1537 1580 -1
1050 44 1549 -1
1051 46 1592 -1
1055 196 1514 1531 1538 1549 1555 1564 1569 1573 1585 1587 1593 1597 -1
1062 156 1521 1534 1566 1583 -1
1075 74 1525 1537 1548 -1
1082 4 1506 -1
1095 10 1542 -1
1097 88 1521 1549 1564 1573 1595 -1
1098 305 1514 1521 1542 1549 1565 1583 -1
1099 8 1542 -1
1111 60 1542 1548 1583 -1
1124 20 1564 -1
1125 37 1564 1585 -1
1128 13 1525 1564 1569 -1
1127 62 1507 1525 1593 -1
1129 62 1514 1537 1538 1556 1557 1563 1569 1573 1580 1585 -1
1133 399 1549 1555 1587 -1
1135 115 1501 1534 1555 1580 1585 -1
1137 135 1514 1521 1524 1534 1549 1564 1566 1585 1592 -1
1142 48 1525 1592 1597 -1
1068 3 1534 -1
1150 8 1583 -1
1151 472 1521 1537 1542 1547 1549 1550 1555 1565 1566 1571 1583 1585 1592 1597 -1
922 149 1501 1506 1514 1520 1525 1538 1549 1550 1555 1557 1564 1565 1573 1580 1585 1587 1593 1595 1597 -1
1164 39 1513 1514 1549 1569 1573 -1
1166 599 1521 1547 1548 1549 1566 1571 1585 1592 -1
1167 158 1501 1514 1538 1563 1580 1585 1593 -1
1183 9 1592 -1
1185 43 1525 1585 -1
1193 31 1518 1595 -1
1200 107 1592 -1
1201 35 1514 1580 1593 -1
1202 66 1514 1525 1531 1547 1555 1580 1585 1597 -1
1203 22 1549 -1
1210 218 1514 1534 1547 1549 1565 1585 1592 -1
1211 79 1514 1521 1585 -1
1215 65 1521 1534 1549 -1
1221 77 1518 1524 1538 1566 1571 1585 1587 -1
1230 33 1514 1564 1587 -1
1234 16 1538 1580 1587 -1
1236 103 1514 1518 1520 1521 1525 1538 1549 1555 1593 -1
1243 5 1593 -1
1241 35 1514 1549 -1
1242 11 1555 -1
1247 77 1514 1580 1585 -1
1248 21 1525 1587 -1
1253 51 1501 1513 1566 1596 1597 -1
1259 45 1571 -1
1261 8 1514 -1
1267 61 1514 1521 1534 1566 -1
1278 69 1532 1538 1563 1580 -1
1279 124 1506 1507 1513 1518 1520 1524 1525 1531 1538 1549 1555 1563 1573 1580 1587 1595 1597 -1
1284 20 1534 1585 -1
1290 16 1518 1573 1580 -1
1291 34 1506 1549 -1
1293 33 1507 1513 1531 1532 1542 -1
1297 76 1514 1564 1585 -1
1299 5 1525 -1
1305 290 1556 1563 1571 1587 1592 1593 1595 1596 -1
1306 20 1514 -1
1315 6 1566 -1
1319 181 1521 1531 1537 1538 1549 1556 1566 1569 1573 1585 1593 1595 1596 -1
1335 62 1521 1555 -1
1339 5 1585 1593 -1
1342 4 1564 -1
1350 117 1506 1514 1520 1533 1534 1538 1547 1555 1566 1585 1596 1597 -1
1352 121 1514 1531 1534 1555 1556 1566 1573 1580 1583 1585 -1
1353 30 1548 -1
1356 20 1595 -1
1357 91 1513 1514 1518 1525 1538 1571 1580 1585 1593 -1
1358 18 1549 -1
1367 40 1538 1571 -1
1368 33 1542 -1
1374 462 1506 1521 1534 1549 1573 1580 1585 -1
1377 33 1514 1518 1569 1597 -1
1380 63 1513 1518 1538 1547 1573 -1
1381 52 1514 1566 -1
1384 37 1549 1564 1593 -1
1385 35 1593 -1
1386 61 1518 1525 1534 1555 1566 1585 1595 -1
1392 2 1525 -1
1395 199 1501 1514 1534 1538 1547 1550 1555 1566 1580 1583 1597 -1
1420 12 1525 1587 -1
1419 41 1521 1564 -1
1423 8 1569 1573 -1
1424 52 1549 1556 1563 1593 1595 -1
1428 183 1514 1520 1521 1534 1549 1555 1566 1583 1585 -1
1184 79 1538 1564 1585 -1
1439 9 1518 1538 -1
1441 41 1514 1525 -1
1442 20 1525 1538 1555 -1
1447 7 1593 -1
1462 48 1549 1569 -1
1463 26 1596 -1
1466 24 1538 1593 1597 -1
1470 156 1501 1555 1585 -1
1471 72 1501 1514 1532 1556 1581 -1
1480 44 1514 1534 1585 -1
1482 26 1514 1547 1580 1585 -1
1483 52 1507 1514 1525 1537 1538 1555 1573 1580 1595 -1
1487 117 1501 1520 1525 1534 1549 -1
1489 64 1514 1520 1538 1555 1563 1573 1583 1593 1596 -1
1492 157 1506 1518 1520 1525 1534 1537 1538 1550 1555 1580 1585 1587 1593 1595 1597 -1
1495 10 1514 -1
1496 210 1501 1514 1521 1555 1571 1585 1593 -1
1497 28 1531 1538 1550 1556 1573 1580 1593 -1
1499 12 1547 1573 1580 1597 -1
1500 48 1538 1569 -1
1501 38 1514 1564 -1
1506 41 1520 1524 1531 1556 -1
1502 2 1506 -1
1503 3 1506 1563 -1
1504 6 1506 1513 1533 -1
1505 4 1506 -1
1510 16 1513 1518 1524 1531 1538 1556 1563 -1
1512 1 1513 -1
1521 99 1514 1583 1585 -1
1522 139 1514 1521 1534 1592 -1
1523 1 1524 -1
1525 35 1514 1520 -1
1528 1 1531 -1
1538 81 1514 1534 1555 1564 -1
1534 2 1538 -1
1535 2 1538 -1
1536 1 1538 -1
1537 68 1514 1538 1549 -1
1542 244 1549 1565 -1
1552 81 1534 1549 1566 -1
1553 20 1514 1525 -1
1547 28 1549 1573 1593 -1
1549 587 1501 1510 1514 1521 1534 1547 1555 1565 1566 1571 1580 1583 1585 1592 1597 -1
1550 42 1549 1596 -1
1555 79 1514 1556 1557 1563 1587 1597 -1
1554 6 1556 1563 -1
1558 1 1563 -1
1559 1 1563 -1
1560 3 1563 -1
1570 4 1569 -1
1572 2 1569 1581 -1
1574 1 1537 -1
1575 1 1537 -1
1578 1 1580 -1
1579 1 1580 -1
1582 13 1521 -1
1583 87 1542 1549 -1
1587 5 1585 -1
1584 1 1587 -1
1585 102 1520 1547 1564 1587 -1
1589 13 1596 -1
1590 1 1593 -1
1591 1 1593 -1
1592 30 1593 -1
1594 114 1514 1534 1549 1555 1566 1585 1595 -1
1596 29 1550 1597 -1
1571 24 1510 1514 1585 -1
1605 10 1520 1525 -1
1608 355 1514 1520 1521 1525 1534 1542 1549 1565 1566 1583 1585 1592 -1
1610 12 1555 -1
1611 1 1596 -1
1613 15 1520 -1
1614 73 1514 1525 1549 1583 1592 -1
1615 162 1501 1514 1520 1525 1534 1549 1550 1555 1566 1585 -1
1530 11 1566 -1
1621 80 1514 1521 1583 -1
1622 50 1514 1549 1585 -1
1623 39 1555 1565 -1
1625 2 1525 -1
1627 1 1525 -1
1626 2 1525 -1
1628 12 1514 1542 -1
1639 36 1592 -1
1644 48 1521 -1
1646 5 1585 -1
1655 1 1520 -1
1656 1 1520 -1
1564 27 1555 -1
1663 1 1564 -1
1647 19 1548 -1
1686 1 1501 -1
1687 6 1501 -1
1692 3 1514 -1
1691 50 1566 -1
1693 6 1566 -1
1701 112 1549 -1
1697 70 1555 -1
1700 93 1521 1555 1564 1585 -1
1705 47 1542 1565 1566 1596 -1
1717 96 1585 -1
1719 10 1596 -1
1730 45 1549 1565 -1
1733 42 1514 1549 -1
1734 55 1521 1585 -1
1748 76 1521 1549 1592 -1
1749 68 1565 -1
1756 89 1514 1534 1547 1550 -1
1762 47 1555 -1
1764 2 1564 -1
1767 97 1534 -1
1769 67 1549 1585 -1
1772 141 1514 1521 1549 1550 1555 1564 1585 -1
1759 5 1514 -1
1751 35 1549 -1
1783 57 1542 -1
1792 31 1521 -1
1795 44 1549 1571 -1
1803 19 1549 -1
1808 129 1514 1521 1549 1564 1566 1585 -1
1813 41 1549 -1
1814 105 1596 -1
1820 90 1514 1521 -1
1821 7 1514 -1
1822 11 1514 1585 -1
1823 49 1514 -1
1835 73 1592 -1
1836 16 1585 -1
1837 28 1542 1566 -1
1838 57 1585 -1
1830 3 1542 -1
1831 3 1542 -1
1868 22 1583 -1
1885 44 1534 1549 -1
1894 1 1534 -1
1895 1 1534 -1
1896 51 1534 1549 -1
1908 9 1566 -1
1918 20 1542 1565 -1
1919 112 1521 1542 1547 1550 1566 1583 1585 -1
1922 204 1521 1549 1571 -1
1925 22 1542 -1
1931 15 1542 -1
1937 13 1548 -1
1935 7 1548 -1
1962 31 1550 -1
1966 18 1585 -1
1965 9 1566 -1
1972 181 1549 1571 1596 -1
1977 34 1565 -1
1980 47 1585 -1
1985 56 1549 -1
1986 17 1585 -1
1990 36 1549 -1
1991 66 1521 -1
1997 88 1542 1547 1585 -1
2033 22 1548 -1
2054 3 1564 -1
2056 1 1550 -1
2057 1 1550 -1
2058 1 1550 -1
2061 4 1585 -1
2062 121 1542 1565 1566 1583 1585 -1
2063 21 1564 1585 -1
2065 50 1549 -1
2072 121 1521 1542 1547 1583 1592 1596 -1
2085 28 1521 -1
2093 55 1564 1566 -1
2099 22 1547 1565 -1
2102 45 1549 1596 -1
2118 113 1547 1565 1566 1571 -1
2120 122 1549 1596 -1
2125 3 1566 -1
2133 129 1521 1547 1565 1596 -1
2145 145 1549 -1
2156 41 1549 -1
2160 26 1549 -1
2169 32 1521 -1
2174 65 1564 1583 1592 -1
2188 3 1548 -1
2209 31 1564 -1
2225 34 1564 -1
2226 28 1571 -1
2231 66 1596 -1
2229 143 1549 1564 -1
2233 36 1547 -1
2237 241 1549 -1
2240 108 1549 1565 -1
2249 38 1565 -1
2251 25 1542 -1
2252 22 1549 -1
2255 31 1547 1565 -1
2256 247 1521 1549 1564 1565 1592 1596 -1
2258 95 1549 -1
2264 58 1549 -1
2282 5 1542 -1
2283 1 1542 -1
2290 120 1549 -1
2297 164 1571 -1
2299 67 1549 -1
2322 19 1547 -1
2323 111 1549 1571 -1
2324 3 1565 -1
2326 252 1549 1571 -1
2328 215 1521 1547 1549 1564 -1
2272 31 1521 -1
2357 12 1521 1547 -1
2365 77 1521 1571 -1
2371 124 1596 -1
2375 49 1521 1564 -1
2381 71 1549 -1
2398 62 1549 1571 -1
2411 141 1571 1596 -1
2435 35 1564 1592 -1
2472 75 1521 1549 1592 -1
2473 103 1521 1596 -1
2485 324 1549 1571 1596 -1
2502 30 1549 -1
2535 47 1549 -1
2541 37 1549 -1
2542 93 1549 -1
2546 34 1549 -1
2547 105 1549 1596 -1
2550 26 1549 -1
899 24 1592 -1
2566 32 1549 -1
2557 77 1596 -1
2560 180 1549 1571 1596 -1
2565 893 1548 1549 1571 1596 -1
2585 60 1549 -1
2593 32 1521 -1
2595 49 1548 -1
2474 142 1549 1592 -1
2612 29 1548 -1
2618 53 1549 -1
2623 108 1571 -1
2619 46 1549 -1
2620 24 1564 -1
2646 39 1596 -1
2647 18 1521 1564 -1
2651 269 1549 1571 -1
2653 113 1549 -1
2672 13 1521 1564 -1
2674 103 1549 1571 -1
2677 40 1549 -1
2700 168 1571 -1
2686 156 1571 -1
2703 61 1571 -1
2688 618 1549 1571 -1
2667 126 1548 -1
2693 149 1549 1571 -1
2697 45 1549 -1
2709 1 1564 -1
2711 13 1564 -1
2719 21 1549 -1
2727 33 1521 -1
2728 3 1521 -1
2746 25 1549 -1
2768 40 1596 -1
2772 1 1592 -1
2773 1 1592 -1
2774 46 1592 -1
2790 173 1549 1571 -1
2819 18 1549 -1
2654 104 1549 -1
2832 50 1596 -1
2833 7 1549 -1
2871 282 1548 1571 1596 -1
2872 87 1549 -1
2900 29 1549 1571 -1
2904 18 1549 -1
2925 19 1596 -1
2932 62 1549 -1
2940 123 1571 -1
2950 13 1596 -1
2967 238 1549 1571 -1
2972 357 1549 -1
2982 1 1596 -1
2983 28 1596 -1
3005 28 1549 -1
3010 123 1549 -1
2707 103 1549 -1
3026 175 1548 -1
3027 39 1549 -1
3031 50 1571 -1
3033 45 1571 -1
2713 200 1549 1571 -1
3056 44 1571 -1
3055 52 1549 -1
3057 48 1571 -1
3094 5 1549 -1
2842 124 1549 1571 -1
3148 26 1549 -1
3175 41 1549 -1
3190 10 1548 -1
3196 22 1571 -1
3256 19 1549 -1
3260 8 1549 -1
3274 69 1548 1549 -1
3275 14 1571 -1
3276 79 1549 -1
3290 36 1571 -1
3333 15 1571 -1
3334 13 1571 -1
3345 35 1571 -1
3349 9 1571 -1
3352 273 1549 1571 -1
3379 19 1571 -1
3381 180 1571 -1
3392 33 1549 -1
3394 156 1549 -1
3402 122 1549 -1
3445 21 1549 -1
3439 88 1571 -1
3447 271 1549 -1
3453 319 1549 -1
3454 148 1549 -1
3456 241 1549 -1
3459 92 1549 -1
3461 101 1548 -1
3462 54 1548 -1
3466 17 1549 -1
3498 114 1571 -1
3519 48 1549 -1
3562 40 1549 -1
3569 42 1549 -1
3615 144 1549 -1
3631 91 1549 -1
3633 48 1549 -1
3641 212 1549 -1
3642 362 1548 -1
3666 144 1548 1549 -1
3682 75 1549 -1
3705 3 1549 -1
3719 14 1549 -1
3728 85 1549 -1
3735 3 1549 -1
3764 10 1549 -1
3770 22 1549 -1
3786 99 1549 -1
3787 232 1549 -1
3806 45 1548 -1
3830 20 1549 -1
3890 3 1548 -1
3956 85 1549 -1
3961 16 1549 -1
3965 89 1549 -1
3976 145 1549 -1
3991 7 1549 -1
3992 2 1549 -1
2981 44 1549 -1
4072 29 1549 -1
4099 155 1548 1549 -1
4124 50 1549 -1
4150 16 1548 -1
4151 84 1549 -1
4276 52 1548 -1
4308 7 1548 -1
4486 20 1549 -1
4550 100 1549 -1
4632 228 1548 -1
4662 46 1549 -1
4746 18 1548 -1
4765 4 1548 -1
4796 4 1548 -1
4870 2 1548 -1
4967 361 1549 -1
5002 115 1549 -1
5022 172 1549 -1
5020 139 1548 1549 -1
5079 271 1549 -1
4828 168 1549 -1
5166 48 1549 -1
5176 139 1548 -1
5179 217 1549 -1
5188 211 1549 -1
5189 312 1548 1549 -1
5317 18 1548 -1
5391 37 1549 -1
5445 63 1549 -1
5468 10 1548 -1
5485 21 1548 -1
5462 19 1548 -1
5501 3 1548 -1
5524 389 1549 -1
5531 243 1548 1549 -1
5532 26 1549 -1
5540 3 1548 -1
5541 1 1548 -1
5543 137 1549 -1
5582 105 1549 -1
5612 66 1549 -1
5692 21 1549 -1
5697 230 1549 -1
5714 44 1549 -1
5796 191 1549 -1
5814 144 1549 -1
5816 84 1549 -1
5817 75 1549 -1
5862 24 1549 -1
6032 80 1549 -1
6204 12 1549 -1
6272 76 1549 -1
6305 190 1549 -1
6346 17 1549 -1
6359 81 1549 -1
6494 101 1549 -1
6523 33 1549 -1
6615 160 1549 -1
6609 7 1549 -1
6790 11 1549 -1
6620 93 1549 -1
6912 3 1549 -1
6941 57 1549 -1
6951 47 1549 -1