25 90 407 415 422 428 439 488 -1
4 29 415 -1
6 302 402 405 406 407 415 421 422 427 428 431 432 433 435 439 440 447 -1
8 182 402 405 406 415 421 422 427 428 431 432 433 435 439 440 488 -1
9 81 402 421 422 427 431 439 440 -1
10 86 405 406 407 432 -1
11 743 406 407 415 429 431 432 439 440 465 488 -1
12 65 407 427 428 432 435 -1
14 114 402 421 422 427 440 477 -1
15 50 417 477 -1
18 12 429 477 -1
20 187 402 405 425 427 429 447 465 477 -1
21 76 422 429 433 439 447 465 488 -1
23 74 406 -1
24 309 407 415 417 465 -1
28 133 402 405 406 415 428 435 439 488 -1
33 24 402 440 -1
36 227 402 417 427 431 439 465 -1
35 65 402 415 422 -1
38 14 415 -1
39 41 407 415 -1
26 95 415 419 421 422 427 431 433 -1
41 30 402 422 -1
42 89 407 415 -1
44 44 465 -1
46 59 402 407 428 431 -1
47 146 402 405 415 427 428 431 435 447 -1
48 21 421 -1
29 150 402 406 407 415 428 435 439 -1
55 64 402 407 439 447 488 -1
56 24 415 -1
57 13 415 -1
59 94 407 417 421 425 431 -1
62 17 415 -1
27 102 402 422 427 433 435 -1
66 44 402 -1
72 164 407 422 427 431 432 435 439 440 -1
78 41 415 419 421 422 428 431 433 -1
79 53 407 435 477 -1
80 59 402 433 439 -1
81 18 477 -1
67 17 405 -1
86 122 405 407 415 428 439 447 -1
71 109 402 415 427 435 439 447 -1
87 195 407 439 -1
90 72 407 417 439 477 -1
94 80 402 405 415 -1
31 15 405 -1
104 30 477 -1
68 275 465 -1
107 4 477 -1
109 190 415 -1
110 95 429 477 488 -1
111 29 477 -1
121 9 477 -1
122 213 403 417 465 -1
113 89 405 428 439 -1
130 13 439 -1
126 25 439 447 -1
127 132 402 417 431 435 -1
128 80 407 -1
129 4 427 -1
132 29 407 428 -1
133 10 402 -1
135 7 402 -1
136 99 431 440 -1
138 72 439 440 488 -1
139 37 439 440 -1
140 30 402 415 428 431 435 -1
142 25 402 407 432 -1
143 94 402 432 -1
151 74 402 407 -1
154 61 402 405 407 415 439 -1
157 44 407 435 -1
158 7 477 -1
171 70 432 -1
172 123 417 477 -1
173 334 415 432 447 -1
74 69 447 488 -1
176 39 432 -1
177 19 427 -1
178 63 405 429 -1
179 17 407 -1
180 54 402 -1
182 79 405 407 427 432 -1
166 93 417 439 465 -1
187 37 415 -1
202 6 427 -1
203 31 407 -1
204 12 439 -1
192 19 406 432 -1
125 29 488 -1
221 10 402 -1
223 19 406 415 422 427 -1
224 13 402 407 -1
226 25 407 432 439 -1
227 5 407 -1
228 6 415 -1
242 2 407 -1
247 11 415 421 422 427 428 435 -1
231 50 402 439 -1
232 23 402 -1
236 39 406 428 -1
237 41 465 -1
255 86 405 432 439 -1
261 8 405 -1
259 56 432 -1
263 22 432 -1
265 31 447 -1
266 13 429 -1
269 30 429 439 440 -1
275 56 405 417 -1
280 76 407 415 421 422 431 433 447 488 -1
282 39 428 440 -1
292 6 477 -1
296 10 405 415 -1
306 244 406 407 415 417 429 439 -1
307 5 402 -1
308 142 417 425 439 447 465 -1
310 230 407 429 432 439 447 488 -1
311 321 407 432 439 447 465 488 -1
312 227 406 407 429 432 439 447 488 -1
315 77 407 432 488 -1
317 140 429 432 439 447 488 -1
319 199 403 405 407 429 439 -1
326 12 407 488 -1
331 4 415 -1
251 8 432 -1
150 28 407 431 -1
336 31 439 465 -1
339 80 402 439 -1
340 30 407 439 440 -1
341 47 407 431 -1
348 21 439 -1
346 86 403 417 -1
351 11 439 -1
193 21 402 417 439 465 -1
365 8 477 -1
371 117 432 439 447 -1
374 3 419 -1
376 37 406 -1
101 16 405 477 -1
383 45 428 -1
397 1 402 -1
398 7 402 -1
399 6 402 -1
400 12 402 -1
401 1 402 -1
403 20 402 425 -1
404 5 402 403 -1
405 19 402 -1
406 34 402 440 -1
407 145 402 406 415 429 -1
408 1 402 -1
409 2 402 -1
410 6 402 407 428 431 433 -1
411 1 402 -1
413 1 402 -1
415 4 405 -1
414 3 415 -1
325 25 415 428 -1
417 9 422 431 433 435 -1
423 7 427 -1
424 6 427 428 -1
425 79 407 427 -1
426 41 427 428 431 433 435 440 477 -1
429 5 428 435 -1
430 5 431 -1
432 157 403 407 429 433 -1
434 6 435 -1
412 21 403 -1
447 15 417 -1
461 4 477 -1
476 1 477 -1
479 8 477 -1
480 1 477 -1
481 1 477 -1
502 4 417 -1
521 5 407 -1
546 142 415 417 -1
560 8 440 -1
556 121 405 407 417 432 439 -1
586 13 403 439 -1
590 8 429 -1
600 214 407 417 439 488 -1
615 35 432 -1
618 11 407 -1
626 31 432 439 -1
633 55 407 439 -1
634 150 417 -1
635 66 407 432 -1
636 11 407 432 -1
644 27 415 425 439 -1
645 16 407 -1
649 40 407 432 447 -1
650 98 429 488 -1
659 14 417 439 -1
663 158 407 425 439 -1
639 31 439 -1
673 5 407 -1
674 16 406 -1
686 83 407 -1
689 47 439 -1
691 24 429 -1
695 118 439 -1
699 8 406 407 -1
701 4 432 -1
706 95 407 -1
707 123 407 432 -1
708 51 407 447 -1
710 105 407 417 -1
713 4 432 -1
715 23 407 -1
722 264 403 407 429 439 447 -1
730 34 439 -1
733 8 439 -1
738 8 439 -1
742 93 447 -1
749 66 407 -1
321 27 439 488 -1
759 77 429 432 -1
766 773 403 417 -1
769 146 432 447 -1
736 4 439 -1
786 2 407 -1
788 113 407 415 417 439 447 -1
780 2 407 -1
781 8 407 -1
782 9 407 -1
783 1 407 -1
784 224 407 417 425 -1
789 317 407 447 -1
785 1 407 -1
794 18 407 -1
795 60 447 -1
802 4 432 -1
804 6 403 -1
810 34 407 -1
813 272 407 432 439 -1
816 29 488 -1
823 15 439 -1
826 249 403 407 415 425 -1
825 165 417 465 -1
832 3 407 -1
836 26 429 -1
838 36 417 -1
844 45 432 -1
852 39 417 -1
853 16 488 -1
865 97 407 417 -1
879 122 432 -1
883 3 407 -1
886 3 407 -1
896 26 439 -1
900 5 407 -1
904 119 407 -1
908 9 439 -1
909 12 439 -1
910 2 439 -1
911 27 439 447 -1
912 9 439 -1
913 3 439 -1
914 7 407 439 -1
920 10 407 -1
941 80 417 -1
946 110 403 -1
949 8 425 -1
954 34 407 -1
956 42 417 -1
974 36 417 -1
978 65 407 415 -1
982 47 407 -1
988 292 417 465 -1
993 238 403 415 -1
996 297 403 425 -1
999 4 432 -1
1000 60 403 -1
1006 138 432 -1
1011 6 447 -1
1012 7 447 -1
1024 41 425 -1
1029 135 432 -1
1034 33 417 -1
1039 6 407 -1
1037 86 415 417 -1
1046 24 407 432 -1
1055 196 417 432 -1
1062 156 403 432 -1
872 29 465 -1
1075 74 407 432 -1
1097 88 417 -1
1111 60 432 -1
1125 37 407 -1
1127 62 465 -1
1129 62 415 -1
1132 57 425 -1
1135 115 407 -1
1137 135 432 -1
1138 3 407 -1
1142 48 417 425 -1
1148 1 407 -1
1151 472 403 415 417 465 -1
922 149 407 415 -1
1160 24 432 -1
1164 39 407 -1
1166 599 403 417 -1
1167 158 407 -1
1169 29 407 -1
1183 9 425 -1
1185 43 407 -1
1190 4 417 -1
1200 107 403 -1
1204 61 432 -1
1210 218 403 -1
1236 103 407 425 -1
1247 77 407 425 -1
1261 8 407 -1
1279 124 417 -1
1292 7 432 -1
1293 33 407 -1
1297 76 417 465 -1
1305 290 403 425 -1
1319 181 407 415 417 -1
1320 6 417 -1
1350 117 407 415 -1
1357 91 403 417 425 -1
1358 18 407 -1
1365 7 432 -1
1367 40 417 432 -1
1368 33 407 -1
1374 462 407 425 -1
1377 33 407 -1
1390 32 417 -1
1395 199 403 407 -1
1428 183 415 -1
1184 79 403 -1
1441 41 407 -1
1463 26 403 -1
1466 24 407 -1
1471 72 425 -1
1473 91 403 425 -1
1482 26 415 -1
1487 117 407 -1
1489 64 407 -1
1496 210 417 -1
1501 38 407 -1
1521 99 403 -1
1522 139 415 465 -1
1538 81 415 -1
1552 81 407 417 -1
1549 587 407 417 465 -1
1555 79 407 415 -1
1583 87 465 -1
1585 102 415 425 -1
1592 30 425 -1
1608 355 403 407 415 -1
1615 162 407 415 -1
1622 50 415 -1
1623 39 407 -1
1661 66 415 -1
1647 19 417 -1
1684 9 403 -1
1691 50 425 -1
1700 93 415 425 -1
1705 47 403 -1
1717 96 415 -1
1730 45 425 -1
1734 55 465 -1
1754 23 407 -1
1767 97 407 -1
1769 67 403 415 -1
1751 35 417 -1
679 3 407 -1
1808 129 465 -1
1813 41 465 -1
1820 90 425 -1
1822 11 407 -1
347 8 407 -1
1836 16 407 -1
1857 8 407 -1
1885 44 407 -1
1891 36 415 -1
1892 5 407 -1
1896 51 403 -1
1919 112 403 407 415 -1
1922 204 425 465 -1
1943 3 407 -1
1944 2 407 -1
1945 2 407 -1
1972 181 417 465 -1
1991 66 403 425 -1
1997 88 415 -1
2001 39 415 -1
2005 1 415 -1
2016 13 417 -1
2065 50 465 -1
2118 113 417 -1
2120 122 417 -1
2133 129 403 -1
2144 23 417 -1
2230 49 417 -1
2237 241 465 -1
2256 247 403 425 -1
2274 48 425 -1
2297 164 417 425 465 -1
2323 111 417 -1
2326 252 417 -1
2328 215 403 465 -1
2398 62 465 -1
2411 141 417 465 -1
2440 50 465 -1
2473 103 403 -1
2485 324 417 465 -1
2510 68 403 -1
2542 93 403 417 -1
899 24 403 -1
2557 77 403 -1
2559 82 403 417 -1
2560 180 417 -1
2565 893 403 417 425 465 -1
2594 45 417 465 -1
2474 142 403 417 425 -1
2599 9 417 -1
2605 64 403 -1
2623 108 403 406 -1
2646 39 425 -1
2651 269 403 417 465 -1
2653 113 417 -1
2658 307 417 -1
2659 12 417 -1
2700 168 465 -1
2686 156 417 465 -1
2702 80 425 -1
2688 618 417 465 -1
2660 164 417 -1
2693 149 417 -1
2694 18 417 -1
2740 28 403 -1
2768 40 425 -1
2778 22 425 -1
2788 4 403 -1
2790 173 417 465 -1
2791 15 425 -1
2792 18 403 -1
2822 43 403 -1
2654 104 417 -1
2831 39 425 -1
2871 282 465 -1
2872 87 465 -1
2913 11 417 -1
2925 19 425 -1
2935 36 425 -1
2940 123 417 -1
2967 238 417 -1
2968 55 465 -1
2972 357 406 -1
3007 15 465 -1
3009 51 417 -1
3005 28 417 -1
3010 123 465 -1
3028 189 417 465 -1
3031 50 417 -1
3033 45 417 -1
2713 200 417 465 -1
3055 52 465 -1
2356 57 465 -1
3084 62 465 -1
2842 124 417 -1
3127 15 465 -1
3148 26 417 -1
3172 13 465 -1
3188 20 417 -1
3189 10 417 -1
3291 58 465 -1
3325 6 417 -1
3333 15 417 -1
3352 273 417 465 -1
3379 19 417 -1
3391 4 417 -1
3394 156 465 -1
3404 89 465 -1
3439 88 417 -1
3453 319 406 -1
3488 16 465 -1
3527 64 465 -1
3536 6 417 -1
3508 11 417 -1
3550 1 417 -1
3551 1 417 -1
3552 1 417 -1
3553 8 417 -1
3555 14 465 -1
3562 40 465 -1
3614 205 465 -1
3615 144 465 -1
3622 22 465 -1
3630 32 465 -1
3641 212 465 -1
3642 362 465 -1
3647 13 465 -1
3659 38 465 -1
3709 7 465 -1
3724 93 465 -1
3798 23 465 -1
3799 6 465 -1
3802 8 465 -1
3806 45 465 -1
3815 20 465 -1
3909 1 465 -1
3910 33 465 -1
3911 2 465 -1
3912 17 465 -1
3976 145 406 -1
4144 76 406 -1
4487 31 406 -1
4686 57 406 -1