6 302 1982 -1
7 24 1919 -1
9 81 1966 -1
11 743 1901 1903 1908 1919 1920 1927 1953 1956 1963 1964 1965 1966 1969 1973 1977 1979 1983 1985 1987 1990 1991 1992 1997 -1
14 114 1927 1966 -1
20 187 1919 1965 1966 -1
24 309 1901 1903 1927 1953 1956 1963 1966 1969 1977 1987 -1
28 133 1964 -1
36 227 1956 1964 1969 1997 -1
42 89 1903 1977 1997 -1
44 44 1919 1920 1953 1956 -1
47 146 1956 1965 1966 1983 -1
58 38 1966 -1
59 94 1918 -1
60 9 1956 -1
72 164 1982 -1
75 31 1956 -1
86 122 1987 -1
71 109 1915 1918 1956 1966 -1
87 195 1956 1965 -1
90 72 1956 -1
94 80 1956 -1
103 68 1982 -1
68 275 1919 -1
109 190 1969 1982 -1
110 95 1964 -1
122 213 1965 1984 1990 1992 -1
127 132 1918 1956 -1
128 80 1918 1950 1973 -1
132 29 1956 -1
136 99 1918 1956 1982 1984 -1
147 58 1955 -1
154 61 1956 -1
163 9 1965 -1
172 123 1919 1972 -1
173 334 1901 1903 1908 1956 1977 1983 1985 1991 1997 -1
74 69 1927 -1
178 63 1966 -1
180 54 1956 -1
182 79 1919 -1
166 93 1935 1956 1990 -1
191 13 1969 -1
203 31 1956 -1
125 29 1966 -1
215 100 1903 1964 1966 -1
222 4 1919 -1
226 25 1997 -1
244 4 1920 1973 -1
237 41 1956 -1
255 86 1956 1966 1992 -1
259 56 1956 -1
270 14 1965 -1
275 56 1918 1956 1992 1997 -1
280 76 1956 -1
290 71 1908 1918 1927 1956 1966 1973 1977 -1
304 79 1903 1927 1950 1953 1963 1966 1969 1984 -1
306 244 1935 1964 1965 1984 1992 -1
308 142 1956 1966 -1
310 230 1901 1903 1966 1977 1979 1992 -1
311 321 1919 1956 1964 1965 1966 1973 1977 1992 1997 -1
312 227 1953 1963 1966 1969 -1
313 54 1918 -1
319 199 1908 1919 1987 1991 -1
346 86 1915 -1
371 117 1956 1966 -1
376 37 1992 -1
395 42 1919 1956 -1
407 145 1903 1908 1918 1927 1953 1955 1956 1963 1966 1969 1973 1979 1987 1991 1997 -1
423 7 1956 -1
425 79 1982 -1
432 157 1927 1963 1964 -1
412 21 1919 -1
447 15 1997 -1
457 732 1908 1915 1918 1953 1966 1969 1972 1973 1979 1982 1987 1990 1991 -1
546 142 1901 1908 1927 1935 1953 1955 1956 1963 1966 1969 1973 1979 1982 1987 1990 -1
556 121 1908 1919 1927 1953 1956 1963 1966 1969 1973 1990 -1
588 22 1964 -1
600 214 1919 1927 1956 1963 1977 1979 -1
633 55 1966 -1
634 150 1965 1966 1972 -1
643 46 1919 1964 -1
645 16 1919 -1
650 98 1997 -1
663 158 1956 1961 1966 -1
667 19 1927 -1
686 83 1903 1966 1973 -1
689 47 1992 -1
691 24 1953 1969 -1
695 118 1901 1979 1983 -1
699 8 1966 -1
704 81 1903 1966 1987 -1
706 95 1919 1956 1984 -1
710 105 1956 1969 -1
712 19 1927 -1
722 264 1918 1956 1992 -1
724 4 1935 -1
727 32 1956 1961 -1
737 232 1982 -1
742 93 1983 -1
697 100 1966 -1
759 77 1956 -1
763 68 1927 -1
764 34 1956 1992 -1
766 773 1915 1918 1919 1935 1956 1964 1966 1969 1971 1972 1982 1984 1990 1992 -1
769 146 1919 -1
788 113 1956 1964 -1
784 224 1918 1919 1964 1966 1973 1987 -1
789 317 1920 1956 1966 1969 1977 1979 -1
805 90 1956 1969 -1
813 272 1908 1915 1919 1927 1964 1987 1990 1991 1992 -1
822 11 1908 -1
820 16 1918 -1
826 249 1908 1918 1919 1927 1953 1963 1966 1970 1973 1979 1984 1987 1991 1992 -1
831 12 1927 -1
836 26 1901 1997 -1
842 30 1966 -1
854 99 1983 -1
861 16 1992 -1
870 38 1953 1966 -1
871 59 1919 1953 1966 -1
879 122 1919 1990 -1
469 10 1956 -1
896 26 1901 -1
904 119 1918 1920 1963 1973 1979 1997 -1
915 7 1966 -1
918 17 1927 -1
935 22 1903 1965 -1
937 46 1919 1956 -1
941 80 1969 -1
956 42 1966 -1
960 22 1956 -1
961 16 1956 1964 -1
933 18 1966 -1
971 72 1920 1950 1966 1973 -1
975 11 1919 1997 -1
978 65 1956 -1
986 77 1966 -1
988 292 1919 1964 1982 -1
993 238 1901 1903 1908 1919 1963 1965 1966 1969 1987 1991 1997 -1
996 297 1919 1956 1964 1977 1982 1992 1997 -1
998 30 1956 -1
1000 60 1918 -1
1006 138 1920 1950 1953 1983 1984 1985 -1
1003 18 1956 1966 -1
1009 44 1920 1927 1963 1966 -1
1032 39 1997 -1
1037 86 1918 1966 1982 -1
1042 41 1992 -1
1050 44 1920 1927 1963 1966 -1
1055 196 1918 1935 1956 1982 1990 -1
1062 156 1901 1964 1985 1992 -1
1063 29 1901 -1
1074 95 1972 -1
1075 74 1927 1953 -1
1082 4 1903 -1
1086 8 1991 -1
1097 88 1919 -1
1098 305 1919 1956 1963 1964 1969 1973 1982 1991 1992 1997 -1
1111 60 1927 1977 1997 -1
1102 15 1903 -1
1124 20 1992 -1
1125 37 1919 1992 -1
1132 57 1903 -1
1133 399 1984 1990 -1
1135 115 1918 1963 1965 1966 1977 1997 -1
1137 135 1903 1908 1919 1956 1991 -1
1142 48 1956 -1
1151 472 1918 1919 1956 1961 1964 1965 1969 1977 1979 1983 1985 1991 1992 1997 -1
922 149 1927 1963 1965 1969 1973 1979 1997 -1
1164 39 1918 1956 1966 -1
1165 13 1956 -1
1166 599 1901 1919 1920 1956 1961 1963 1964 1966 1972 1973 1977 1982 1983 1984 1985 1987 1990 1992 1997 -1
1167 158 1920 1956 1963 -1
1185 43 1973 -1
1200 107 1919 1956 -1
1202 66 1919 1927 1997 -1
1203 22 1979 -1
1210 218 1903 1908 1919 1964 1965 1966 1991 1992 -1
1211 79 1956 1966 -1
1215 65 1919 1953 -1
1221 77 1927 1963 1966 -1
1228 11 1956 -1
1230 33 1908 1953 1969 1987 -1
1236 103 1918 1965 1966 1973 -1
1241 35 1956 1973 -1
1246 8 1979 -1
1253 51 1956 -1
1267 61 1908 1964 1965 -1
1278 69 1918 -1
1286 65 1901 1903 1965 -1
1284 20 1965 1966 1983 1987 -1
1285 31 1956 1965 -1
1291 34 1977 -1
1297 76 1918 1964 -1
1305 290 1915 1918 1919 1935 1956 -1
1315 6 1908 -1
1316 7 1908 -1
1319 181 1918 1919 1927 1953 1956 1966 1969 1973 1987 1992 -1
1335 62 1992 -1
1339 5 1956 -1
1349 2 1977 -1
1350 117 1901 1903 1908 1953 1963 1966 1969 1973 -1
1352 121 1908 1920 1927 1956 1963 1966 1969 1973 1979 1985 1987 -1
1353 30 1977 1997 -1
1357 91 1956 1963 1966 -1
1368 33 1927 1987 -1
1374 462 1903 1918 1919 1956 1973 1982 1990 1991 -1
1377 33 1966 -1
1378 14 1965 1966 1977 -1
1380 63 1956 -1
1381 52 1908 1992 -1
1384 37 1956 -1
1386 61 1901 1903 1927 1953 1966 1973 -1
1390 32 1992 -1
1395 199 1901 1903 1927 1964 1965 1966 1969 1973 1979 1983 1985 1987 1992 1997 -1
1419 41 1992 -1
1424 52 1919 1927 1966 1973 -1
1428 183 1901 1903 1919 1927 1956 1963 1965 1966 1969 1973 1979 1983 1985 1987 -1
1184 79 1956 1984 -1
1441 41 1991 -1
1462 48 1919 1920 -1
1463 26 1992 -1
1470 156 1918 1956 1966 1969 1977 -1
1471 72 1956 -1
1473 91 1919 1953 1963 1979 -1
1480 44 1901 1908 1979 1987 1992 -1
1482 26 1903 1953 1966 1969 -1
1487 117 1901 1903 1908 1953 1969 1973 1979 1987 1991 -1
1489 64 1953 1969 1984 1997 -1
1492 157 1901 1903 1908 1918 1919 1927 1966 1969 1987 1992 1997 -1
1495 10 1973 -1
1496 210 1903 1908 1919 1953 1956 1966 1969 1973 1992 -1
1497 28 1956 -1
1499 12 1956 -1
1500 48 1956 -1
1521 99 1919 1964 1992 1997 -1
1522 139 1903 1956 1990 -1
1538 81 1918 1935 1953 1969 1973 -1
1537 68 1919 1966 1969 -1
1542 244 1919 1920 1972 1997 -1
1552 81 1908 1956 1973 1991 -1
1553 20 1956 -1
1547 28 1956 1966 -1
1549 587 1903 1908 1918 1919 1927 1953 1956 1963 1964 1965 1966 1969 1973 1977 1979 1982 1984 1985 1987 1990 1992 1997 -1
1550 42 1990 -1
1555 79 1901 1903 1908 1966 1969 1973 -1
1566 46 1903 1908 -1
1583 87 1919 1956 1965 1987 -1
1585 102 1903 1966 1969 1973 1979 -1
1594 114 1901 1903 1919 1963 1966 1969 1977 1979 -1
1571 24 1956 1992 -1
1606 3 1927 -1
1608 355 1901 1903 1908 1918 1919 1927 1956 1963 1964 1965 1969 1973 1977 1979 1983 1985 1987 1991 1992 1997 -1
1610 12 1903 -1
1612 68 1982 -1
1613 15 1903 -1
1614 73 1903 1919 1987 1992 -1
1615 162 1901 1903 1908 1920 1927 1953 1955 1956 1963 1965 1966 1969 1973 1979 1983 1984 1987 1991 -1
1621 80 1901 1919 1979 1985 1987 -1
1622 50 1935 1953 1966 1973 1992 -1
1623 39 1966 -1
1644 48 1956 1997 -1
1661 66 1953 1966 -1
1662 6 1903 -1
1564 27 1953 1969 1992 -1
1670 18 1956 1997 -1
1675 2 1956 -1
1678 3 1977 -1
1691 50 1908 1919 -1
1701 112 1919 1997 -1
1697 70 1935 1966 -1
1700 93 1918 1953 1969 1985 1992 -1
1711 9 1956 -1
1705 47 1919 -1
1707 34 1977 -1
1716 6 1920 -1
1717 96 1918 1956 1969 1973 1979 1987 -1
1719 10 1965 -1
1720 14 1965 -1
1688 25 1965 1966 -1
1732 18 1908 1956 -1
1733 42 1966 -1
1734 55 1918 1969 -1
1742 6 1901 -1
1748 76 1984 -1
1749 68 1918 1919 1997 -1
1754 23 1918 1956 -1
1756 89 1901 1903 1908 1918 1964 1973 1977 -1
1757 16 1920 1973 -1
1765 4 1983 -1
1766 27 1964 -1
1767 97 1915 1918 1919 -1
1769 67 1965 1966 -1
1772 141 1903 1918 1927 1955 1956 1964 1966 1977 1987 1992 1997 -1
1759 5 1966 -1
1778 8 1920 1955 1966 -1
1751 35 1979 -1
1783 57 1903 1918 1992 1997 -1
1789 11 1920 -1
1792 31 1908 1920 1973 1987 -1
1795 44 1919 -1
1796 38 1982 -1
1799 48 1966 -1
1800 20 1908 -1
1811 43 1973 -1
1803 19 1919 -1
1808 129 1919 1927 1969 1977 1992 -1
1814 105 1919 -1
1820 90 1918 1919 1956 1992 -1
1822 11 1903 1908 1966 -1
1823 49 1953 1956 1963 -1
347 8 1920 1950 1953 1956 -1
1835 73 1918 -1
1836 16 1956 -1
1837 28 1919 -1
1838 57 1953 1969 1973 1991 1992 -1
1847 47 1903 1908 1953 1973 -1
1855 12 1927 1956 1963 -1
1868 22 1985 -1
1885 44 1908 -1
1888 36 1956 1977 -1
1891 36 1992 -1
1892 5 1953 1963 1969 -1
1896 51 1956 -1
1899 6 1901 -1
1900 1 1901 -1
1902 1 1903 -1
1908 9 1927 1963 -1
1905 1 1908 -1
1906 1 1908 -1
1907 1 1908 -1
1909 1 1908 -1
1911 1 1908 -1
1912 3 1908 -1
1913 1 1908 -1
1918 20 1920 1977 1992 -1
1919 112 1920 1964 1973 1977 1979 1983 1985 1987 1997 -1
1922 204 1919 1984 1992 -1
1925 22 1977 1983 -1
1928 7 1927 -1
1931 15 1927 1964 1997 -1
1944 2 1956 -1
1948 14 1918 1956 -1
827 3 1953 -1
1951 29 1953 -1
1958 1 1963 -1
1959 1 1963 -1
1960 1 1963 -1
1961 5 1963 -1
1962 31 1927 1963 1966 1969 1973 1979 1987 -1
1966 18 1965 1977 -1
1964 13 1966 -1
1965 9 1966 -1
1967 31 1969 1990 -1
1968 2 1969 -1
1972 181 1918 1973 -1
1976 6 1977 -1
1977 34 1997 -1
1980 47 1956 1964 -1
1985 56 1919 1987 1992 1997 -1
1986 17 1985 1987 -1
1991 66 1956 1992 -1
1995 3 1919 -1
1997 88 1919 1965 1977 1991 -1
1794 26 1919 -1
2001 39 1991 -1
2009 63 1918 1964 1992 -1
2062 121 1919 1965 1977 1985 1991 1997 -1
2063 21 1965 1977 -1
2065 50 1919 1956 -1
2069 17 1964 -1
2071 7 1992 -1
2072 121 1918 1956 1964 1977 1985 1991 1997 -1
2077 1 1991 -1
2084 10 1997 -1
2085 28 1919 1992 -1
2088 6 1997 -1
2093 55 1964 1992 -1
2099 22 1997 -1
2114 39 1919 1965 -1
2115 16 1965 -1
2116 20 1977 -1
2118 113 1919 -1
2120 122 1997 -1
2128 3 1992 -1
2129 44 1990 -1
2130 8 1977 -1
2133 129 1918 1956 1964 1977 1992 -1
2134 14 1990 -1
2135 146 1972 1982 -1
2145 145 1982 -1
2156 41 1992 -1
2159 18 1919 1997 -1
2169 32 1977 1997 -1
2172 29 1956 1964 -1
2186 61 1918 1919 -1
2193 12 1935 -1
2206 14 1956 -1
2212 1 1985 -1
2213 1 1985 -1
2214 3 1985 1997 -1
2225 34 1992 -1
2230 49 1964 -1
2231 66 1964 -1
2229 143 1990 -1
2232 12 1956 -1
2233 36 1919 1956 -1
2236 75 1919 -1
2237 241 1919 1990 -1
2241 14 1992 1997 -1
2246 8 1919 -1
2251 25 1977 -1
2254 6 1992 -1
2255 31 1919 1964 -1
2256 247 1918 1935 1990 1992 -1
2257 49 1919 -1
2264 58 1961 -1
2274 48 1919 1964 -1
2282 5 1997 -1
2286 6 1997 -1
2285 17 1997 -1
2287 4 1997 -1
2290 120 1990 -1
2289 14 1977 -1
2291 1 1977 -1
2292 1 1977 -1
2265 1 1977 -1
2293 2 1977 -1
2294 9 1977 -1
2297 164 1956 1990 -1
2298 48 1964 -1
2322 19 1992 -1
2323 111 1935 1984 1990 -1
2326 252 1935 1990 -1
2328 215 1956 1964 1990 1992 -1
2342 5 1918 -1
2343 7 1992 -1
2272 31 1992 -1
2357 12 1964 -1
2365 77 1992 -1
2338 6 1964 -1
2369 189 1964 1982 -1
2370 2 1964 -1
2371 124 1918 1919 1964 -1
2372 7 1964 -1
2374 1 1964 -1
2375 49 1918 1964 -1
2376 26 1964 -1
2381 71 1956 -1
2411 141 1915 1918 1919 1935 1990 1992 -1
2414 6 1956 -1
2435 35 1956 1992 -1
2440 50 1982 -1
2452 42 1982 -1
2472 75 1918 -1
2473 103 1918 1919 1956 1992 -1
2476 35 1919 -1
2485 324 1982 1984 1990 -1
2488 21 1919 -1
2507 69 1919 1992 -1
2510 68 1992 -1
2517 5 1918 -1
2541 37 1918 -1
2542 93 1956 1990 -1
2546 34 1956 -1
2549 70 1918 1919 1956 -1
2550 26 1956 -1
899 24 1956 -1
2555 12 1956 -1
2556 1 1956 -1
2566 32 1956 -1
2557 77 1918 1956 -1
2469 3 1956 -1
2567 5 1956 -1
2558 2 1956 -1
2559 82 1956 1961 -1
2560 180 1915 1956 -1
2561 2 1956 -1
2562 2 1956 -1
2563 2 1956 -1
2564 50 1956 -1
2565 893 1915 1918 1919 1935 1956 1982 1990 -1
2572 7 1935 -1
2576 146 1919 -1
2598 7 1992 -1
2474 142 1919 1992 -1
2605 64 1992 -1
2617 22 1918 -1
2618 53 1992 -1
2623 108 1919 -1
2619 46 1982 -1
2647 18 1992 -1
2651 269 1918 1935 1990 -1
2653 113 1915 -1
2657 44 1935 -1
2658 307 1915 1982 1990 -1
2659 12 1990 -1
2672 13 1992 -1
2674 103 1992 -1
2675 1 1992 -1
2676 7 1992 -1
2677 40 1982 1992 -1
2699 74 1935 -1
2700 168 1935 1990 -1
2688 618 1919 1935 1961 1982 1984 -1
2704 75 1919 -1
2660 164 1990 -1
2691 44 1961 -1
2693 149 1990 -1
2711 13 1990 -1
2727 33 1918 -1
2774 46 1918 -1
2790 173 1935 1982 1984 1990 -1
2791 15 1918 -1
2822 43 1935 -1
2654 104 1915 1935 1990 -1
2831 39 1972 -1
2832 50 1984 -1
2860 5 1919 -1
2871 282 1918 1919 1984 -1
2872 87 1915 -1
2900 29 1918 -1
2904 18 1918 1919 -1
2912 33 1919 -1
2925 19 1918 -1
2932 62 1918 -1
2940 123 1919 1990 -1
2957 1 1918 -1
2958 47 1918 -1
2964 70 1919 -1
2967 238 1984 -1
2968 55 1982 -1
2972 357 1972 1990 -1
2974 15 1915 -1
2983 28 1982 -1
3010 123 1915 1990 -1
2707 103 1919 -1
3018 19 1919 -1
3025 4 1919 -1
3026 175 1919 -1
3028 189 1961 -1
3032 216 1915 -1
2713 200 1990 -1
3056 44 1919 -1
3057 48 1990 -1
3059 32 1919 -1
3047 12 1919 -1
3060 4 1919 -1
3062 42 1919 -1
3072 25 1919 -1
3077 4 1919 -1
3081 20 1919 -1
3084 62 1915 1935 -1
3101 2 1919 -1
2842 124 1919 1990 -1
3118 2 1919 -1
3142 49 1982 -1
3148 26 1919 1990 -1
3180 24 1990 -1
3192 56 1990 -1
3196 22 1915 -1
3200 8 1990 -1
3227 19 1982 -1
3242 6 1919 -1
3258 95 1915 1935 -1
3260 8 1919 -1
3276 79 1990 -1
3326 18 1984 -1
3352 273 1990 -1
3366 63 1919 1961 -1
3375 43 1915 -1
3378 41 1961 -1
3380 42 1982 -1
3388 15 1919 -1
3394 156 1915 1990 -1
3402 122 1990 -1
3443 20 1961 -1
3450 27 1984 -1
3451 98 1984 -1
3453 319 1972 -1
3454 148 1984 1990 -1
3456 241 1961 1982 1990 -1
3457 166 1915 1972 -1
3458 69 1984 -1
3461 101 1984 -1
3462 54 1984 -1
3479 102 1990 -1
3480 18 1915 -1
3483 20 1990 -1
3523 28 1915 -1
3525 16 1935 -1
3527 64 1915 -1
3541 81 1915 1935 -1
3555 14 1935 -1
3556 14 1915 -1
3561 4 1935 -1
3562 40 1935 1990 -1
3568 147 1990 -1
3583 4 1915 -1
3593 26 1961 -1
3614 205 1984 1990 -1
3615 144 1915 1990 -1
3624 64 1990 -1
3630 32 1990 -1
3633 48 1915 -1
3634 82 1982 -1
3642 362 1972 1982 -1
3660 87 1990 -1
3665 20 1982 -1
3678 17 1915 1935 -1
3682 75 1915 1935 -1
3709 7 1990 -1
3724 93 1990 -1
3729 11 1990 -1
3731 15 1915 -1
3787 232 1982 -1
3829 1 1935 -1
3830 20 1935 -1
3821 2 1935 -1
3832 1 1935 -1
3833 3 1935 -1
3902 43 1984 -1
3917 29 1990 -1
3956 85 1990 -1
3976 145 1984 -1
4001 28 1990 -1
4040 104 1982 -1
4041 68 1972 -1
2981 44 1990 -1
4044 89 1961 1984 -1
4045 257 1972 -1
4062 4 1990 -1
4063 27 1990 -1
4065 131 1990 -1
4073 115 1972 1990 -1
4074 33 1990 -1
4099 155 1984 -1
4076 86 1984 -1
4124 50 1990 -1
4127 41 1984 -1
4138 64 1990 -1
4141 5 1990 -1
4142 37 1990 -1
4148 6 1990 -1
4189 11 1990 -1
4199 8 1961 -1
4211 65 1990 -1
4224 17 1984 -1
4351 4 1990 -1
4352 1 1990 -1
4353 80 1990 -1
4354 6 1990 -1
4441 202 1972 1982 -1
4511 15 1984 -1
4536 81 1982 -1
4592 6 1961 -1
4593 1 1961 -1
4640 2 1984 -1
4641 1 1984 -1
4673 96 1972 -1
4712 121 1982 -1
4748 38 1972 -1
4781 27 1982 -1
4813 46 1972 -1
4899 169 1972 -1
4948 214 1982 -1
4960 8 1972 -1
4967 361 1972 -1
4981 53 1982 -1
4989 7 1982 -1
5022 172 1982 -1
5020 139 1982 -1
5079 271 1972 1982 -1
5106 33 1982 -1
4828 168 1982 -1
5173 122 1982 -1
4795 73 1982 -1
5177 101 1972 1982 -1
5179 217 1982 -1
5185 152 1972 -1
5188 211 1972 -1
5189 312 1972 -1
5196 32 1972 -1
5246 44 1982 -1
5391 37 1982 -1
5439 66 1982 -1
5524 389 1972 1982 -1
5531 243 1972 1982 -1
5582 105 1972 -1
5612 66 1982 -1
5696 50 1972 -1
5697 230 1972 1982 -1
5741 13 1982 -1
5773 75 1982 -1
5796 191 1982 -1
5800 222 1982 -1
5802 385 1972 1982 -1
5805 16 1972 -1
5811 79 1982 -1
5816 84 1972 1982 -1
5817 75 1982 -1
5819 61 1982 -1
5822 98 1972 -1
5824 41 1982 -1
5871 50 1982 -1
5999 20 1982 -1
6023 30 1972 -1
6032 80 1982 -1
6218 53 1982 -1
6248 10 1972 -1
6270 88 1982 -1
6272 76 1982 -1
6305 190 1972 1982 -1
6323 44 1972 -1
6327 108 1982 -1
6394 8 1972 -1
6421 23 1982 -1
6428 3 1972 -1
6462 3 1972 -1
6471 5 1982 -1
6504 7 1972 -1
6517 2 1972 -1
6563 58 1982 -1
6596 177 1982 -1
6615 160 1982 -1
6627 50 1982 -1
6736 33 1982 -1
6772 77 1982 -1
6774 24 1982 -1
6790 11 1982 -1
6620 93 1982 -1
5529 39 1982 -1
6949 5 1982 -1
6951 47 1982 -1
6990 1 1982 -1
6991 18 1982 -1
6993 81 1982 -1
7047 161 1982 -1
7056 37 1982 -1
7057 118 1982 -1
7062 4 1982 -1
7080 70 1982 -1
7086 123 1982 -1
7092 93 1982 -1
7219 1 1919 -1
7218 1 1919 -1
7225 47 1982 -1
7266 6 1982 -1
7294 39 1982 -1
7378 38 1982 -1
7357 9 1982 -1
7391 52 1982 -1
7409 10 1982 -1
7421 9 1982 -1
7449 39 1982 -1
7544 11 1982 -1
7675 25 1982 -1
7727 30 1982 -1
7733 45 1982 -1
7744 50 1982 -1
7755 13 1982 -1
7772 20 1982 -1
7774 35 1982 -1
7810 9 1982 -1
7862 11 1982 -1
7884 5 1982 -1
7901 30 1982 -1
7902 21 1982 -1
7906 10 1982 -1
8047 20 1982 -1
8088 2 1982 -1
8152 10 1982 -1
8173 7 1982 -1
8213 1 1982 -1