87 195 7381 -1
103 68 7381 -1
68 275 7341 -1
109 190 7373 7393 -1
136 99 7301 -1
407 145 7306 -1
425 79 7351 -1
434 6 7351 7381 -1
457 732 7341 7351 7381 7389 -1
737 232 7323 7341 7351 7373 7386 7391 7397 -1
766 773 7341 7381 -1
762 50 7378 -1
856 91 7351 -1
988 292 7391 -1
996 297 7373 -1
1098 305 7323 7351 7378 7381 7386 7391 7397 -1
1132 57 7378 -1
1151 472 7341 -1
1164 39 7386 -1
1166 599 7373 -1
1374 462 7301 7351 7373 7378 7386 7391 -1
1385 35 7351 -1
1542 244 7301 7381 -1
1612 68 7306 -1
1621 80 7386 -1
1667 55 7378 -1
1701 112 7381 -1
1748 76 7386 -1
1865 6 7386 -1
2120 122 7323 -1
2249 38 7301 -1
2258 95 7373 -1
2297 164 7341 -1
2369 189 7386 7389 -1
2411 141 7304 -1
2452 42 7351 7393 -1
2485 324 7351 -1
2565 893 7301 7319 7341 7351 7362 7373 7378 7381 7386 7389 7391 -1
2595 49 7362 -1
2619 46 7381 -1
2658 307 7341 7351 7373 7378 7381 7391 -1
2674 103 7381 -1
2677 40 7301 -1
2908 12 7301 -1
2932 62 7301 -1
2931 2 7316 -1
2940 123 7301 7389 -1
2983 28 7391 -1
2707 103 7301 -1
3032 216 7378 -1
3057 48 7301 -1
3088 37 7389 -1
2003 63 7301 -1
3142 49 7389 7391 -1
3274 69 7351 -1
3297 51 7397 -1
3310 18 7391 -1
3334 13 7381 -1
3381 180 7301 7373 7378 7381 -1
3447 271 7351 7381 -1
3456 241 7393 -1
3457 166 7306 -1
3459 92 7301 -1
3586 156 7301 7351 7381 -1
3631 91 7391 -1
3634 82 7301 -1
3635 63 7378 -1
3642 362 7304 7351 7373 7378 -1
3691 95 7306 7378 7387 -1
3787 232 7378 7391 -1
3969 90 7316 -1
4036 147 7381 -1
4040 104 7351 -1
2981 44 7381 -1
4046 89 7373 7381 -1
4065 131 7351 -1
4169 9 7351 -1
4211 65 7362 -1
4273 23 7315 -1
4347 55 7341 -1
4353 80 7301 -1
4364 39 7351 -1
4437 70 7301 7351 7373 -1
4456 4 7351 -1
4483 153 7373 7381 -1
4496 3 7351 -1
4536 81 7378 -1
4632 228 7341 7351 7373 7381 7391 -1
4717 62 7381 -1
4712 121 7373 -1
4764 53 7373 -1
4788 20 7389 -1
4814 20 7301 -1
4879 28 7362 7378 7386 7397 -1
4894 79 7362 -1
4899 169 7373 7381 -1
4943 31 7301 -1
4948 214 7341 7389 7391 -1
4981 53 7341 -1
4994 19 7381 -1
5002 115 7301 7373 -1
5053 52 7381 -1
5059 26 7301 7306 7318 -1
5068 10 7381 -1
5079 271 7319 -1
5106 33 7365 7397 -1
5103 127 7386 7391 -1
5114 4 7386 -1
4828 168 7315 7373 7386 -1
5140 51 7378 -1
5173 122 7301 7351 7373 7378 7389 -1
4795 73 7351 7391 -1
4310 278 7351 7378 7381 7386 -1
5179 217 7373 -1
5185 152 7301 7351 -1
5188 211 7301 -1
5189 312 7323 7373 7378 -1
5199 22 7378 -1
5233 24 7301 -1
5246 44 7301 -1
5301 61 7351 7373 7381 -1
5401 3 7301 -1
5423 48 7381 -1
5445 63 7301 7315 7359 7393 -1
5454 19 7373 7381 -1
5485 21 7386 -1
5524 389 7301 7304 7341 7351 7362 7373 7378 7381 7386 7391 7393 -1
5531 243 7351 7373 7378 7397 -1
5543 137 7373 -1
5551 8 7391 -1
5553 46 7386 -1
5582 105 7301 7306 -1
5596 30 7359 -1
5655 139 7304 7306 7315 7316 7359 7362 7373 7378 7386 -1
5656 5 7359 -1
5697 230 7362 7393 -1
5738 14 7391 -1
5768 13 7391 -1
5775 42 7378 -1
5773 75 7315 -1
5776 14 7391 -1
5796 191 7301 7351 7381 -1
5800 222 7341 7351 7373 7389 -1
5802 385 7301 7304 7351 7362 7373 7378 7381 7391 7397 -1
5806 83 7315 7319 7341 7373 7381 -1
5804 33 7386 -1
5811 79 7304 7351 7381 -1
5817 75 7301 7351 7373 -1
5820 20 7393 -1
5822 98 7301 7315 7351 7381 7386 -1
5857 92 7351 -1
5908 19 7389 -1
5915 52 7386 -1
5952 14 7378 -1
5998 81 7389 -1
6006 68 7341 -1
6032 80 7351 7386 7397 -1
6045 7 7378 -1
6098 1 7306 -1
6151 13 7301 -1
6198 14 7351 -1
6229 19 7301 -1
6241 75 7362 7381 -1
6270 88 7304 7319 7323 7341 7351 7381 7397 -1
6280 52 7351 7362 7373 7378 7381 -1
6299 78 7351 7359 -1
6305 190 7301 7373 7378 -1
6323 44 7378 7381 -1
6360 35 7323 -1
6327 108 7319 7323 -1
6421 23 7393 -1
6443 70 7301 -1
6458 28 7386 -1
6486 85 7301 7304 7306 7315 7365 7381 7386 7391 -1
6494 101 7301 7319 7351 7362 7373 7386 -1
6495 2 7316 -1
6500 8 7301 -1
6510 54 7351 -1
6460 58 7386 -1
6548 10 7381 -1
6555 35 7351 -1
6560 43 7381 7386 -1
6123 24 7381 -1
6570 4 7301 -1
6563 58 7378 -1
6552 29 7323 -1
6596 177 7341 7351 7386 7389 7391 7397 -1
6618 91 7306 7318 7381 7389 -1
6619 104 7306 7315 7323 7341 7362 7373 7381 7386 7387 7397 -1
6615 160 7301 7304 7306 7315 7319 7351 7362 7373 7381 7386 7397 -1
6616 18 7301 -1
6624 135 7378 7381 -1
6627 50 7378 -1
6646 4 7301 -1
6655 7 7301 -1
6702 10 7381 -1
6714 100 7301 7315 7351 7365 7373 7378 7381 -1
4401 9 7393 -1
6766 22 7306 7378 -1
6772 77 7306 -1
6774 24 7386 -1
6620 93 7301 7304 7306 -1
6867 5 7373 -1
6914 95 7306 7351 7359 7373 7378 -1
6906 49 7301 7306 7351 7381 -1
6907 191 7359 7373 7378 7381 7386 7389 7391 -1
6916 54 7351 -1
6924 16 7389 -1
6934 65 7378 7381 -1
6941 57 7301 7378 7386 -1
6951 47 7386 7393 -1
6316 19 7378 -1
6991 18 7323 -1
6993 81 7301 -1
7021 15 7386 -1
7052 142 7301 7341 7351 7362 7378 7381 7391 -1
7053 31 7378 7389 -1
7054 40 7316 7378 -1
7047 161 7341 7386 7389 7391 -1
7057 118 7378 7386 -1
7080 70 7301 -1
6946 68 7362 7378 7386 7391 7397 -1
7086 123 7341 7378 7389 7391 -1
7090 11 7378 -1
7092 93 7301 7378 7389 -1
7089 2 7301 -1
7100 15 7301 -1
7104 15 7301 -1
7120 18 7386 -1
7127 2 7301 -1
7132 30 7304 7306 7362 -1
7134 3 7373 -1
7153 12 7373 -1
6994 19 7301 -1
7188 14 7315 7351 7386 7397 -1
7225 47 7378 7386 -1
7231 101 7386 -1
7233 22 7386 7389 -1
7236 23 7378 -1
7237 15 7391 -1
7241 21 7373 -1
7260 3 7301 -1
7280 89 7386 7393 -1
7293 4 7301 -1
5949 3 7301 -1
7295 13 7301 7386 -1
7298 2 7301 -1
7299 1 7301 -1
7300 1 7301 -1
7302 2 7301 -1
7317 15 7318 7323 7341 7351 7387 -1
7320 1 7319 -1
7294 39 7393 -1
7335 15 7381 -1
7350 21 7381 -1
7352 15 7378 7386 -1
7354 4 7351 -1
7360 1 7351 -1
7362 8 7381 -1
7371 2 7373 -1
7379 7 7381 -1
7378 38 7381 7386 -1
7380 3 7381 -1
7357 9 7391 -1
7386 25 7387 -1
7391 52 7341 -1
7321 3 7389 -1
7449 39 7341 7393 -1
7492 3 7378 -1
7538 1 7378 -1
7540 1 7378 -1
7535 1 7378 -1
7536 1 7378 -1
7537 1 7378 -1
7588 8 7391 -1
7598 33 7386 -1
7614 39 7386 -1
7648 1 7391 -1
7666 14 7397 -1
7675 25 7386 7397 -1
7679 26 7391 -1
7682 36 7386 -1
7685 13 7391 -1
7727 30 7341 7391 -1
7733 45 7389 -1
7755 13 7386 -1
7768 11 7393 -1
7772 20 7389 -1
7774 35 7391 -1
7775 11 7341 -1
7814 1 7386 -1
7815 2 7386 -1
7831 2 7393 -1
7900 27 7391 -1
7901 30 7391 -1
7902 21 7391 -1
7904 6 7391 -1
8036 19 7391 -1
8045 7 7389 -1
8046 16 7389 -1
8047 20 7389 -1
8053 20 7391 -1
8085 16 7391 -1
8162 9 7391 -1
8173 7 7391 -1
8187 1 7391 -1
8211 11 7389 -1
8262 1 7389 -1
8263 2 7389 -1