11 743 3114 3117 3125 3136 3140 3144 3180 3192 -1
14 114 3192 -1
20 187 3136 -1
24 309 3136 3164 3192 -1
36 227 3136 3150 3192 -1
42 89 3136 -1
47 146 3136 -1
53 39 3192 -1
72 164 3136 3164 -1
86 122 3136 -1
87 195 3117 3192 -1
68 275 3117 3145 3150 3192 -1
122 213 3106 3114 3117 3140 3144 3148 3173 3180 3192 -1
113 89 3144 -1
127 132 3114 3117 3180 -1
128 80 3117 3126 -1
136 99 3164 -1
172 123 3117 3126 3140 3150 3164 3173 -1
173 334 3136 -1
74 69 3117 -1
180 54 3136 -1
182 79 3192 -1
203 31 3192 -1
232 23 3192 -1
259 56 3192 -1
263 22 3106 -1
270 14 3144 -1
275 56 3117 -1
280 76 3136 -1
290 71 3117 -1
304 79 3136 -1
306 244 3114 3117 3144 3191 -1
308 142 3136 3150 -1
310 230 3136 -1
311 321 3117 3136 3144 -1
313 54 3117 -1
315 77 3117 -1
317 140 3136 -1
319 199 3192 -1
346 86 3104 3117 3173 3180 3192 -1
376 37 3150 -1
407 145 3130 -1
432 157 3148 -1
412 21 3130 -1
457 732 3106 3117 3125 3136 3140 3144 3192 -1
465 17 3180 -1
546 142 3136 -1
553 22 3136 -1
556 121 3136 3192 -1
572 5 3192 -1
600 214 3136 3164 3192 -1
626 31 3136 -1
634 150 3192 -1
646 17 3140 3150 -1
635 66 3148 -1
650 98 3117 3130 -1
689 47 3173 3180 -1
695 118 3117 -1
707 123 3136 -1
722 264 3117 3140 3145 3173 -1
727 32 3104 -1
737 232 3106 -1
697 100 3106 -1
759 77 3136 -1
763 68 3130 -1
764 34 3192 -1
766 773 3103 3104 3114 3117 3125 3140 3144 3148 3150 3192 -1
769 146 3148 -1
784 224 3117 -1
789 317 3103 3106 3191 -1
794 18 3136 -1
805 90 3192 -1
813 272 3103 3148 3173 3192 -1
826 249 3105 3117 3130 3136 3140 3150 -1
825 165 3103 3117 3125 3140 3148 3192 -1
856 91 3191 -1
879 122 3125 3148 3180 -1
918 17 3136 -1
937 46 3117 -1
941 80 3117 3136 3164 -1
946 110 3117 -1
948 29 3148 -1
960 22 3136 -1
978 65 3136 -1
982 47 3173 -1
988 292 3114 3126 3140 3148 3150 3164 3173 3180 -1
993 238 3117 3130 3136 -1
994 45 3192 -1
996 297 3103 3106 3117 3140 3148 3192 -1
1000 60 3140 3150 3191 -1
1006 138 3136 -1
1013 23 3164 -1
1009 44 3148 -1
1024 41 3125 3145 3150 3164 -1
1031 19 3104 -1
1032 39 3136 -1
1037 86 3130 -1
1051 46 3180 -1
1055 196 3103 3117 3136 3140 3192 -1
1062 156 3117 3192 -1
1063 29 3103 -1
872 29 3136 -1
1075 74 3192 -1
1097 88 3117 3155 3192 -1
1098 305 3117 3130 3150 -1
1111 60 3192 -1
1102 15 3173 -1
1129 62 3140 -1
1132 57 3173 -1
1133 399 3125 3136 3140 3144 3191 3192 -1
1135 115 3130 -1
1137 135 3117 3192 -1
1150 8 3136 -1
1151 472 3114 3117 3136 3144 3192 -1
1156 4 3130 -1
922 149 3136 -1
1166 599 3106 3117 3126 3136 3140 3145 3150 3155 3164 3173 3191 3192 -1
1167 158 3130 3164 -1
1185 43 3136 -1
1196 9 3193 -1
1200 107 3126 3138 3140 3145 3150 3164 -1
1202 66 3136 -1
1210 218 3148 -1
1211 79 3117 -1
1215 65 3130 -1
1230 33 3117 -1
1236 103 3117 -1
1247 77 3106 3171 -1
1296 9 3192 -1
1297 76 3140 -1
1305 290 3114 3117 3126 3140 3148 3150 3164 3173 3193 -1
1316 7 3192 -1
1319 181 3117 3130 3136 -1
1352 121 3136 -1
1353 30 3192 -1
1360 22 3117 3140 3150 -1
1354 8 3136 -1
1357 91 3117 3130 3192 -1
1367 40 3173 -1
1374 462 3114 3117 3136 3164 -1
1381 52 3144 3173 3192 -1
1384 37 3180 -1
1385 35 3164 -1
1395 199 3136 3150 3192 -1
1416 13 3140 -1
1424 52 3117 3126 3130 3155 -1
1428 183 3104 3117 3136 3192 -1
1463 26 3136 3144 -1
1469 7 3171 -1
1470 156 3117 3130 -1
1471 72 3180 -1
1473 91 3136 -1
1487 117 3130 -1
1492 157 3117 -1
1496 210 3136 -1
1500 48 3117 3193 -1
1501 38 3117 3140 3171 -1
1521 99 3117 3136 -1
1522 139 3125 3130 -1
1525 35 3136 -1
1538 81 3155 -1
1537 68 3140 -1
1552 81 3130 -1
1549 587 3103 3104 3117 3130 3136 3138 3140 3144 3148 3150 3164 3192 -1
1550 42 3117 3180 3192 -1
1555 79 3136 -1
1566 46 3173 3192 -1
1569 3 3136 -1
1570 4 3136 3164 -1
1010 6 3148 -1
1583 87 3130 3145 -1
1585 102 3136 -1
1592 30 3117 3140 3164 -1
1594 114 3117 3136 3192 -1
1596 29 3117 -1
1571 24 3136 -1
1604 4 3136 -1
1608 355 3117 3136 3150 3180 3192 -1
1614 73 3136 -1
1615 162 3136 -1
1621 80 3117 -1
1622 50 3117 3136 -1
1623 39 3140 -1
1661 66 3144 3145 -1
1687 6 3125 -1
1691 50 3150 -1
1697 70 3136 3164 -1
1700 93 3136 -1
1711 9 3136 -1
1717 96 3136 3144 -1
1719 10 3117 -1
1688 25 3144 3192 -1
1748 76 3117 3191 -1
1749 68 3130 3173 -1
1769 67 3117 3125 -1
1772 141 3136 -1
1751 35 3180 -1
1783 57 3130 -1
1808 129 3130 3136 -1
1813 41 3117 3125 3144 -1
1814 105 3117 3130 3140 3150 -1
1820 90 3117 -1
1821 7 3117 -1
1835 73 3148 -1
1837 28 3104 -1
1833 6 3164 -1
1847 47 3103 3130 -1
1855 12 3136 -1
1874 9 3192 -1
1875 33 3130 3193 -1
1885 44 3130 3136 3155 -1
1896 51 3117 -1
1919 112 3117 3136 -1
1922 204 3117 3126 3140 3145 3150 3155 3164 -1
1925 22 3136 -1
1937 13 3192 -1
1935 7 3192 -1
1947 15 3117 -1
1951 29 3114 -1
1962 31 3136 -1
1967 31 3117 3140 -1
1972 181 3114 3117 3140 3148 3150 3173 3180 -1
1980 47 3117 -1
1991 66 3130 3140 3150 -1
1997 88 3136 -1
2001 39 3191 -1
2009 63 3173 -1
2033 22 3192 -1
698 11 3117 -1
2062 121 3117 3192 -1
2065 50 3130 3164 3192 -1
2093 55 3106 3117 -1
2102 45 3171 -1
2105 11 3114 -1
2109 47 3117 3192 -1
2114 39 3117 3140 -1
2118 113 3125 -1
2120 122 3104 3126 3193 -1
2129 44 3144 -1
2134 14 3125 3192 -1
2135 146 3117 3126 -1
2145 145 3125 3130 3140 -1
2160 26 3140 3145 3150 3164 -1
2174 65 3155 -1
2176 17 3164 -1
2186 61 3148 3192 -1
2209 31 3148 -1
2214 3 3136 -1
2217 11 3125 -1
2223 15 3125 -1
2234 14 3145 3150 -1
2230 49 3104 3130 -1
2231 66 3104 3171 -1
2229 143 3126 3140 3144 3145 3148 3150 3155 3164 3173 3192 -1
2236 75 3117 3126 3140 3145 3150 3164 -1
2237 241 3114 3117 3125 3140 3144 3148 3150 3164 3192 -1
2240 108 3130 -1
2246 8 3130 -1
2256 247 3117 -1
2257 49 3117 -1
2274 48 3130 3155 3193 -1
2290 120 3114 3117 3148 3173 -1
2289 14 3117 -1
2297 164 3150 3192 -1
2298 48 3117 3144 3145 -1
2299 67 3117 -1
2307 7 3117 -1
2323 111 3103 3130 -1
2326 252 3114 3117 3148 3173 3180 3192 -1
2328 215 3114 3148 3192 -1
2352 2 3117 -1
2365 77 3117 3180 -1
2368 17 3117 -1
2369 189 3106 -1
2371 124 3104 3117 3126 3140 3144 3150 3164 3173 3192 -1
2375 49 3192 -1
2376 26 3117 -1
2381 71 3192 -1
2379 45 3192 -1
2384 72 3192 -1
2398 62 3117 3130 3180 -1
2411 141 3104 3117 3126 3140 3148 -1
2416 37 3150 -1
2472 75 3117 3150 3164 -1
2473 103 3126 3145 -1
2476 35 3140 3145 3150 -1
2485 324 3103 3114 3117 3125 3144 3145 3148 3164 3173 3192 -1
2497 38 3104 3193 -1
2504 100 3117 -1
2510 68 3130 -1
2535 47 3103 -1
2547 105 3126 3150 -1
2549 70 3117 -1
2550 26 3164 3171 -1
2559 82 3117 3140 3148 3173 -1
2560 180 3114 3140 3145 3164 3173 3180 -1
2564 50 3164 -1
2565 893 3103 3106 3114 3117 3125 3126 3140 3144 3145 3148 3150 3164 3173 3192 -1
2576 146 3106 3117 3125 3148 -1
2578 12 3130 -1
2585 60 3117 3192 -1
2593 32 3117 -1
2594 45 3104 3130 -1
2595 49 3117 -1
2597 2 3145 -1
2474 142 3117 -1
2605 64 3104 -1
2611 7 3130 -1
2614 5 3130 -1
2615 2 3130 -1
2617 22 3117 3130 -1
2618 53 3130 3148 3164 -1
2619 46 3103 3164 -1
2620 24 3193 -1
2645 7 3192 -1
2646 39 3144 -1
2651 269 3114 3117 3125 3130 3140 3144 3148 3180 -1
2653 113 3114 3117 3125 3173 3192 -1
2657 44 3130 3173 3180 -1
2658 307 3106 3114 3173 -1
2674 103 3114 3148 3164 -1
2683 13 3126 -1
2699 74 3106 3117 3148 -1
2700 168 3114 3117 3148 3173 3180 -1
2686 156 3117 3126 3140 3145 3150 3164 3191 3193 -1
2702 80 3117 3140 3150 3164 -1
2688 618 3103 3104 3114 3125 3130 3140 3144 3145 3148 3150 3155 3164 3173 3191 3192 -1
2704 75 3104 3117 3126 3140 3145 3150 3155 3164 -1
2660 164 3114 3125 3150 3192 -1
2667 126 3106 3191 -1
2690 26 3117 3164 -1
2691 44 3103 3106 3117 3125 3130 -1
2693 149 3106 3114 3117 3148 -1
2696 64 3125 3144 3173 3192 -1
2697 45 3192 -1
2719 21 3180 -1
2737 16 3106 -1
2747 79 3114 3117 3125 3148 -1
2746 25 3171 -1
2765 29 3117 -1
2790 173 3114 3117 3125 3130 3155 3173 3180 -1
2804 16 3148 -1
2654 104 3109 3126 3140 3148 3171 3180 3193 -1
2834 5 3117 -1
2831 39 3103 -1
2832 50 3125 3144 -1
2838 21 3117 -1
2851 44 3144 -1
2856 5 3126 -1
2859 139 3144 3155 -1
2871 282 3106 3114 3117 3126 3140 3145 3150 3164 3192 -1
2872 87 3145 3180 -1
2883 28 3103 -1
2904 18 3104 3117 3164 -1
2909 57 3125 3130 3144 -1
2912 33 3104 -1
2923 35 3117 -1
2932 62 3140 3192 -1
2940 123 3114 3117 3148 -1
2936 8 3148 -1
2948 26 3117 3130 3140 3150 3164 3193 -1
2958 47 3117 3125 -1
2964 70 3192 -1
2967 238 3117 3140 3148 3173 3192 -1
2968 55 3117 -1
2972 357 3103 3125 3140 3144 3192 -1
2978 6 3155 3164 -1
2987 9 3126 3130 -1
2988 55 3173 3192 -1
2989 10 3173 3192 -1
3000 43 3144 -1
3001 7 3192 -1
3009 51 3103 3140 3144 3148 -1
3010 123 3103 3114 3117 3148 3173 -1
2707 103 3130 3144 3180 -1
3018 19 3140 -1
3020 52 3130 -1
3024 52 3109 3114 3117 -1
3026 175 3103 3106 3117 3144 3148 3173 3180 3192 -1
3028 189 3130 -1
3031 50 3130 3145 3150 3173 -1
3032 216 3106 3140 3145 3173 3180 3192 -1
3033 45 3150 3164 -1
3034 38 3106 -1
2713 200 3117 3125 3144 3148 3173 3180 3192 -1
3039 14 3130 -1
3041 14 3140 3150 -1
3044 6 3117 -1
3056 44 3104 3148 -1
3053 9 3117 -1
3055 52 3148 3180 -1
3057 48 3106 3148 3173 -1
3059 32 3173 3192 -1
3047 12 3117 -1
2356 57 3117 3140 -1
3061 2 3164 -1
3062 42 3126 3140 3150 3155 -1
3070 2 3164 -1
3072 25 3117 -1
3073 34 3130 -1
3081 20 3117 -1
3084 62 3117 -1
3098 37 3126 3140 3145 3150 3164 -1
3095 37 3126 3140 -1
3102 1 3104 -1
3103 5 3104 -1
2842 124 3114 3117 3148 3192 3193 -1
3110 21 3103 3117 -1
3112 1 3117 -1
3113 1 3117 -1
2003 63 3117 -1
3114 1 3117 -1
3115 5 3117 -1
3123 3 3130 -1
3124 2 3130 -1
3125 16 3130 -1
3126 1 3130 -1
3127 15 3130 -1
3128 1 3130 -1
3129 2 3130 -1
3131 1 3136 -1
3132 3 3136 3164 -1
3135 1 3136 -1
3133 1 3136 -1
3134 1 3136 -1
3137 4 3138 3140 -1
3144 88 3106 3148 3193 -1
3145 18 3125 3140 -1
3149 1 3150 -1
3158 1 3164 -1
3159 9 3164 3192 -1
3160 2 3164 -1
3162 3 3164 -1
3163 1 3164 -1
3168 79 3117 3180 3192 -1
3172 13 3180 -1
3173 7 3192 -1
3190 10 3192 -1
3188 20 3117 -1
3194 1 3195 -1
3191 68 3103 -1
3200 8 3114 -1
3225 13 3192 -1
3258 95 3117 3173 3192 -1
3275 14 3117 -1
3276 79 3117 3173 3180 -1
3297 51 3117 -1
3304 31 3114 3173 -1
3290 36 3117 -1
3326 18 3192 -1
3333 15 3148 -1
3343 13 3117 -1
3350 55 3103 3117 3144 -1
3352 273 3103 3106 3114 3117 3125 3140 3144 3173 3180 3192 -1
3373 12 3192 -1
3380 42 3148 3173 -1
3394 156 3103 3117 3125 3144 3173 3180 -1
3402 122 3103 3106 3144 3180 -1
3404 89 3103 3114 3148 3191 -1
3417 30 3173 -1
3439 88 3140 3148 -1
3447 271 3103 -1
3449 314 3103 3106 3125 3140 3144 -1
3450 27 3140 -1
3451 98 3140 3144 -1
3452 131 3103 3125 -1
3453 319 3103 3106 3125 3140 3144 -1
3454 148 3117 3125 3180 -1
3456 241 3103 3125 3140 3144 3192 -1
3457 166 3103 3117 3125 3140 3144 3192 -1
3458 69 3191 -1
3459 92 3103 -1
3461 101 3140 -1
3462 54 3192 -1
3463 56 3106 3125 3140 3144 -1
3469 23 3192 -1
3470 21 3148 3173 -1
3479 102 3125 3192 -1
3481 17 3117 -1
3482 24 3114 -1
3477 53 3117 3173 -1
3488 16 3117 -1
3498 114 3180 -1
3519 48 3117 -1
3521 29 3117 3125 -1
3522 71 3192 -1
3523 28 3109 3114 3148 -1
3527 64 3117 -1
3386 12 3117 -1
3541 81 3117 -1
3560 16 3125 -1
3567 18 3148 -1
3568 147 3103 3114 3125 3192 -1
3569 42 3148 3173 -1
3598 4 3173 3192 -1
3595 2 3173 -1
3599 1 3173 -1
3600 12 3173 -1
3601 52 3173 -1
3596 1 3173 -1
3597 13 3173 3192 -1
3610 4 3148 -1
3611 22 3114 3148 -1
3614 205 3103 3106 3192 -1
3615 144 3117 3125 3140 3180 3192 -1
3618 1 3148 -1
3619 1 3148 -1
3624 64 3125 -1
3629 4 3114 -1
3630 32 3117 -1
3631 91 3180 3192 -1
3633 48 3117 -1
3634 82 3144 -1
3635 63 3117 3180 3192 -1
3637 4 3117 -1
3639 12 3144 -1
3641 212 3103 3117 3191 3192 -1
3642 362 3191 -1
3645 40 3125 3144 -1
3658 39 3192 -1
3659 38 3117 -1
3660 87 3117 3144 3180 -1
3661 36 3180 3192 -1
3666 144 3106 3180 3191 3192 -1
3667 6 3117 -1
3682 75 3180 -1
3691 95 3106 -1
2067 3 3114 -1
3719 14 3117 -1
3724 93 3117 3125 3144 3192 -1
3571 45 3144 -1
3728 85 3106 3192 -1
3748 30 3192 -1
3767 16 3117 3192 -1
3770 22 3180 -1
3775 12 3180 -1
3787 232 3140 3191 3192 -1
3798 23 3117 3180 -1
3806 45 3144 3192 -1
3812 53 3125 3180 -1
3813 94 3144 3192 -1
3814 47 3125 3144 3180 -1
3854 82 3192 -1
3863 5 3192 -1
3648 9 3117 -1
3876 3 3117 -1
3878 1 3117 -1
3877 13 3117 -1
3917 29 3125 3144 -1
3922 7 3191 -1
3925 7 3144 -1
3948 26 3144 3180 -1
3956 85 3180 -1
3961 16 3180 -1
3969 90 3103 3125 3144 -1
3971 7 3192 -1
3973 33 3192 -1
3976 145 3180 -1
3985 32 3140 -1
4007 15 3192 -1
4020 6 3192 -1
4036 147 3103 -1
4040 104 3106 -1
4041 68 3103 -1
4045 257 3106 3125 3140 3144 -1
4056 23 3106 -1
4062 4 3125 -1
4063 27 3125 -1
4077 77 3103 -1
4065 131 3125 3140 3144 -1
4070 111 3103 3106 3144 -1
4071 17 3192 -1
4073 115 3191 3192 -1
4099 155 3191 -1
4111 16 3125 -1
4127 41 3192 -1
4128 9 3192 -1
4136 26 3192 -1
4137 7 3192 -1
4138 64 3125 3144 3192 -1
4141 5 3125 -1
4142 37 3125 3144 3192 -1
4144 76 3191 -1
4151 84 3125 3144 -1
4152 43 3125 3144 -1
4189 11 3192 -1
4191 20 3125 -1
4197 7 3144 -1
4214 9 3144 -1
4216 1 3140 -1
4219 112 3106 -1
4222 41 3125 3140 -1
4275 5 3192 -1
4273 23 3192 -1
4276 52 3192 -1
213 1 3192 -1
4277 1 3192 -1
4274 1 3192 -1
4278 1 3192 -1
4279 1 3192 -1
4280 1 3192 -1
4295 17 3125 -1
4297 38 3125 -1
4298 9 3125 -1
4324 8 3140 -1
4363 22 3106 -1
4371 6 3125 -1
4433 24 3125 -1
4437 70 3140 -1
4441 202 3103 3106 -1
4448 36 3140 -1
4465 4 3144 -1
4469 1 3144 -1
4504 2 3125 -1
4502 2 3125 -1
4503 1 3125 -1
4531 14 3140 -1
4547 45 3140 -1
4550 100 3103 -1
4563 11 3140 -1
4564 33 3140 -1
4569 1 3140 -1
4625 4 3103 -1
4632 228 3106 3191 -1
4653 114 3106 -1
4709 25 3106 -1
4715 11 3103 -1
4718 46 3103 -1
4726 15 3106 -1
4829 78 3103 -1
4899 169 3103 -1
4948 214 3103 3106 -1
4967 361 3103 3191 -1
4982 43 3106 -1
5009 14 3106 -1
5022 172 3191 -1
5020 139 3103 3106 3191 -1
5029 26 3103 -1
5079 271 3103 3191 -1
5106 33 3103 -1
5110 84 3103 -1
5139 11 3191 -1
5140 51 3106 -1
5155 24 3106 -1
5176 139 3103 3191 -1
5177 101 3191 -1
5184 68 3103 -1
5189 312 3103 3191 -1
5190 80 3103 -1
5195 4 3106 -1
5233 24 3103 3106 -1
5243 19 3103 -1
5246 44 3191 -1
5250 14 3106 -1
5247 2 3106 -1
5248 2 3106 -1
5249 1 3106 -1
5262 59 3191 -1
5263 75 3191 -1
5296 16 3103 -1
5321 32 3191 -1
5324 16 3191 -1
5361 6 3191 -1
5382 19 3103 -1
5395 1 3103 -1
5457 44 3191 -1
5624 28 3191 -1
5684 18 3191 -1
5691 49 3191 -1
5697 230 3191 -1
5708 7 3191 -1
5783 23 3191 -1
5809 21 3191 -1
5834 6 3191 -1
5871 50 3191 -1
5939 3 3191 -1
5960 4 3191 -1