3 23 8283 -1
25 90 8282 8284 -1
4 29 8282 -1
6 302 8282 8290 -1
7 24 8283 8287 -1
8 182 8284 -1
11 743 8286 8287 8290 8291 8293 -1
12 65 8287 8291 -1
14 114 8285 8287 -1
15 50 8287 8292 -1
20 187 8288 -1
23 74 8288 -1
28 133 8282 8284 8285 -1
36 227 8282 -1
26 95 8282 -1
42 89 8287 -1
44 44 8295 -1
46 59 8287 -1
47 146 8212 8282 8294 -1
29 150 8294 -1
56 24 8287 8290 -1
58 38 8237 -1
72 164 8295 -1
75 31 8284 8285 -1
78 41 8287 -1
79 53 8284 8287 -1
81 18 8287 -1
83 8 8287 -1
86 122 8291 -1
87 195 8212 8287 -1
90 72 8287 -1
94 80 8282 -1
99 24 8237 -1
31 15 8285 8286 8287 -1
104 30 8287 -1
68 275 8287 8293 8295 -1
107 4 8287 -1
108 2 8283 -1
109 190 8237 8291 8297 -1
110 95 8285 8287 8288 -1
121 9 8283 8285 -1
122 213 8293 8294 -1
113 89 8285 8287 8292 -1
124 3 8283 -1
127 132 8293 8294 -1
128 80 8290 8291 8292 -1
139 37 8288 -1
147 58 8295 -1
151 74 8288 -1
152 21 8287 -1
154 61 8282 -1
172 123 8291 8293 -1
173 334 8290 8291 -1
74 69 8290 -1
178 63 8288 -1
166 93 8294 -1
187 37 8291 -1
192 19 8283 8287 -1
125 29 8283 8287 -1
215 100 8283 8290 8291 -1
259 56 8294 -1
296 10 8282 -1
302 13 8283 -1
306 244 8288 8290 8294 -1
311 321 8290 8295 -1
313 54 8290 8292 -1
317 140 8288 -1
319 199 8288 -1
336 31 8287 -1
341 47 8290 -1
346 86 8293 -1
352 9 8287 -1
364 14 8287 -1
366 14 8287 -1
367 5 8287 -1
372 4 8287 -1
101 16 8287 -1
400 12 8284 -1
407 145 8290 8293 -1
425 79 8291 8293 8295 -1
426 41 8282 8284 8287 -1
440 8 8284 -1
454 9 8287 -1
457 732 8209 8212 8219 8224 8226 8249 8290 8291 8292 8293 8295 -1
462 4 8287 -1
463 6 8287 -1
465 17 8283 8284 8294 -1
472 1 8284 -1
486 1 8286 -1
489 5 8287 -1
494 3 8287 -1
502 4 8287 -1
511 3 8293 -1
527 1 8287 -1
528 1 8287 -1
531 1 8287 -1
530 7 8287 -1
529 1 8287 -1
546 142 8290 8291 8292 -1
600 214 8212 8219 -1
620 14 8289 -1
634 150 8288 -1
686 83 8288 8290 -1
695 118 8292 -1
705 28 8289 -1
706 95 8291 -1
710 105 8289 8292 -1
722 264 8292 -1
737 232 8204 8212 8297 -1
759 77 8293 -1
764 34 8290 -1
766 773 8293 8294 -1
769 146 8294 -1
788 113 8295 -1
784 224 8209 8290 8291 8292 8293 -1
789 317 8290 8291 8295 -1
813 272 8293 8294 -1
826 249 8290 -1
825 165 8246 8293 -1
865 97 8292 8293 -1
904 119 8291 -1
907 9 8291 -1
787 12 8290 -1
937 46 8288 -1
941 80 8291 -1
954 34 8291 -1
961 16 8290 8291 -1
974 36 8294 -1
983 1 8288 -1
986 77 8290 8291 -1
988 292 8209 8212 8219 8224 8237 8293 -1
993 238 8290 -1
996 297 8290 8291 8292 8293 -1
1029 135 8289 -1
1037 86 8290 -1
1043 21 8290 -1
1050 44 8290 -1
1055 196 8294 -1
1062 156 8291 -1
1067 2 8290 -1
1098 305 8246 8290 8291 -1
1133 399 8290 8294 8295 -1
1151 472 8290 8291 8292 -1
922 149 8290 -1
1166 599 8290 8291 8292 8293 8294 8295 8297 -1
1167 158 8292 8293 -1
1185 43 8293 -1
1200 107 8293 -1
1202 66 8290 8291 -1
1207 26 8295 -1
1210 218 8292 -1
1211 79 8290 8294 -1
1243 5 8290 -1
1247 77 8249 -1
1253 51 8290 -1
1259 45 8293 -1
1297 76 8293 -1
1305 290 8292 8293 -1
1319 181 8290 8291 -1
1350 117 8290 8291 -1
1352 121 8290 -1
1374 462 8290 8292 8293 8294 8297 -1
1380 63 8292 -1
1384 37 8293 -1
1395 199 8293 -1
1419 41 8293 -1
1428 183 8290 -1
1184 79 8290 8292 -1
1441 41 8290 8291 -1
1462 48 8293 -1
1470 156 8292 8295 -1
1480 44 8290 -1
1487 117 8290 8293 -1
1489 64 8291 -1
1492 157 8290 -1
1496 210 8290 8291 8294 -1
1497 28 8292 -1
1521 99 8291 -1
1538 81 8290 -1
1542 244 8290 -1
1547 28 8290 -1
1549 587 8293 -1
1555 79 8290 8292 -1
1566 46 8290 -1
1576 1 8288 -1
1581 1 8292 -1
1587 5 8294 -1
1585 102 8291 8297 -1
1594 114 8290 -1
1608 355 8291 8293 8294 -1
1612 68 8212 8219 8224 8235 8237 8249 -1
1613 15 8290 -1
1615 162 8290 -1
1621 80 8290 -1
1623 39 8290 -1
1628 12 8290 -1
1644 48 8290 -1
1661 66 8293 -1
1564 27 8290 -1
1670 18 8290 -1
1700 93 8290 -1
1717 96 8292 8294 8295 -1
1729 19 8290 -1
1730 45 8294 -1
1746 7 8291 -1
1748 76 8249 8275 8291 -1
1749 68 8290 8293 -1
1757 16 8290 -1
1762 47 8297 -1
1766 27 8290 -1
1767 97 8293 -1
1772 141 8290 8291 8292 8293 -1
1783 57 8290 -1
1792 31 8290 -1
1796 38 8297 -1
1800 20 8291 -1
1803 19 8290 -1
1808 129 8290 8291 8293 -1
1814 105 8219 8224 8237 8293 8294 -1
1816 10 8290 -1
1820 90 8292 -1
1821 7 8291 -1
1835 73 8294 -1
1838 57 8290 8293 8294 -1
1832 6 8293 -1
1857 8 8290 8291 -1
1888 36 8290 8291 -1
1891 36 8293 -1
1896 51 8237 8290 8293 -1
1915 33 8295 -1
1919 112 8291 -1
1922 204 8292 8293 -1
1931 15 8212 -1
1962 31 8290 -1
1967 31 8290 -1
1972 181 8293 8294 -1
1977 34 8291 -1
1985 56 8290 -1
1990 36 8294 -1
1997 88 8290 -1
2001 39 8290 -1
2052 14 8291 -1
2062 121 8290 8291 -1
2065 50 8290 -1
2072 121 8290 8291 -1
2099 22 8290 -1
2105 11 8290 -1
2118 113 8290 -1
2120 122 8225 8290 -1
2129 44 8293 8294 -1
2133 129 8290 8291 -1
2139 3 8290 -1
2144 23 8294 -1
2145 145 8290 8293 8297 -1
2156 41 8290 8291 -1
2159 18 8290 -1
2160 26 8290 -1
2161 3 8290 -1
2169 32 8290 8291 8292 -1
2174 65 8291 -1
2223 15 8294 -1
2226 28 8291 -1
2234 14 8293 -1
2236 75 8291 -1
2237 241 8293 -1
2240 108 8290 8291 8293 8294 -1
2250 3 8291 -1
2251 25 8291 -1
2256 247 8291 8293 8294 -1
2258 95 8294 -1
2260 1 8291 -1
2261 1 8291 -1
2262 1 8291 -1
2153 4 8291 -1
2277 8 8291 -1
2278 4 8291 -1
2282 5 8290 -1
2290 120 8293 -1
2297 164 8209 8293 -1
2299 67 8294 -1
2314 3 8293 -1
2309 3 8293 -1
2316 3 8293 -1
2317 2 8293 -1
2318 2 8293 -1
2319 3 8293 -1
2320 2 8293 -1
2321 3 8293 -1
2323 111 8294 8295 -1
2326 252 8293 8294 -1
2328 215 8291 8293 8294 -1
2332 36 8293 -1
2357 12 8290 -1
2369 189 8212 8224 8295 -1
2376 26 8246 -1
2381 71 8292 8294 -1
2384 72 8293 -1
2398 62 8293 -1
2411 141 8293 8294 -1
2416 37 8291 -1
2472 75 8291 8293 -1
2473 103 8291 -1
2478 6 8292 -1
2485 324 8212 8295 -1
2504 100 8296 -1
2516 44 8295 -1
2535 47 8293 -1
2541 37 8293 -1
2542 93 8294 -1
2547 105 8293 8294 8295 -1
2550 26 8291 -1
899 24 8292 -1
2555 12 8292 -1
2566 32 8292 -1
2557 77 8290 8292 -1
2567 5 8292 -1
2559 82 8292 8294 -1
2560 180 8293 -1
2565 893 8209 8212 8219 8224 8237 8249 8292 8293 8294 -1
2576 146 8293 8295 -1
2585 60 8293 8294 -1
2593 32 8292 -1
2474 142 8294 -1
2612 29 8293 -1
2618 53 8293 8294 -1
2623 108 8293 -1
2646 39 8293 -1
2651 269 8293 8294 -1
2653 113 8294 -1
2655 49 8293 -1
2658 307 8209 8212 8219 8237 -1
2674 103 8293 8295 -1
2700 168 8294 -1
2686 156 8293 8295 -1
2703 61 8293 -1
2688 618 8293 8294 8295 -1
2691 44 8293 -1
2692 19 8293 -1
2693 149 8293 8295 -1
2706 18 8293 -1
2695 7 8294 -1
2719 21 8293 -1
2728 3 8291 -1
2755 1 8291 -1
2790 173 8293 -1
2791 15 8293 -1
2822 43 8292 -1
2654 104 8294 -1
2835 1 8292 -1
2851 44 8212 -1
2859 139 8293 8294 -1
2871 282 8293 8294 -1
2872 87 8293 8294 -1
2467 4 8293 -1
2909 57 8294 -1
2948 26 8293 -1
2964 70 8293 8294 -1
2967 238 8293 8294 -1
2972 357 8294 8295 -1
2974 15 8293 -1
2983 28 8212 8224 8237 8249 -1
3000 43 8297 -1
3010 123 8293 8294 -1
3020 52 8293 -1
3026 175 8293 -1
3028 189 8294 -1
3032 216 8297 -1
2713 200 8293 8294 -1
3046 10 8293 -1
3055 52 8293 -1
3047 12 8293 -1
3072 25 8293 -1
3084 62 8293 8294 -1
3088 37 8237 -1
3092 81 8295 8296 -1
2842 124 8293 8294 -1
3109 9 8227 -1
2003 63 8209 -1
3142 49 8209 8212 8219 8237 8249 8293 -1
3159 9 8293 -1
3168 79 8293 8294 -1
3192 56 8294 -1
3209 41 8293 -1
3216 2 8293 -1
3235 1 8293 -1
3233 3 8293 -1
3258 95 8293 -1
3276 79 8293 8294 -1
3291 58 8293 8295 -1
3297 51 8293 -1
3304 31 8293 -1
3310 18 8212 -1
3290 36 8293 -1
3320 5 8295 -1
3323 2 8293 -1
3348 25 8297 -1
3352 273 8293 8294 -1
3366 63 8295 -1
3380 42 8209 8219 -1
3394 156 8294 -1
3036 7 8293 -1
3404 89 8263 8293 -1
3422 3 8293 -1
3423 1 8293 -1
3416 1 8293 -1
3424 1 8293 -1
3425 2 8293 -1
3418 1 8293 -1
3417 30 8293 -1
3426 1 8293 -1
3439 88 8295 -1
3447 271 8295 -1
3449 314 8295 -1
3451 98 8294 -1
3454 148 8293 8294 -1
3456 241 8295 -1
3461 101 8295 8296 -1
3470 21 8293 -1
3477 53 8294 -1
3492 3 8293 -1
3493 1 8293 -1
3490 2 8293 -1
3494 1 8293 -1
3495 3 8293 -1
3427 1 8293 -1
3496 10 8293 -1
3491 2 8293 -1
2524 7 8293 -1
3497 1 8293 -1
3498 114 8293 8294 -1
3499 3 8293 -1
3500 1 8293 -1
3518 6 8294 -1
3562 40 8294 -1
3568 147 8294 -1
3586 156 8295 -1
3591 13 8294 -1
3615 144 8293 8294 -1
3631 91 8293 8295 -1
3633 48 8294 -1
3634 82 8295 -1
3641 212 8294 -1
3642 362 8295 -1
3646 9 8294 -1
3655 9 8294 -1
3659 38 8293 -1
3660 87 8294 -1
3666 144 8294 8295 -1
3714 15 8294 -1
3728 85 8294 8295 8296 -1
3751 11 8295 -1
3720 11 8294 -1
3767 16 8293 -1
3775 12 8294 -1
3786 99 8293 8295 -1
3787 232 8219 8224 8237 8295 -1
3792 27 8297 -1
3804 5 8294 -1
3812 53 8293 8294 -1
3813 94 8294 -1
3814 47 8293 8294 -1
3910 33 8295 -1
3912 17 8293 -1
3918 4 8294 -1
3925 7 8295 -1
3948 26 8294 -1
3949 30 8294 -1
3965 89 8209 8237 8294 -1
3976 145 8295 8296 -1
3977 14 8294 -1
3991 7 8293 8294 -1
4000 4 8293 -1
4007 15 8294 -1
4025 1 8293 -1
4026 2 8293 -1
4027 6 8293 -1
4028 1 8293 -1
4036 147 8294 -1
4037 15 8294 -1
4040 104 8204 8212 8219 8224 8226 8294 -1
2981 44 8295 -1
4045 257 8295 -1
4056 23 8294 -1
4083 1 8294 -1
4082 15 8294 -1
4099 155 8295 -1
4219 112 8296 -1
4221 42 8295 -1
4338 40 8295 -1
4335 32 8297 -1
4347 55 8212 8224 -1
4355 50 8295 -1
4432 8 8212 -1
4441 202 8209 8212 8219 8237 -1
4468 18 8295 -1
4476 16 8225 8246 -1
4483 153 8209 8295 -1
4550 100 8295 -1
4632 228 8209 8237 8295 -1
4653 114 8295 -1
4674 3 8212 -1
4686 57 8295 -1
4712 121 8295 8297 -1
4894 79 8295 8296 -1
4915 6 8224 -1
4948 214 8209 8212 8219 8237 -1
4967 361 8295 8296 -1
4980 16 8295 -1
5022 172 8295 8297 -1
5020 139 8295 -1
5079 271 8224 8277 8295 -1
5096 14 8209 -1
5106 33 8212 8219 -1
5102 54 8212 -1
5103 127 8212 8219 8224 -1
4828 168 8249 8277 8295 8296 -1
5173 122 8204 8209 8224 -1
4795 73 8224 8295 -1
5176 139 8295 8296 -1
5177 101 8295 8297 -1
4310 278 8297 -1
5179 217 8295 -1
5181 41 8295 -1
5185 152 8219 8237 8297 -1
5188 211 8295 -1
5189 312 8209 8224 8249 8295 8296 -1
5190 80 8295 8296 -1
5194 10 8295 -1
5243 19 8295 -1
5301 61 8295 -1
5323 3 8295 -1
5324 16 8295 -1
5342 30 8209 8297 -1
5378 17 8209 8219 8224 8237 -1
5404 40 8249 -1
5427 37 8295 -1
5452 17 8295 -1
5457 44 8295 -1
5482 12 8212 -1
5485 21 8296 -1
5462 19 8296 -1
5524 389 8209 8219 8224 8295 8297 -1
5531 243 8295 8297 -1
5532 26 8295 -1
5534 14 8295 -1
5582 105 8297 -1
5596 30 8295 -1
5612 66 8295 -1
5624 28 8295 -1
5644 21 8295 -1
5655 139 8224 8225 8249 -1
5691 49 8295 -1
5696 50 8295 -1
5741 13 8224 -1
5768 13 8295 -1
5776 14 8295 -1
5800 222 8219 8246 8249 8271 8297 -1
5802 385 8209 8212 8219 8225 8297 -1
5806 83 8224 8275 8295 -1
5811 79 8295 -1
5812 41 8295 -1
5814 144 8246 8295 8297 -1
5816 84 8295 8297 -1
5817 75 8297 -1
5818 67 8249 8295 -1
5822 98 8275 8295 -1
5829 12 8295 -1
5836 11 8295 -1
5857 92 8212 8295 -1
5859 16 8224 8246 8249 -1
5862 24 8295 -1
5872 27 8212 8249 -1
5908 19 8224 8237 -1
5916 9 8295 -1
5871 50 8295 -1
5932 33 8295 -1
5966 7 8219 -1
6000 10 8276 -1
6006 68 8209 8224 -1
4409 7 8275 -1
6024 17 8295 -1
6072 54 8212 8224 -1
6204 12 8295 -1
6220 18 8246 8297 -1
6229 19 8212 -1
6227 2 8212 -1
6241 75 8212 8219 -1
6243 35 8297 -1
6270 88 8295 -1
6271 11 8295 -1
6272 76 8295 -1
6273 1 8295 -1
6274 9 8295 -1
6275 1 8295 -1
6276 1 8295 -1
6299 78 8297 -1
6305 190 8219 8297 -1
6359 81 8297 -1
6327 108 8297 -1
6398 29 8224 8235 8249 8297 -1
6443 70 8224 -1
6452 2 8297 -1
6483 28 8297 -1
6525 17 8297 -1
6550 9 8249 -1
6577 10 8297 -1
6596 177 8209 8212 8219 8237 8249 -1
6618 91 8276 -1
6706 3 8297 -1
6744 2 8297 -1
6745 1 8297 -1
6746 2 8297 -1
4401 9 8227 -1
6766 22 8224 -1
6809 2 8249 -1
6859 11 8204 8226 -1
6875 15 8212 -1
6885 19 8249 -1
6907 191 8209 8219 8237 -1
6916 54 8219 8224 8226 8235 8275 -1
6924 16 8224 8237 -1
6951 47 8204 8249 -1
7043 14 8219 8226 8235 8249 8275 -1
7053 31 8224 8235 -1
7047 161 8204 8209 8212 8224 8225 8226 8235 8237 8246 8249 8263 8275 8276 8277 -1
7056 37 8209 8226 -1
7057 118 8209 8224 8237 -1
7086 123 8209 8212 8219 8224 8237 -1
7198 8 8219 8224 8225 8226 -1
7237 15 8224 -1
7238 9 8212 -1
7280 89 8209 -1
7295 13 8249 -1
7335 15 8276 -1
7350 21 8224 -1
7357 9 8204 8219 -1
7386 25 8249 8275 8277 -1
7391 52 8209 8212 8224 8249 -1
7393 12 8237 -1
7449 39 8219 8224 -1
7544 11 8226 -1
7564 31 8219 -1
7675 25 8212 -1
7677 12 8224 -1
7679 26 8219 8235 -1
7682 36 8209 -1
7685 13 8219 -1
7695 3 8224 -1
7744 50 8209 8219 8225 8249 8263 -1
7772 20 8204 8212 8237 8249 8276 -1
7774 35 8209 8212 -1
7810 9 8224 -1
7865 24 8212 8275 -1
7901 30 8209 8212 8219 8224 -1
7902 21 8209 8224 -1
7906 10 8212 8219 8224 -1
7967 4 8249 -1
8037 1 8246 -1
8045 7 8235 8246 8271 -1
8046 16 8212 8246 8249 8263 -1
8047 20 8219 8224 8237 8249 8276 -1
8048 3 8235 -1
8051 8 8219 8237 8246 8249 -1
8053 20 8209 8219 8224 8235 8237 8249 8263 -1
8092 5 8219 -1
8094 4 8275 8276 -1
8107 13 8249 -1
8152 10 8209 8212 -1
8189 4 8276 -1
8204 2 8212 -1
8211 11 8212 8237 8249 -1
8221 1 8219 -1
8222 6 8224 8249 -1
8050 9 8246 8249 8263 -1
8236 1 8237 -1
8243 6 8263 -1
8248 1 8249 -1
8229 1 8249 -1
8150 2 8275 8276 -1
8274 2 8275 8275 -1