25 90 3755 -1
6 302 3755 -1
11 743 3748 3755 3787 -1
15 50 3755 -1
20 187 3755 -1
24 309 3748 3792 -1
47 146 3720 3755 -1
53 39 3717 3755 -1
29 150 3717 3720 -1
75 31 3755 -1
109 190 3752 3792 -1
122 213 3772 3776 -1
127 132 3713 3769 -1
132 29 3769 -1
147 58 3787 -1
178 63 3755 -1
182 79 3787 -1
215 100 3755 -1
263 22 3726 -1
302 13 3724 -1
306 244 3713 3720 -1
311 321 3755 -1
319 199 3748 3752 3796 -1
341 47 3755 -1
371 117 3755 3796 -1
391 1 3776 -1
398 7 3792 -1
432 157 3796 -1
456 5 3755 -1
457 732 3724 3726 3755 3769 3796 -1
465 17 3717 -1
536 5 3755 -1
559 4 3755 -1
600 214 3755 3769 -1
634 150 3755 3796 -1
659 14 3755 -1
664 13 3755 -1
686 83 3755 -1
688 5 3720 -1
706 95 3755 -1
722 264 3755 3796 -1
737 232 3726 3792 -1
763 68 3752 -1
764 34 3755 -1
766 773 3720 3724 3726 3748 3752 3769 3772 3776 3787 3792 3796 -1
769 146 3755 -1
788 113 3755 -1
781 8 3755 -1
784 224 3720 3755 -1
789 317 3748 3755 -1
810 34 3755 -1
813 272 3713 3724 3748 -1
822 11 3748 -1
826 249 3755 -1
825 165 3748 3796 -1
852 39 3755 -1
879 122 3745 -1
904 119 3755 -1
908 9 3755 -1
935 22 3796 -1
959 12 3755 -1
960 22 3769 -1
974 36 3769 -1
988 292 3745 3769 -1
996 297 3796 -1
1024 41 3748 -1
1029 135 3755 -1
1032 39 3720 3787 -1
1037 86 3724 -1
1055 196 3755 -1
1074 95 3792 -1
1098 305 3726 -1
1125 37 3769 3796 -1
1129 62 3755 -1
1133 399 3724 3748 3787 3796 -1
1137 135 3748 3755 3796 -1
1151 472 3726 3752 3792 3796 -1
1164 39 3755 -1
1166 599 3724 3755 3796 -1
1167 158 3720 3755 -1
1193 31 3755 -1
1196 9 3769 -1
1204 61 3755 -1
1211 79 3720 -1
1235 20 3755 -1
1241 35 3755 -1
1261 8 3755 -1
1286 65 3755 -1
1297 76 3755 -1
1305 290 3713 3717 3769 3772 -1
1319 181 3726 3755 3787 -1
1331 6 3755 -1
1336 8 3792 -1
1350 117 3755 -1
1354 8 3769 -1
1358 18 3755 -1
1368 33 3717 3755 3772 3785 -1
1369 1 3755 -1
1370 1 3755 -1
1374 462 3720 3726 3752 3755 -1
1382 17 3745 -1
1377 33 3755 -1
1381 52 3748 3755 -1
1384 37 3717 3755 -1
1390 32 3755 -1
1428 183 3717 -1
1457 5 3748 -1
1469 7 3755 -1
1483 52 3755 -1
1496 210 3772 -1
1521 99 3755 -1
1522 139 3724 -1
1538 81 3755 -1
1542 244 3776 -1
1549 587 3720 3745 3755 3787 3796 -1
1566 46 3748 -1
1608 355 3796 -1
1622 50 3792 -1
1639 36 3792 -1
1564 27 3755 -1
1667 55 3796 -1
1744 8 3776 -1
1748 76 3755 -1
1749 68 3755 -1
1754 23 3787 -1
1772 141 3755 -1
1783 57 3748 -1
1789 11 3796 -1
1799 48 3796 -1
1807 8 3796 -1
1814 105 3720 -1
1816 10 3755 -1
1838 57 3787 -1
1875 33 3717 -1
1896 51 3748 -1
1931 15 3755 -1
1951 29 3769 -1
1982 29 3792 -1
1990 36 3785 -1
2009 63 3755 -1
2016 13 3748 -1
2065 50 3769 -1
2118 113 3752 -1
2129 44 3724 -1
2133 129 3755 -1
2135 146 3724 3748 3787 3792 -1
2144 23 3720 -1
2145 145 3787 -1
2156 41 3745 -1
2160 26 3776 -1
2215 15 3792 -1
2217 11 3785 3787 -1
2223 15 3720 -1
2225 34 3755 -1
2237 241 3748 -1
2240 108 3796 -1
2249 38 3726 -1
2252 22 3745 -1
2256 247 3720 3737 3769 3776 3785 3787 -1
2257 49 3796 -1
2290 120 3717 3720 3737 3745 3769 3772 -1
2297 164 3770 -1
2298 48 3724 -1
2323 111 3724 -1
2326 252 3717 3720 3745 3769 3787 -1
2328 215 3713 3769 -1
2357 12 3755 -1
2369 189 3755 3796 -1
2371 124 3748 3796 -1
2375 49 3724 -1
2376 26 3755 -1
2381 71 3720 -1
2379 45 3772 3787 -1
2384 72 3787 3796 -1
2387 66 3724 3796 -1
2398 62 3720 -1
2411 141 3772 -1
2485 324 3748 3752 3796 -1
2497 38 3745 3772 -1
2504 100 3720 -1
2516 44 3792 -1
2549 70 3752 -1
2560 180 3717 3770 -1
2564 50 3720 -1
2565 893 3717 3720 3726 3748 3752 3769 3770 3787 3792 3796 -1
2576 146 3769 -1
2474 142 3755 -1
2618 53 3755 -1
2623 108 3772 -1
2619 46 3752 -1
2647 18 3755 -1
2651 269 3769 3772 3785 3787 -1
2653 113 3748 3772 -1
2658 307 3713 3724 3745 3752 3769 3772 -1
2674 103 3717 -1
2700 168 3717 3787 -1
2686 156 3769 3785 -1
2702 80 3755 3796 -1
2688 618 3720 3724 3748 3769 3772 3792 3796 -1
2660 164 3752 -1
2693 149 3792 -1
2695 7 3720 -1
2696 64 3748 3796 -1
2724 10 3772 -1
2730 2 3755 -1
2731 1 3755 -1
2733 3 3755 -1
2729 1 3755 -1
2734 1 3755 -1
2747 79 3769 3772 3776 3785 -1
2760 23 3787 -1
2778 22 3724 -1
2790 173 3785 -1
2654 104 3717 3769 -1
2834 5 3726 -1
2838 21 3776 -1
2851 44 3796 -1
2859 139 3717 3724 3748 -1
2871 282 3717 3720 3748 3755 3796 -1
2872 87 3717 3720 -1
2883 28 3755 -1
2909 57 3726 -1
2923 35 3724 -1
2932 62 3724 -1
2940 123 3769 3772 3792 -1
2967 238 3717 3724 3748 3787 3796 -1
2968 55 3724 -1
2972 357 3720 3748 3755 3796 -1
2974 15 3720 -1
2985 4 3748 -1
2988 55 3772 3796 -1
2991 7 3787 -1
3009 51 3724 -1
3010 123 3717 3769 3772 3776 -1
3024 52 3748 -1
3026 175 3720 3724 3748 -1
3028 189 3776 3785 -1
3032 216 3724 3787 -1
3034 38 3724 -1
2713 200 3717 3720 3787 -1
3057 48 3787 -1
3059 32 3748 -1
3073 34 3726 -1
3084 62 3717 3720 3752 3776 -1
3087 8 3748 -1
3092 81 3726 3796 -1
2842 124 3720 3737 -1
3127 15 3701 -1
3159 9 3748 -1
3168 79 3720 3787 -1
3176 6 3796 -1
3192 56 3717 3748 -1
3197 4 3717 -1
3256 19 3717 3769 -1
3258 95 3787 -1
3276 79 3717 -1
3284 20 3785 -1
3291 58 3787 -1
3297 51 3717 -1
1529 2 3755 -1
3313 5 3720 -1
3343 13 3772 -1
3350 55 3748 -1
3352 273 3717 3724 -1
3357 2 3769 -1
3378 41 3720 -1
3380 42 3769 -1
3381 180 3726 3792 -1
3392 33 3769 -1
3393 10 3752 -1
3394 156 3737 3745 3769 3772 3776 3785 -1
3402 122 3720 3724 3748 -1
3404 89 3792 -1
3390 60 3748 3796 -1
3409 1 3752 -1
3443 20 3720 3724 -1
3447 271 3752 3796 -1
3449 314 3726 3748 3792 3796 -1
3452 131 3748 3796 -1
3453 319 3748 3796 -1
3454 148 3724 -1
3455 68 3748 -1
3456 241 3748 3792 3796 -1
3457 166 3726 3785 -1
3461 101 3755 3796 -1
3463 56 3748 -1
3479 102 3748 -1
3481 17 3737 -1
3482 24 3769 3772 -1
3498 114 3755 3796 -1
3518 6 3720 -1
3519 48 3796 -1
3523 28 3769 3776 -1
3525 16 3772 -1
3527 64 3772 -1
3540 4 3717 -1
3567 18 3717 -1
3568 147 3720 3787 3796 -1
3569 42 3720 -1
3578 2 3708 -1
3586 156 3770 -1
3528 13 3737 3745 -1
3593 26 3726 -1
3601 52 3748 3785 -1
3611 22 3737 3769 -1
3614 205 3776 3796 -1
3615 144 3720 3796 -1
3631 91 3787 -1
3633 48 3720 -1
3634 82 3755 -1
3635 63 3787 -1
3641 212 3720 3724 3748 3792 3796 -1
3642 362 3792 3796 -1
3643 44 3748 3796 -1
3645 40 3720 -1
3658 39 3796 -1
3660 87 3720 3724 -1
3682 75 3769 3772 3787 -1
3691 95 3769 3792 -1
3700 2 3701 -1
3711 1 3713 -1
3712 1 3713 -1
3724 93 3787 -1
3728 85 3720 3724 -1
3744 2 3745 -1
3748 30 3796 -1
3764 10 3769 -1
3770 22 3769 -1
3771 3 3772 -1
3774 1 3776 -1
3775 12 3720 3776 -1
3787 232 3724 3748 3796 -1
3796 113 3724 3748 3755 3797 -1
3795 1 3797 -1
3794 46 3748 3796 3797 -1
3803 10 3748 -1
3812 53 3717 3720 -1
3813 94 3717 3724 -1
3814 47 3720 -1
3815 20 3717 -1
3854 82 3748 3796 -1
3877 13 3792 -1
3912 17 3787 -1
3916 42 3755 3796 -1
3917 29 3787 -1
3920 6 3787 -1
3948 26 3720 3787 -1
3949 30 3717 3720 -1
3955 3 3720 -1
3965 89 3752 -1
3969 90 3785 -1
3973 33 3717 3787 -1
3976 145 3792 3796 -1
3977 14 3720 -1
4023 3 3720 -1
4034 4 3717 -1
4035 1 3717 -1
4036 147 3717 3720 3796 -1
4037 15 3717 -1
4040 104 3748 3755 3796 -1
4041 68 3796 -1
4042 21 3787 -1
4044 89 3724 -1
4045 257 3724 3726 3748 3785 3796 -1
4046 89 3748 -1
4065 131 3724 3792 -1
4070 111 3796 -1
4073 115 3724 3796 -1
4080 1 3720 -1
4099 155 3755 3796 -1
4116 12 3755 -1
4076 86 3748 3787 -1
4124 50 3724 -1
4127 41 3724 3787 -1
4136 26 3787 -1
4138 64 3785 -1
4150 16 3748 -1
4151 84 3796 -1
4152 43 3724 -1
3819 10 3787 -1
4199 8 3787 -1
3995 57 3796 -1
4211 65 3796 -1
4219 112 3748 -1
4222 41 3724 -1
4221 42 3796 -1
4275 5 3748 -1
4276 52 3796 -1
4295 17 3796 -1
4315 29 3748 -1
4329 12 3724 -1
4351 4 3724 -1
4355 50 3796 -1
4363 22 3796 -1
4415 17 3748 -1
4432 8 3796 -1
4441 202 3752 -1
4459 4 3748 -1
4483 153 3796 -1
4511 15 3724 -1
4498 1 3724 -1
4534 19 3796 -1
4547 45 3796 -1
4564 33 3796 -1
4574 40 3748 -1
4587 27 3748 -1
4598 71 3755 -1
4625 4 3796 -1
4626 5 3796 -1
4632 228 3752 3770 3796 -1
4633 12 3748 -1
4653 114 3755 3796 -1
4661 19 3796 -1
4662 46 3796 -1
4663 10 3748 -1
4665 9 3748 -1
4669 13 3796 -1
4681 20 3748 -1
4688 59 3748 -1
4709 25 3796 -1
4717 62 3796 -1
4718 46 3796 -1
4712 121 3726 3755 -1
4749 3 3748 -1
4750 3 3748 -1
4751 4 3748 -1
4754 1 3748 -1
4752 1 3748 -1
4753 1 3748 -1
4756 34 3755 -1
4764 53 3796 -1
4792 62 3796 -1
4818 28 3796 -1
4824 101 3755 -1
4829 78 3792 -1
4856 3 3755 -1
4894 79 3796 -1
4899 169 3796 -1
4943 31 3726 -1
4948 214 3752 3796 -1
4964 60 3796 -1
4967 361 3755 3792 3796 -1
4974 44 3796 -1
4981 53 3752 -1
4982 43 3755 3796 -1
5002 115 3796 -1
5006 28 3796 -1
5011 10 3796 -1
5020 139 3755 -1
5029 26 3796 -1
5037 18 3796 -1
5059 26 3726 -1
5079 271 3755 3792 3796 -1
5095 3 3792 -1
4828 168 3752 3792 3796 -1
5171 41 3796 -1
5172 29 3755 3796 -1
5173 122 3796 -1
5174 6 3796 -1
5175 35 3796 -1
4795 73 3752 3796 -1
5176 139 3755 3796 -1
5177 101 3796 -1
5178 19 3796 -1
4310 278 3752 3755 3796 -1
5179 217 3792 3796 -1
5180 49 3796 -1
5181 41 3796 -1
5182 14 3796 -1
5183 1 3796 -1
5184 68 3796 -1
5185 152 3792 3796 -1
5186 2 3796 -1
5187 31 3796 -1
5188 211 3792 3796 -1
5189 312 3755 3796 -1
5190 80 3796 -1
5191 10 3796 -1
5192 1 3796 -1
5250 14 3755 -1
5439 66 3792 -1
5472 16 3752 -1
5484 22 3755 -1
5524 389 3726 3752 3792 -1
5531 243 3792 -1
5543 137 3792 -1
5553 46 3792 -1
5608 16 3755 -1
5617 22 3755 -1
5620 7 3755 -1
5396 12 3755 -1
5671 3 3770 -1
5676 1 3755 -1
5697 230 3792 -1
5702 10 3726 -1
5714 44 3792 -1
5739 45 3792 -1
5775 42 3752 -1
5796 191 3792 -1
5800 222 3792 -1
5802 385 3726 3752 -1
5811 79 3726 -1
5814 144 3770 -1
5816 84 3726 3792 -1
5818 67 3792 -1
5824 41 3792 -1
5915 52 3752 -1
6032 80 3726 -1
6217 31 3792 -1
6243 35 3752 -1
6280 52 3726 -1
6305 190 3770 -1
6334 4 3792 -1
6346 17 3792 -1
6359 81 3726 3792 -1
6327 108 3726 3792 -1
6486 85 3726 -1
6494 101 3752 3792 -1
6500 8 3792 -1
6596 177 3752 -1
6619 104 3726 -1
6615 160 3726 3792 -1
6624 135 3726 3752 -1
6635 9 3752 -1
6649 26 3792 -1
6714 100 3726 -1
6784 42 3792 -1
6801 6 3752 -1
6620 93 3726 3792 -1
6861 2 3792 -1
6862 1 3792 -1
6863 2 3792 -1
6864 2 3792 -1
6866 4 3792 -1
6902 28 3752 -1
6906 49 3726 -1
6907 191 3726 3752 -1
6916 54 3770 -1
6941 57 3726 -1
6993 81 3752 -1
7052 142 3726 3752 -1
7055 98 3752 -1
7086 123 3726 -1
7092 93 3726 -1
7104 15 3726 -1
7106 4 3726 -1
7113 12 3752 -1
6994 19 3726 -1
7188 14 3726 -1
5143 16 3726 -1
7231 101 3752 -1
7280 89 3752 -1
7449 39 3752 -1
7511 16 3752 -1
7598 33 3752 -1
7605 3 3752 -1
7614 39 3752 -1
7675 25 3770 -1
7691 19 3752 -1
7744 50 3770 -1
7768 11 3752 -1
7769 19 3752 -1
7808 12 3752 3770 -1
7818 23 3752 -1
7882 11 3752 -1