30 5 5254 -1
24 309 5254 -1
44 44 5254 -1
47 146 5254 -1
58 38 5254 -1
27 102 5210 5254 -1
72 164 5254 -1
71 109 5254 -1
87 195 5200 5210 5254 -1
68 275 5210 5226 5233 5245 5254 5262 5288 -1
109 190 5200 5210 5254 5273 5295 -1
122 213 5254 -1
127 132 5254 -1
143 94 5288 -1
173 334 5254 -1
166 93 5210 5246 5254 5288 -1
203 31 5254 -1
231 50 5226 5263 -1
232 23 5254 -1
237 41 5254 -1
259 56 5210 5254 -1
263 22 5222 -1
265 31 5254 -1
275 56 5254 -1
308 142 5288 -1
310 230 5210 5222 5239 5288 -1
311 321 5254 -1
319 199 5226 5273 -1
336 31 5233 -1
351 11 5254 -1
371 117 5288 -1
383 45 5254 -1
398 7 5295 -1
425 79 5233 -1
432 157 5222 -1
457 732 5200 5204 5210 5222 5226 5233 5239 5245 5246 5254 5262 5273 5285 5288 5289 5295 -1
546 142 5254 5273 5295 5298 -1
553 22 5254 -1
600 214 5226 5254 -1
634 150 5200 5233 5288 -1
637 25 5254 -1
663 158 5204 -1
686 83 5233 -1
695 118 5233 -1
704 81 5204 -1
722 264 5263 -1
737 232 5210 5233 5239 5246 5254 5273 5288 5295 -1
748 1 5210 -1
697 100 5215 -1
749 66 5239 5254 -1
763 68 5222 5288 -1
766 773 5200 5204 5215 5222 5226 5239 5245 5254 5262 5273 -1
769 146 5210 5254 -1
788 113 5200 5233 -1
789 317 5204 5210 5222 5239 5254 5288 -1
791 41 5254 -1
816 29 5254 -1
825 165 5233 5262 5263 -1
841 61 5204 5215 5222 -1
854 99 5200 5254 -1
856 91 5233 -1
865 97 5254 -1
879 122 5295 -1
469 10 5254 -1
896 26 5254 -1
909 12 5233 -1
948 29 5253 -1
967 16 5210 -1
984 7 5210 -1
985 6 5210 -1
988 292 5210 -1
993 238 5210 -1
996 297 5233 5254 5263 5288 -1
1008 8 5254 -1
1032 39 5222 -1
1041 49 5262 5285 -1
1042 41 5254 -1
1055 196 5254 5288 -1
1063 29 5273 -1
1074 95 5254 -1
1075 74 5254 -1
1087 2 5254 -1
1098 305 5246 5289 -1
1111 60 5254 5263 -1
1133 399 5204 5222 5233 5254 5262 5263 5288 -1
1137 135 5285 -1
1151 472 5226 5254 5273 5289 -1
1166 599 5210 5233 5254 5263 5273 5285 5288 -1
1179 10 5254 -1
1207 26 5262 -1
1210 218 5254 5288 -1
1247 77 5239 -1
1305 290 5239 -1
1319 181 5288 -1
1320 6 5288 -1
1353 30 5254 -1
1374 462 5210 5233 5246 5254 5263 5288 -1
1385 35 5200 5233 -1
1393 4 5263 -1
1467 11 5204 -1
1470 156 5204 5210 -1
1471 72 5246 -1
1473 91 5254 -1
1496 210 5210 5239 5288 -1
1497 28 5254 -1
1500 48 5253 -1
1522 139 5288 -1
1537 68 5226 -1
1542 244 5200 5226 5239 5262 -1
1548 4 5254 -1
1549 587 5200 5215 5254 5285 5288 -1
1603 16 5233 5254 -1
1608 355 5288 -1
1612 68 5210 5246 -1
1530 11 5226 -1
1644 48 5210 -1
1661 66 5215 -1
1662 6 5239 -1
1647 19 5226 -1
1680 4 5222 -1
1691 50 5254 -1
1701 112 5210 5226 5233 5254 -1
1717 96 5254 -1
1733 42 5210 5254 -1
1734 55 5233 -1
1762 47 5254 -1
1767 97 5233 5254 -1
1796 38 5200 5210 5254 5273 -1
1808 129 5215 5254 5271 5296 -1
1814 105 5210 -1
1823 49 5262 -1
1835 73 5210 5254 -1
1847 47 5208 5254 -1
1874 9 5254 -1
1876 3 5254 -1
1915 33 5200 5233 5262 -1
1937 13 5254 -1
1935 7 5254 -1
1972 181 5273 -1
1982 29 5288 -1
1990 36 5210 5285 -1
2033 22 5254 -1
2065 50 5254 -1
2084 10 5200 -1
2135 146 5222 5254 -1
2144 23 5285 -1
2145 145 5200 5210 5226 5254 5273 5288 -1
2160 26 5254 -1
2188 3 5254 -1
2237 241 5262 -1
2240 108 5254 -1
2249 38 5233 -1
2256 247 5200 5233 -1
2257 49 5239 -1
2258 95 5200 5226 5233 5273 -1
2264 58 5254 5289 -1
2276 32 5254 -1
2294 9 5254 -1
2299 67 5215 5226 5246 -1
2365 77 5285 -1
2369 189 5208 5210 5215 5226 5231 5233 5254 5255 -1
2375 49 5233 -1
2376 26 5233 5262 -1
2381 71 5254 -1
2384 72 5226 -1
2387 66 5204 5226 5239 5263 -1
2440 50 5210 -1
2452 42 5233 -1
2456 31 5273 -1
2458 6 5210 -1
2485 324 5233 5254 5289 -1
2502 30 5210 5254 -1
2504 100 5233 -1
2506 46 5200 5208 -1
2507 69 5254 5262 -1
2516 44 5245 5273 -1
2535 47 5254 -1
2549 70 5263 -1
2562 2 5254 -1
2564 50 5239 -1
2565 893 5204 5210 5215 5222 5233 5239 5245 5246 5288 5289 5295 -1
2576 146 5210 5245 5254 -1
2587 12 5226 -1
2585 60 5273 5288 -1
2595 49 5254 -1
2474 142 5200 -1
2605 64 5226 -1
2623 108 5210 5233 5240 5254 -1
2620 24 5254 -1
2655 49 5233 -1
2657 44 5254 5273 -1
2658 307 5204 5208 5210 5215 5222 5233 5239 5245 5246 5260 5288 5289 -1
2674 103 5288 -1
2680 6 5254 -1
2702 80 5204 5222 5285 -1
2688 618 5200 5204 5215 5222 5226 5231 5239 5254 5262 5263 5273 5285 5288 5295 -1
2660 164 5210 5254 -1
2689 38 5253 -1
2667 126 5200 5233 5239 5245 -1
2693 149 5200 5204 5254 -1
2694 18 5295 -1
2727 33 5254 -1
2737 16 5288 -1
2744 39 5254 5263 -1
2752 7 5254 -1
2774 46 5262 -1
2775 35 5273 -1
2790 173 5254 5263 -1
2831 39 5262 -1
2851 44 5254 5288 -1
2855 16 5210 -1
2871 282 5204 5210 5222 5285 5288 -1
2883 28 5226 -1
2905 4 5254 -1
2908 12 5233 -1
2909 57 5222 -1
2940 123 5233 5298 -1
2972 357 5204 5208 5210 5222 5226 5233 5239 5245 5254 5262 5273 5295 5298 -1
2988 55 5226 5262 -1
2995 10 5215 -1
3000 43 5210 -1
3010 123 5222 -1
2707 103 5226 -1
3015 44 5226 5263 -1
3027 39 5210 -1
3028 189 5267 -1
3032 216 5254 5262 -1
3035 13 5200 5222 -1
3084 62 5254 -1
3088 37 5254 5285 -1
3092 81 5226 5239 5245 5246 5263 -1
3132 3 5254 -1
3142 49 5210 -1
3145 18 5233 -1
3190 10 5254 -1
3191 68 5226 5233 5288 -1
3209 41 5233 -1
3227 19 5288 -1
3238 28 5210 5233 -1
3246 2 5222 -1
3270 2 5254 -1
3274 69 5226 5245 5262 -1
3292 8 5200 -1
3297 51 5262 -1
3333 15 5226 -1
3334 13 5233 -1
3340 4 5254 -1
3345 35 5254 -1
3348 25 5233 5246 -1
3352 273 5204 5222 5233 5239 5288 -1
3366 63 5210 5233 -1
3375 43 5285 -1
3381 180 5200 5254 5288 5289 5295 -1
3389 2 5210 -1
3394 156 5204 -1
3403 3 5254 -1
3402 122 5204 5222 -1
3404 89 5255 -1
3390 60 5226 5263 -1
3439 88 5210 5254 -1
3447 271 5200 5204 5226 5255 5262 5273 5288 5295 -1
3449 314 5204 5215 5222 5226 5239 5262 5288 -1
3452 131 5288 -1
3453 319 5200 5204 5208 5210 5215 5222 5226 5233 5239 5254 5263 5273 -1
3456 241 5200 5204 5210 5226 5246 5254 5295 -1
3457 166 5215 5239 5288 5289 -1
3459 92 5226 5254 5262 -1
3460 22 5210 5289 -1
3461 101 5215 -1
3462 54 5254 -1
3463 56 5204 5239 -1
3483 20 5263 -1
3478 42 5226 5288 -1
2524 7 5246 -1
3498 114 5254 5285 -1
3522 71 5233 5254 -1
3527 64 5288 -1
3556 14 5204 5222 -1
3568 147 5200 5254 5262 -1
3586 156 5200 5210 5254 5298 -1
3603 12 5254 -1
3607 24 5233 -1
3614 205 5222 5226 5239 5245 -1
3615 144 5210 -1
3631 91 5254 -1
3634 82 5210 5233 -1
3636 11 5254 -1
3641 212 5295 -1
3642 362 5200 5210 5226 5233 5254 5262 5263 5273 5288 5295 -1
3643 44 5226 -1
3656 3 5288 -1
3665 20 5233 5288 -1
3666 144 5233 5239 5288 -1
3673 5 5204 -1
3683 6 5246 -1
3691 95 5208 5271 5288 5295 5298 -1
3571 45 5210 5288 -1
3728 85 5233 -1
3751 11 5210 -1
3762 8 5288 -1
3777 11 5239 -1
3785 18 5200 -1
3786 99 5253 5254 5285 5288 -1
3787 232 5233 5254 5263 5288 -1
3792 27 5215 5295 -1
3796 113 5204 5226 5239 -1
3813 94 5254 -1
3845 8 5288 -1
3854 82 5285 -1
3877 13 5295 -1
3910 33 5254 -1
3916 42 5233 5285 -1
3919 15 5222 5288 -1
3925 7 5210 -1
3956 85 5210 -1
3960 23 5254 -1
3965 89 5233 5288 -1
3969 90 5231 -1
3976 145 5215 5233 5260 5267 5271 5285 5296 -1
4013 21 5215 5288 -1
4036 147 5254 5288 -1
4037 15 5226 -1
4040 104 5288 -1
4041 68 5200 5204 5210 5233 5239 5262 -1
4045 257 5204 5215 5222 5226 5262 5273 5288 -1
4046 89 5233 5288 5289 -1
4063 27 5262 -1
4077 77 5204 5222 -1
4065 131 5263 -1
4070 111 5204 5222 5226 5245 5263 5288 -1
4073 115 5200 5226 5233 5255 5263 5274 -1
4082 15 5245 -1
4099 155 5204 5208 5210 5215 5226 5233 5262 5263 -1
4076 86 5210 5285 -1
4144 76 5210 5245 5254 5263 -1
4151 84 5254 -1
4169 9 5233 -1
4175 8 5233 -1
4189 11 5288 -1
4191 20 5274 -1
4204 2 5204 -1
3995 57 5200 5204 5273 -1
4211 65 5233 -1
4212 53 5210 5245 5255 5271 -1
4219 112 5204 5208 5239 -1
4222 41 5204 -1
4221 42 5200 5226 5254 5295 -1
4233 2 5204 -1
4276 52 5204 5226 -1
4297 38 5254 -1
4298 9 5285 -1
4338 40 5254 -1
4335 32 5273 -1
4347 55 5246 -1
4353 80 5226 5262 5288 -1
4355 50 5204 5215 -1
4361 6 5288 -1
4364 39 5233 5288 -1
4416 11 5254 -1
4428 12 5222 -1
4431 4 5288 -1
4437 70 5289 -1
4438 6 5204 -1
4441 202 5200 5204 5239 -1
4442 18 5204 -1
4455 22 5274 5288 -1
4468 18 5215 5245 5271 -1
4476 16 5233 -1
4482 7 5239 5298 -1
4483 153 5200 5204 5239 5254 5262 5296 -1
4486 20 5233 5255 -1
4488 50 5200 5210 5288 -1
4489 15 5254 -1
4509 11 5204 -1
4524 9 5210 -1
4536 81 5226 5254 -1
4550 100 5262 -1
4557 16 5226 -1
4598 71 5263 -1
4630 4 5254 -1
4487 31 5208 5215 5298 -1
4632 228 5200 5215 5222 5233 5262 5288 -1
4653 114 5200 5204 5208 5210 5215 5222 5226 5255 5260 -1
4673 96 5200 5210 5215 5233 5273 -1
4686 57 5210 5233 5295 -1
4687 23 5254 -1
4710 8 5239 -1
4717 62 5254 5273 -1
4718 46 5204 5222 5231 5239 5260 5267 -1
4712 121 5233 5254 5288 -1
4725 36 5204 -1
4726 15 5222 -1
4756 34 5233 -1
4748 38 5204 -1
4764 53 5200 5254 5273 -1
4777 2 5285 -1
4796 4 5226 -1
4792 62 5254 5273 5298 -1
4814 20 5226 -1
4813 46 5200 5204 -1
4824 101 5215 5226 5285 5288 5289 5296 -1
4829 78 5245 5288 5295 -1
4843 24 5254 -1
4859 30 5222 -1
4846 34 5239 -1
4862 4 5254 -1
4874 3 5210 -1
4879 28 5289 -1
4894 79 5210 5215 -1
4899 169 5200 5204 5222 5233 5239 5245 5262 -1
4924 10 5262 -1
4915 6 5200 -1
4948 214 5200 5204 5210 5215 5222 5226 5239 5255 5263 5288 -1
4964 60 5200 5204 5222 5262 5273 -1
4967 361 5200 5204 5210 5222 5226 5239 5254 5262 5273 -1
4938 12 5222 -1
4974 44 5204 5215 5239 -1
4976 23 5215 -1
4980 16 5285 -1
4982 43 5222 5254 5288 -1
5002 115 5204 5210 5233 5239 5254 5263 5273 -1
5006 28 5208 5210 5215 5288 -1
5009 14 5222 5239 -1
5011 10 5254 5285 -1
5013 7 5288 -1
5017 9 5233 5254 -1
5022 172 5210 5233 5254 5262 5263 -1
5020 139 5204 5208 5233 5240 5245 5255 5271 5285 5288 5296 -1
5028 43 5254 -1
5037 18 5295 -1
5048 6 5233 -1
5053 52 5262 -1
5061 13 5215 -1
5079 271 5200 5204 5208 5215 5226 5233 5254 5262 5263 5273 5289 -1
5089 8 5262 -1
5095 3 5295 -1
5099 14 5239 -1
5106 33 5210 -1
5102 54 5210 5254 5288 -1
5110 84 5204 5210 5215 5222 5262 5263 -1
4828 168 5239 5262 5263 -1
5119 18 5204 5222 -1
5123 69 5226 5233 -1
5125 54 5245 -1
5050 11 5200 -1
5140 51 5239 5245 5273 5295 -1
5150 13 5254 -1
5152 4 5204 5215 -1
5155 24 5231 5239 5240 5260 -1
5160 12 5210 -1
5166 48 5254 -1
5171 41 5262 5263 -1
5173 122 5210 5233 5285 -1
5174 6 5200 -1
4795 73 5200 5210 5254 5288 -1
5176 139 5226 5263 5285 5296 -1
5177 101 5246 5254 5262 -1
4310 278 5200 5226 5233 5254 5262 5273 5285 5288 -1
5179 217 5200 5210 5226 5233 5254 5263 5285 5288 -1
5180 49 5226 -1
5181 41 5210 5254 5296 -1
5182 14 5262 5263 -1
5185 152 5200 5254 5295 -1
5188 211 5200 5226 5254 5263 5273 5288 -1
5189 312 5200 5226 5233 5262 5285 5288 5289 5296 -1
5194 10 5204 -1
5195 4 5204 -1
5196 32 5204 5254 5289 -1
5197 3 5204 -1
5198 6 5204 -1
5199 22 5200 5204 -1
5200 15 5204 5215 -1
5201 15 5204 5208 -1
5202 2 5204 -1
5203 15 5200 5204 -1
5207 13 5200 5233 -1
5209 1 5210 -1
5215 8 5200 -1
5213 1 5215 -1
5214 1 5215 -1
5217 21 5245 -1
5218 1 5222 -1
5219 1 5222 -1
5220 1 5222 -1
5221 1 5222 -1
5224 1 5231 -1
5226 17 5231 5262 -1
5227 1 5231 -1
5228 1 5231 -1
5225 1 5231 -1
5229 1 5231 -1
5230 1 5231 -1
5233 24 5239 5288 -1
5238 3 5239 -1
5242 1 5245 -1
5244 1 5245 -1
5241 2 5245 -1
5243 19 5245 5288 -1
5246 44 5245 5255 5260 -1
5252 1 5253 -1
5251 1 5253 -1
5262 59 5200 5254 -1
5263 75 5226 -1
5275 2 5210 -1
5280 1 5288 -1
5281 1 5288 -1
5282 4 5288 -1
5283 2 5288 -1
5287 1 5288 -1
5284 2 5288 -1
5285 21 5255 5288 -1
5286 10 5288 -1
5289 6 5233 -1
5295 22 5210 -1
5301 61 5233 5273 -1
5317 18 5254 -1
5321 32 5233 5254 5263 -1
5341 2 5254 -1
5381 4 5263 -1
5391 37 5285 -1
5404 40 5200 5233 5254 -1
5423 48 5200 5273 -1
5424 2 5254 -1
5430 6 5254 -1
5427 37 5262 -1
5445 63 5289 -1
5446 26 5200 5289 -1
5448 3 5233 -1
5452 17 5226 -1
5457 44 5262 5263 -1
5479 28 5233 -1
5487 30 5262 -1
5516 2 5285 -1
5524 389 5200 5210 5233 5246 5254 5262 5273 5288 5289 5295 -1
5526 6 5254 -1
5531 243 5210 5226 5233 5254 5262 5273 5288 5295 -1
5532 26 5254 5295 -1
5543 137 5200 5233 5262 5273 5295 -1
5549 10 5254 -1
5553 46 5233 -1
5582 105 5200 5288 -1
5584 12 5254 -1
5589 11 5233 -1
5591 27 5254 -1
5604 7 5226 -1
5612 66 5226 5233 5254 5295 -1
5616 15 5254 -1
5617 22 5233 -1
5396 12 5200 -1
5630 36 5254 5262 5263 -1
5644 21 5233 -1
5655 139 5200 5254 5273 5289 5295 -1
5657 2 5254 -1
5658 10 5233 -1
5647 8 5285 -1
5691 49 5263 -1
5692 21 5288 -1
5696 50 5200 5233 5254 -1
5697 230 5200 5210 5226 5233 5254 5262 5273 5288 5295 -1
5702 10 5210 -1
5708 7 5254 -1
5714 44 5200 5226 -1
5721 10 5262 -1
5720 3 5263 -1
5722 3 5263 -1
5738 14 5263 -1
5739 45 5210 5254 5262 5263 -1
5741 13 5254 -1
5761 9 5226 -1
5768 13 5262 -1
5769 4 5226 -1
5770 6 5226 -1
5775 42 5288 -1
5772 15 5288 -1
5773 75 5288 5295 -1
5796 191 5200 5210 5246 5254 5262 5273 5288 5295 5298 -1
5799 23 5200 -1
5800 222 5210 5233 -1
5802 385 5200 5210 5233 5254 5273 5288 5289 -1
5806 83 5210 5233 5289 -1
5808 6 5200 -1
5810 29 5233 5254 -1
5811 79 5210 5295 -1
5812 41 5200 5295 -1
5814 144 5200 5210 5254 5262 5288 -1
5816 84 5233 5254 5273 5295 -1
5817 75 5254 5288 -1
5818 67 5233 5262 5263 5273 5295 -1
5819 61 5254 5273 -1
5821 22 5254 -1
5822 98 5210 5254 5289 -1
5823 12 5254 -1
5824 41 5295 -1
5827 15 5254 -1
5829 12 5262 -1
5839 41 5210 5254 5262 -1
5857 92 5200 5210 5273 -1
5859 16 5246 -1
5862 24 5254 -1
5872 27 5289 -1
4767 14 5254 -1
5908 19 5254 5298 -1
5871 50 5254 5262 5273 5295 -1
5928 4 5246 -1
5927 10 5210 -1
5932 33 5254 -1
5933 4 5254 -1
5934 42 5210 5273 -1
5940 13 5254 -1
5972 2 5263 -1
5984 10 5233 -1
5998 81 5210 5254 5273 -1
5999 20 5254 -1
6006 68 5254 -1
6004 6 5233 -1
6020 25 5262 -1
6023 30 5233 5263 -1
6032 80 5210 5246 -1
6043 39 5210 5262 -1
6049 3 5210 -1
6072 54 5246 -1
6068 32 5210 -1
6075 18 5262 -1
6082 18 5210 -1
6126 11 5262 -1
6134 7 5254 -1
6200 6 5262 -1
6204 12 5233 -1
6190 3 5254 -1
6208 3 5254 -1
6217 31 5210 5254 5273 -1
6218 53 5210 5254 -1
6220 18 5254 -1
6224 1 5262 -1
6221 31 5254 5262 -1
6222 1 5262 -1
6223 17 5233 5254 5262 -1
6232 3 5263 -1
6241 75 5289 -1
6243 35 5254 -1
6248 10 5233 -1
6262 1 5200 -1
6270 88 5233 5288 -1
6271 11 5200 -1
6272 76 5210 5233 5254 -1
6280 52 5233 5289 -1
6305 190 5210 5233 5246 5254 5273 5288 -1
6312 3 5233 -1
6313 2 5233 -1
6314 10 5210 5233 -1
6315 1 5233 -1
6319 2 5233 -1
6323 44 5200 5233 5254 -1
6132 2 5200 -1
6317 5 5200 -1
6324 6 5200 -1
6325 5 5200 5254 -1
6326 2 5200 -1
6334 4 5233 -1
6346 17 5295 -1
6347 11 5289 -1
6359 81 5254 5295 -1
6298 7 5254 -1
6377 17 5288 -1
6327 108 5210 5254 5288 5295 -1
5965 3 5254 -1
6421 23 5210 5295 -1
6440 3 5254 -1
6443 70 5210 5233 5254 -1
6458 28 5273 -1
6467 8 5254 -1
6479 13 5254 5273 -1
6483 28 5254 -1
6486 85 5233 5254 5273 5289 -1
6488 22 5210 5254 -1
6494 101 5233 5254 -1
6501 17 5210 5254 -1
6510 54 5254 -1
6522 29 5254 -1
5273 12 5254 5295 -1
6560 43 5233 -1
6563 58 5254 -1
6577 10 5254 -1
6552 29 5254 5295 -1
6595 12 5295 -1
6596 177 5246 -1
6605 10 5210 -1
6608 18 5254 -1
6618 91 5210 5233 5246 -1
6619 104 5233 5298 -1
6615 160 5233 5288 5295 -1
6624 135 5288 5289 -1
6627 50 5210 5254 -1
6643 2 5254 -1
6644 1 5254 -1
6645 2 5254 -1
6646 4 5254 -1
6647 1 5254 -1
6655 7 5254 -1
6648 3 5254 -1
6649 26 5254 -1
6650 1 5254 -1
6651 1 5254 -1
6652 1 5254 -1
6653 1 5254 -1
6654 1 5254 -1
6656 1 5255 -1
6609 7 5210 5298 -1
6665 29 5288 -1
3293 10 5289 -1
6714 100 5233 5289 -1
6772 77 5233 -1
6815 4 5288 -1
6841 2 5210 -1
6620 93 5288 5295 -1
6875 15 5289 -1
5410 1 5295 -1
6900 31 5210 -1
6902 28 5288 5289 -1
6914 95 5288 -1
6906 49 5288 -1
6907 191 5210 5233 5288 -1
6916 54 5289 -1
6918 29 5233 -1
6923 2 5289 -1
6934 65 5233 -1
5529 39 5210 5289 -1
6692 6 5288 -1
6976 41 5233 -1
6991 18 5288 -1
7005 13 5210 -1
7026 13 5210 -1
7052 142 5233 5289 -1
7053 31 5210 5246 -1
7047 161 5210 5246 -1
7055 98 5289 -1
7057 118 5210 5289 -1
7080 70 5210 5288 -1
6946 68 5289 -1
7086 123 5210 5246 5289 -1
7092 93 5210 5288 5289 -1
7099 18 5288 -1
7113 12 5233 -1
7192 1 5288 -1
7193 1 5288 -1
6889 5 5288 -1
7231 101 5289 -1
7270 5 5210 -1
7280 89 5233 -1
7294 39 5246 -1
7335 15 5210 -1
7343 12 5233 -1
7362 8 5233 -1
7379 7 5289 -1
7357 9 5233 -1
7199 2 5233 -1
7382 1 5233 -1
7383 2 5233 -1
7391 52 5210 5246 -1
7501 1 5289 -1
7502 3 5289 -1
7503 1 5289 -1
7579 9 5210 -1
7608 2 5210 -1
7649 10 5210 -1
7682 36 5210 -1
7727 30 5246 -1
7733 45 5246 -1
7774 35 5210 -1
7775 11 5210 -1
7818 23 5210 -1
6709 2 5210 -1
7862 11 5210 -1
7900 27 5210 5246 -1
7901 30 5210 -1
7933 4 5210 -1
7964 11 5210 -1
7980 15 5246 -1
8012 7 5210 -1
8062 1 5210 -1
8063 3 5210 -1
8064 1 5210 -1
8065 1 5210 -1
8066 3 5210 -1
8146 2 5246 -1