36 227 7289 -1
29 150 7295 -1
72 164 7279 -1
68 275 7233 -1
109 190 7225 7280 -1
199 17 7279 -1
371 117 7277 -1
457 732 7237 7238 7279 7280 -1
737 232 7225 7233 7279 7295 -1
742 93 7214 7225 7277 -1
766 773 7214 7237 7238 7277 7280 -1
825 165 7250 -1
988 292 7233 -1
1009 44 7225 -1
1037 86 7225 -1
1098 305 7201 7233 7262 7277 -1
1142 48 7277 -1
1151 472 7277 7280 -1
1166 599 7279 7280 -1
1374 462 7214 7225 7233 7237 7277 7280 7295 -1
1385 35 7279 -1
1542 244 7279 -1
1549 587 7237 -1
1612 68 7262 7277 7280 -1
1811 43 7280 -1
1813 41 7279 -1
1922 204 7289 -1
2009 63 7279 -1
2010 27 7277 -1
2120 122 7277 -1
2145 145 7279 -1
2249 38 7295 -1
2323 111 7277 -1
2369 189 7214 7238 7279 -1
2452 42 7225 -1
2560 180 7277 -1
2565 893 7201 7214 7225 7233 7237 7238 7277 7279 7280 7295 -1
2619 46 7277 -1
2658 307 7233 7237 7279 -1
2940 123 7254 7277 -1
3073 34 7290 -1
3084 62 7277 7280 -1
2003 63 7233 7279 -1
3274 69 7277 -1
3381 180 7214 7237 7279 7280 7295 -1
3447 271 7222 7262 7290 -1
3453 319 7225 7238 -1
3456 241 7214 7225 -1
3457 166 7237 -1
3522 71 7225 -1
3527 64 7214 -1
3586 156 7237 -1
3600 12 7279 -1
3634 82 7295 -1
3642 362 7201 7225 7233 7295 -1
3571 45 7233 -1
3770 22 7214 7222 7295 -1
3787 232 7225 7277 7280 -1
3916 42 7225 -1
3922 7 7295 -1
3965 89 7225 -1
3969 90 7214 -1
3976 145 7201 -1
4040 104 7233 7280 -1
4045 257 7214 -1
4046 89 7254 7257 7295 -1
4065 131 7280 -1
4140 12 7233 -1
4151 84 7280 -1
4169 9 7262 -1
4211 65 7237 7295 -1
4361 6 7201 -1
4437 70 7237 7295 -1
4441 202 7238 7277 7279 7280 -1
4485 12 7292 -1
4483 153 7237 7280 7289 -1
4488 50 7238 -1
4524 9 7279 -1
4527 14 7257 -1
4598 71 7225 7279 -1
4632 228 7295 -1
4669 13 7254 -1
4717 62 7277 -1
4712 121 7214 7225 7237 7279 -1
4764 53 7233 7279 -1
4771 3 7277 -1
4792 62 7280 -1
4814 20 7295 -1
4879 28 7279 -1
4948 214 7233 7238 7279 -1
4964 60 7204 7214 7243 -1
4967 361 7214 -1
4992 4 7279 -1
5059 26 7289 7290 -1
5079 271 7238 7295 -1
5096 14 7238 -1
5106 33 7280 7297 -1
5102 54 7201 7225 7280 -1
5103 127 7225 7233 7237 7280 7295 -1
5173 122 7225 7238 7279 7295 -1
4795 73 7257 -1
4310 278 7214 7237 7238 7277 -1
5179 217 7233 7237 7250 -1
5188 211 7233 -1
5189 312 7214 7289 -1
5196 32 7279 -1
5199 22 7279 -1
5215 8 7279 -1
5295 22 7225 -1
5404 40 7295 -1
5445 63 7277 7280 -1
5446 26 7279 -1
5524 389 7214 7225 7233 7237 7277 7279 7280 7295 -1
5531 243 7279 -1
5543 137 7279 -1
5582 105 7214 -1
5616 15 7214 -1
5655 139 7214 7222 7237 7243 7246 7254 7257 7262 7273 7279 7289 -1
5697 230 7214 -1
5741 13 7295 -1
5761 9 7279 -1
5775 42 7277 -1
5776 14 7237 -1
5796 191 7225 7279 -1
5800 222 7201 7214 7238 7262 7277 7280 7295 -1
5802 385 7214 7225 7233 7237 7246 7277 7279 7280 7295 -1
5806 83 7225 7279 7295 -1
5804 33 7204 7243 -1
5810 29 7237 -1
5811 79 7254 7295 -1
5814 144 7225 7233 7237 7280 -1
5816 84 7279 -1
5817 75 7295 -1
5819 61 7238 -1
5820 20 7280 -1
5822 98 7225 7237 7238 7295 -1
5827 15 7277 -1
5908 19 7238 -1
5915 52 7277 7280 -1
5871 50 7225 -1
5932 33 7225 -1
5952 14 7237 7238 -1
5988 4 7279 -1
5998 81 7225 7279 7280 -1
6006 68 7233 7279 7280 -1
6020 25 7277 7280 -1
6032 80 7201 7233 7238 7280 7295 -1
6043 39 7280 -1
6072 54 7225 -1
6068 32 7280 -1
6097 26 7214 7295 -1
6241 75 7237 7277 7280 -1
6270 88 7257 -1
6272 76 7279 -1
6280 52 7279 7295 -1
6299 78 7295 -1
6305 190 7233 7277 7279 7295 -1
6320 23 7214 7225 7237 -1
6359 81 7214 7246 7257 -1
6360 35 7214 -1
6327 108 7214 7215 7246 7295 -1
6398 29 7225 7243 7254 -1
6443 70 7214 7238 -1
6458 28 7225 -1
6486 85 7214 7237 7246 -1
6494 101 7279 7280 -1
6518 33 7277 7279 -1
6520 2 7280 -1
6460 58 7277 -1
6550 9 7238 -1
6555 35 7214 7225 7243 -1
6560 43 7214 -1
6123 24 7204 7254 -1
6563 58 7214 7233 7279 -1
6595 12 7279 -1
6596 177 7225 7233 7238 7277 7280 -1
6618 91 7238 7243 7262 7279 7280 -1
6619 104 7214 7237 7279 7295 -1
6615 160 7201 7214 7243 7279 7280 7295 -1
6624 135 7225 7237 7277 7280 -1
6657 11 7279 -1
6665 29 7214 -1
6702 10 7225 -1
6714 100 7214 7237 7262 7279 7295 -1
6611 15 7215 -1
6758 10 7279 -1
6772 77 7225 7279 7289 -1
6784 42 7279 -1
6789 11 7295 -1
6802 3 7243 -1
6804 6 7237 -1
6620 93 7201 7214 7257 -1
6869 1 7214 -1
6900 31 7279 -1
6902 28 7237 -1
6913 44 7214 -1
6914 95 7225 7243 7246 7277 7295 -1
6906 49 7214 7295 -1
6907 191 7214 7225 7233 7237 7254 7279 7280 -1
6916 54 7225 7237 7279 -1
6918 29 7214 -1
6934 65 7214 7262 7277 -1
6941 57 7225 7280 -1
5529 39 7214 -1
6959 5 7295 -1
6316 19 7237 -1
6971 6 7295 -1
6976 41 7214 -1
6991 18 7295 -1
6993 81 7237 7277 7279 7280 7295 -1
7023 8 7215 7222 7246 -1
7043 14 7238 -1
7052 142 7225 7233 7237 7279 -1
7045 36 7280 7295 -1
7053 31 7225 -1
7054 40 7225 -1
7046 21 7225 -1
7047 161 7233 7277 7280 -1
7055 98 7237 7277 7279 -1
7056 37 7233 7277 7280 -1
7049 27 7277 7280 -1
7057 118 7225 7233 7237 7238 7279 7280 -1
7080 70 7225 7277 7279 7280 7295 -1
6946 68 7225 -1
7086 123 7233 7237 7238 7243 7279 -1
7090 11 7225 -1
7092 93 7214 7225 7237 7243 7280 -1
7099 18 7214 -1
7104 15 7214 -1
7107 2 7273 -1
7113 12 7237 -1
7121 7 7279 -1
7129 11 7290 -1
7131 24 7280 -1
7132 30 7257 7280 -1
7138 2 7214 -1
7139 3 7214 -1
6994 19 7214 7222 7250 7289 7290 -1
7163 2 7254 -1
7183 9 7225 -1
6889 5 7233 -1
7210 1 7214 -1
7211 1 7214 -1
7212 1 7214 -1
7225 47 7237 -1
7227 12 7225 7277 -1
7228 7 7225 -1
5143 16 7225 7246 7250 7273 7289 -1
7231 101 7225 7237 7277 7279 7280 -1
7237 15 7233 -1
7238 9 7233 -1
7239 21 7237 7279 -1
7241 21 7238 7279 -1
7260 3 7262 -1
7279 19 7225 7237 7280 -1
7280 89 7225 7233 7277 -1
7291 1 7292 -1
7295 13 7277 -1
7317 15 7295 -1
7294 39 7225 -1
7327 6 7295 -1
7281 12 7277 7295 -1
7329 2 7295 -1
7333 1 7295 -1
7330 2 7295 -1
7379 7 7237 -1
7378 38 7225 7277 -1
7380 3 7279 -1
7357 9 7233 -1
7386 25 7280 -1
7390 24 7225 7280 -1
7391 52 7233 7237 -1
7400 15 7225 -1
7393 12 7225 -1
7413 2 7279 -1
7421 9 7238 7279 -1
7443 10 7280 -1
7449 39 7277 7279 -1
7455 4 7237 -1
7480 1 7279 -1
7481 1 7279 -1
7490 27 7280 -1
7493 4 7225 -1
7471 9 7237 -1
7376 4 7237 -1
7415 6 7225 -1
7150 10 7280 -1
7580 19 7225 -1
7593 3 7225 -1
7594 4 7225 -1
7595 1 7225 -1
7597 4 7225 -1
7598 33 7225 -1
7599 1 7225 -1
7600 1 7225 -1
7661 4 7280 -1
7666 14 7277 -1
7676 5 7238 -1
7677 12 7238 -1
7679 26 7238 7277 7280 -1
7697 19 7277 -1
7727 30 7233 7238 -1
7738 6 7277 -1
7744 50 7238 -1
7747 8 7277 -1
7755 13 7277 -1
7767 2 7277 7280 -1
7772 20 7233 -1
7774 35 7233 -1
7789 1 7277 -1
7790 4 7277 -1
7791 4 7277 -1
7792 7 7277 -1
7833 4 7238 -1
7865 24 7233 7238 -1
7877 6 7233 -1
7901 30 7233 -1
7902 21 7233 -1
7928 3 7233 -1
8036 19 7233 7238 -1
8047 20 7233 7238 -1
8152 10 7233 -1
8171 3 7233 -1
8173 7 7233 -1
7861 2 7233 -1
8190 4 7238 -1
8202 1 7233 -1
8203 1 7233 -1
8206 1 7233 -1
8204 2 7233 -1
8205 1 7233 -1
8211 11 7238 -1
8050 9 7238 -1
8264 1 7238 -1
8265 1 7238 -1
8266 1 7238 -1