11 743 5100 5106 5130 5132 5144 -1
24 309 5123 5162 -1
36 227 5144 -1
68 275 5123 5179 5188 -1
109 190 5140 5179 5188 -1
122 213 5155 -1
113 89 5178 -1
136 99 5140 -1
145 18 5189 -1
173 334 5100 5106 5130 -1
203 31 5123 -1
270 14 5106 -1
306 244 5123 5176 5182 -1
311 321 5179 -1
305 7 5130 -1
319 199 5178 5182 -1
395 42 5199 -1
432 157 5130 -1
457 732 5100 5121 5130 5140 5148 5178 5179 5188 5189 5199 -1
580 30 5103 5106 5144 -1
634 150 5103 5106 -1
663 158 5144 -1
737 232 5132 5144 5148 5179 5188 5199 -1
758 2 5130 -1
766 773 5100 5103 5106 5121 5123 5130 5132 5140 5144 5148 5155 5178 5182 5188 5189 5199 -1
762 50 5148 5162 -1
784 224 5100 -1
789 317 5100 5120 5123 5130 5155 5178 5182 -1
813 272 5100 5103 5123 -1
816 29 5132 -1
825 165 5123 -1
831 12 5162 -1
841 61 5132 5144 5162 -1
935 22 5106 -1
993 238 5100 -1
996 297 5162 -1
1000 60 5176 -1
1004 12 5178 -1
1042 41 5155 -1
1055 196 5123 5148 -1
1074 95 5140 5188 -1
1111 60 5178 -1
1133 399 5100 5103 5106 5121 5123 5176 5179 5182 5189 -1
1137 135 5141 -1
1151 472 5100 5121 5178 5182 5188 -1
1166 599 5100 5132 5148 5162 5179 5188 -1
1204 61 5199 -1
1210 218 5100 -1
1215 65 5179 -1
1247 77 5189 -1
1286 65 5106 -1
1305 290 5155 -1
1374 462 5123 5148 5155 5162 5176 5189 5199 -1
1401 3 5103 -1
1467 11 5144 -1
1470 156 5130 -1
1496 210 5106 5178 -1
1542 244 5103 5115 5123 5140 5144 5155 5178 -1
1549 587 5100 5123 5155 -1
1608 355 5100 -1
1623 39 5130 5140 -1
1639 36 5162 5189 -1
1661 66 5148 -1
1667 55 5103 5178 -1
1691 50 5100 5178 -1
1701 112 5123 5148 5155 5188 -1
1697 70 5176 5178 -1
1720 14 5103 5106 -1
1722 14 5106 -1
1688 25 5106 -1
1734 55 5178 -1
1737 9 5178 -1
1748 76 5100 5115 -1
1767 97 5100 -1
1799 48 5178 -1
1816 10 5146 -1
1823 49 5130 5188 -1
1835 73 5100 -1
1847 47 5132 5188 -1
1891 36 5144 -1
1915 33 5100 5106 5121 5148 -1
1922 204 5106 5115 5130 5132 -1
1972 181 5155 5188 -1
1982 29 5188 -1
1990 36 5188 -1
2009 63 5162 -1
2011 3 5162 -1
2033 22 5123 -1
2037 8 5103 5140 -1
2065 50 5100 -1
2095 6 5162 -1
2085 28 5162 -1
2092 7 5162 -1
2102 45 5176 -1
2109 47 5100 -1
2118 113 5130 -1
2135 146 5100 5155 -1
2145 145 5130 -1
2186 61 5103 5199 -1
2237 241 5100 5130 5155 5162 5178 -1
2249 38 5199 -1
2256 247 5178 -1
2258 95 5121 5182 5199 -1
2264 58 5100 -1
2299 67 5148 -1
2326 252 5100 5106 -1
2328 215 5188 -1
2369 189 5123 5148 5176 5179 5182 5189 -1
2384 72 5106 5162 -1
2387 66 5189 -1
2410 34 5178 -1
2452 42 5179 -1
2485 324 5100 5103 5106 5144 5178 5189 -1
2504 100 5189 -1
2516 44 5130 -1
2535 47 5100 5123 -1
2566 32 5130 -1
2560 180 5148 -1
2565 893 5100 5106 5130 5132 5144 5148 5162 5179 5189 5199 -1
2576 146 5148 -1
2585 60 5121 -1
2592 13 5123 -1
2595 49 5178 -1
2605 64 5106 5188 5189 -1
2623 108 5121 5176 -1
2651 269 5100 5130 -1
2658 307 5106 5130 5132 5144 5162 5179 -1
2674 103 5176 -1
2680 6 5103 -1
2699 74 5100 5123 -1
2686 156 5123 5176 -1
2702 80 5103 -1
2688 618 5100 5103 5106 5115 5123 5130 5132 5141 5144 5155 5162 5176 5178 5179 5182 5188 5189 -1
2660 164 5123 5182 -1
2689 38 5100 5155 -1
2667 126 5103 5121 5123 5176 5179 5189 -1
2693 149 5130 5144 -1
2738 3 5179 -1
2747 79 5144 -1
2760 23 5100 -1
2774 46 5121 5123 -1
2775 35 5100 5123 5182 -1
2790 173 5130 -1
2793 6 5178 -1
2831 39 5144 -1
2855 16 5100 -1
2871 282 5106 5130 5132 5144 5162 -1
2889 14 5155 -1
2909 57 5123 5155 5189 -1
2932 62 5103 -1
2940 123 5179 -1
2953 10 5106 -1
2967 238 5100 5106 5130 5132 5176 -1
2968 55 5148 -1
2972 357 5100 5106 5130 5132 5140 5144 5155 5176 5178 5199 -1
2988 55 5178 -1
3007 15 5106 -1
3000 43 5123 5178 5182 -1
3002 5 5123 -1
3009 51 5182 -1
3010 123 5130 -1
3026 175 5123 5130 -1
3029 2 5179 -1
3027 39 5178 -1
3028 189 5146 -1
3032 216 5178 -1
3034 38 5100 -1
3035 13 5162 -1
3092 81 5123 5144 5176 5178 -1
3110 21 5130 -1
2003 63 5144 -1
3142 49 5141 -1
3209 41 5182 -1
3227 19 5140 -1
3238 28 5100 -1
3258 95 5120 5130 -1
3274 69 5123 5144 -1
3297 51 5179 -1
3345 35 5123 5182 -1
3350 55 5189 -1
3352 273 5123 5130 5132 5162 -1
3378 41 5178 -1
3381 180 5188 5199 -1
3394 156 5130 5189 -1
3402 122 5100 5106 5130 -1
3404 89 5100 5106 -1
3390 60 5123 -1
3445 21 5100 5182 -1
3439 88 5188 -1
3447 271 5106 5123 5144 5162 5178 5179 5188 5189 -1
3449 314 5100 5103 5106 5123 5130 5132 5144 5155 5162 5178 5179 5182 5189 -1
3452 131 5106 5121 5132 5155 5162 5178 -1
3453 319 5100 5106 5130 5140 5141 5144 5162 5176 5178 5182 5188 5189 -1
3455 68 5100 -1
3456 241 5100 5106 5123 5130 5132 5144 5155 5176 5178 5188 -1
3457 166 5115 5176 5179 -1
3459 92 5103 5144 5155 5178 5199 -1
3460 22 5178 -1
3461 101 5189 -1
3463 56 5106 -1
3479 102 5130 -1
3478 42 5179 -1
3498 114 5155 5189 -1
3519 48 5144 -1
3522 71 5179 -1
3386 12 5100 -1
3568 147 5130 5146 5176 -1
3586 156 5103 5123 5178 5188 5199 -1
3601 52 5189 -1
3614 205 5100 5103 5106 5121 5123 5155 5178 5182 -1
3615 144 5121 5130 5132 -1
3634 82 5155 -1
3641 212 5103 5121 5182 5189 -1
3642 362 5103 5121 5123 5140 5176 5178 5179 5182 5188 -1
3643 44 5103 -1
3658 39 5140 5148 -1
3660 87 5130 5132 -1
3666 144 5100 5130 5189 -1
3691 95 5141 -1
3571 45 5103 5106 -1
3728 85 5100 5176 -1
3743 10 5123 5133 -1
3751 11 5178 -1
3786 99 5155 -1
3787 232 5148 5162 -1
3796 113 5100 5106 5123 5130 5144 5182 -1
3798 23 5155 5178 -1
3806 45 5123 -1
3813 94 5106 5115 5132 5133 5146 -1
3830 20 5100 -1
3871 5 5162 -1
3910 33 5123 5179 -1
3916 42 5176 -1
3919 15 5121 5188 -1
3956 85 5100 5130 -1
3965 89 5130 5178 -1
3969 90 5182 -1
3971 7 5123 -1
3976 145 5123 5141 5199 -1
4013 21 5123 -1
4036 147 5189 -1
4040 104 5123 5178 -1
4041 68 5121 5141 5178 -1
2981 44 5179 -1
4045 257 5100 5103 5106 5121 5123 5130 5132 5140 5144 5182 5188 -1
4055 3 5106 -1
4063 27 5123 5178 -1
4077 77 5100 5106 5130 5132 5155 -1
4065 131 5178 -1
4070 111 5100 5106 5182 -1
4073 115 5130 5140 5178 5189 -1
4082 15 5182 -1
4099 155 5100 5123 5176 5178 5188 5189 -1
4076 86 5100 5106 5115 5130 5132 5176 -1
4138 64 5155 5189 -1
4144 76 5144 -1
4151 84 5100 5115 5144 5188 -1
4152 43 5144 -1
3995 57 5144 5155 5178 5188 -1
4211 65 5199 -1
4212 53 5123 5130 5178 -1
4219 112 5106 5130 5132 5144 5162 -1
4222 41 5120 5132 5179 -1
4276 52 5144 5189 -1
4295 17 5100 5144 -1
4308 7 5140 5162 -1
4329 12 5106 -1
4335 32 5121 5144 -1
4353 80 5155 5178 5189 -1
4354 6 5100 -1
4355 50 5155 5176 -1
4364 39 5199 -1
4371 6 5100 -1
4432 8 5103 -1
4437 70 5199 -1
4441 202 5100 5106 5123 5130 5132 5140 5144 5148 -1
4442 18 5100 -1
4443 7 5179 -1
4448 36 5144 5162 -1
4455 22 5178 -1
4483 153 5123 5148 5155 5179 5188 -1
4509 11 5100 5106 -1
4527 14 5130 5176 -1
4534 19 5178 -1
4536 81 5100 5189 -1
4547 45 5115 5144 -1
4550 100 5123 5155 5189 -1
4557 16 5182 -1
4563 11 5130 5132 -1
4574 40 5179 5182 -1
4587 27 5130 -1
4592 6 5133 -1
4598 71 5121 5178 5179 -1
4600 15 5189 -1
4604 7 5188 -1
4487 31 5115 -1
4632 228 5100 5121 5123 5148 5178 5189 -1
4652 8 5144 -1
4653 114 5123 5141 5146 5162 5189 -1
4662 46 5123 -1
4647 11 5123 -1
4673 96 5106 5140 5188 -1
4671 7 5100 -1
4686 57 5100 5106 5130 5155 -1
4687 23 5176 -1
4693 2 5162 -1
4710 8 5100 -1
4717 62 5123 5178 -1
4718 46 5123 -1
4712 121 5123 5155 5178 5189 -1
4725 36 5106 5115 5130 5132 5144 -1
4746 18 5178 -1
4748 38 5176 5182 -1
4764 53 5106 5123 -1
4781 27 5178 -1
4792 62 5148 -1
4814 20 5199 -1
4813 46 5140 -1
4818 28 5162 -1
4821 2 5162 -1
4824 101 5103 5123 5133 5155 5182 -1
4829 78 5155 5176 -1
4859 30 5106 5130 5144 -1
4846 34 5106 5115 5141 5189 -1
4852 3 5178 -1
4853 5 5162 -1
4894 79 5121 5123 5189 -1
4899 169 5100 5103 5106 5123 5130 5132 5140 5144 5155 5162 5178 5182 5189 5199 -1
4929 9 5120 5144 -1
4936 2 5144 -1
4943 31 5100 -1
4948 214 5100 5106 5130 5144 5148 5162 5189 -1
4963 13 5144 -1
4964 60 5100 5106 -1
4966 25 5106 5144 5162 -1
4967 361 5100 5103 5106 5121 5123 5130 5140 5141 5144 5155 5176 5178 5179 5182 5188 5189 -1
4938 12 5162 -1
4974 44 5123 5130 5144 -1
4976 23 5100 -1
4980 16 5178 -1
4981 53 5188 -1
4982 43 5100 5115 5144 -1
4988 23 5106 5178 -1
4993 4 5144 -1
4994 19 5199 -1
5002 115 5144 5148 5182 5188 5189 5199 -1
5006 28 5132 -1
5008 27 5130 5144 5189 -1
5009 14 5130 -1
5016 10 5100 5162 -1
5022 172 5121 5140 5178 5179 5182 5188 -1
5020 139 5130 5148 5162 5176 5178 -1
5029 26 5155 -1
5037 18 5123 -1
5078 3 5130 -1
5079 271 5100 5121 5123 5130 5133 5144 5145 5148 5176 5178 5188 5189 5199 -1
5085 4 5115 -1
5095 3 5100 -1
5096 14 5100 -1
5097 1 5100 -1
5099 14 5100 -1
5098 2 5100 -1
5106 33 5103 -1
5102 54 5103 5106 5182 5188 -1
5103 127 5106 5148 5178 -1
5104 3 5106 -1
5105 1 5106 -1
5111 7 5130 -1
5110 84 5123 5130 5132 5144 5162 5176 5178 5182 -1
5114 4 5115 -1
4828 168 5123 5155 5178 -1
5119 18 5130 5132 5144 -1
5121 9 5130 -1
5122 1 5130 -1
5123 69 5130 5178 5182 -1
5127 1 5130 -1
5128 1 5130 -1
5129 1 5130 -1
5124 1 5130 -1
5125 54 5130 5144 5178 5179 -1
5050 11 5130 -1
5126 3 5130 5144 -1
5138 1 5144 -1
5139 11 5144 5182 -1
5140 51 5144 5188 -1
5141 1 5144 -1
5142 4 5144 -1
5153 5 5188 -1
5154 3 5162 -1
5155 24 5162 -1
5158 1 5162 -1
5159 1 5162 -1
5160 12 5155 5162 -1
5161 1 5162 -1
5167 1 5162 -1
5163 1 5162 -1
5164 2 5162 -1
5166 48 5148 5162 -1
5171 41 5188 5189 -1
5172 29 5178 -1
5173 122 5148 5179 5199 -1
5175 35 5189 -1
4795 73 5123 -1
5176 139 5103 5123 5155 5182 5189 -1
5177 101 5123 5140 5178 5179 5188 -1
4310 278 5123 5155 5176 5178 5179 5182 5188 5189 5199 -1
5179 217 5103 5121 5178 5188 -1
5180 49 5123 5176 5182 -1
5181 41 5188 -1
5182 14 5123 -1
5184 68 5155 5189 -1
5185 152 5123 5178 5188 -1
5187 31 5123 -1
5188 211 5140 5179 5189 5199 -1
5189 312 5103 5121 5123 5140 5155 5176 5178 5182 -1
5190 80 5123 5155 5182 5189 -1
5194 10 5178 -1
5196 32 5178 -1
5198 6 5123 -1
5216 1 5141 -1
5217 21 5123 5178 -1
5226 17 5123 -1
5246 44 5182 -1
5254 33 5178 -1
5262 59 5123 5178 -1
5263 75 5182 -1
5285 21 5155 5189 -1
5295 22 5199 -1
5296 16 5155 -1
5301 61 5121 5179 5188 -1
5312 9 5189 -1
5313 12 5155 -1
5316 24 5140 -1
5317 18 5123 -1
5320 11 5199 -1
5321 32 5188 5189 -1
5339 10 5123 -1
5342 30 5176 5179 -1
5352 3 5176 -1
5264 7 5176 -1
5360 15 5123 -1
5361 6 5123 -1
5382 19 5155 5182 5189 -1
5391 37 5178 5189 -1
5404 40 5189 -1
5400 4 5178 -1
5423 48 5179 -1
5427 37 5178 -1
5437 26 5123 5182 -1
5439 66 5140 -1
5455 8 5155 -1
5472 16 5155 -1
5473 1 5155 -1
5479 28 5148 5182 -1
5482 12 5189 -1
5484 22 5178 -1
5485 21 5176 5178 -1
5524 389 5121 5140 5148 5178 5179 5188 5199 -1
5531 243 5103 5121 5123 5140 5178 5179 5188 5199 -1
5534 14 5178 -1
5193 18 5188 -1
5543 137 5103 5121 5123 5178 5182 5199 -1
5549 10 5178 -1
5550 11 5178 -1
5553 46 5178 -1
5562 13 5189 -1
5565 3 5188 5189 -1
5566 1 5189 -1
5582 105 5140 -1
5596 30 5103 -1
5612 66 5179 -1
5617 22 5176 -1
5630 36 5121 5178 -1
5655 139 5103 5179 5199 -1
5662 4 5182 -1
5668 4 5178 -1
5647 8 5123 -1
5684 18 5176 5182 -1
5691 49 5123 -1
5696 50 5121 5178 -1
5697 230 5123 5176 5178 5182 5188 5199 -1
5707 4 5123 -1
5709 11 5140 -1
5768 13 5178 -1
5769 4 5123 -1
5770 6 5178 -1
5783 23 5178 -1
5787 32 5103 5179 5182 -1
5796 191 5103 5121 5140 5178 5179 -1
5800 222 5179 5199 -1
5802 385 5140 5148 5179 5188 5199 -1
5811 79 5140 -1
5814 144 5188 -1
5817 75 5176 -1
5818 67 5178 -1
5819 61 5140 5178 -1
5822 98 5178 5188 5199 -1
5824 41 5182 -1
5827 15 5123 -1
5829 12 5123 -1
5839 41 5188 -1
5855 8 5123 -1
5857 92 5103 5188 -1
5862 24 5188 -1
5873 6 5123 -1
5877 7 5123 -1
5884 2 5123 -1
5896 10 5182 -1
5899 2 5123 -1
5902 1 5123 -1
5070 4 5123 -1
5903 1 5123 -1
5916 9 5182 -1
5871 50 5176 5178 5182 -1
5922 7 5103 -1
5930 3 5176 -1
5932 33 5121 -1
5935 11 5178 -1
5945 9 5179 -1
5946 4 5182 -1
5952 14 5182 -1
5961 11 5188 -1
5998 81 5140 5148 5179 -1
6007 6 5103 -1
6020 25 5178 -1
6032 80 5148 5199 -1
6038 6 5188 -1
6043 39 5103 5121 -1
6068 32 5179 -1
6073 1 5103 -1
6074 1 5103 -1
6075 18 5103 5121 5178 -1
6097 26 5199 -1
6094 11 5121 -1
6108 4 5121 -1
6001 5 5121 -1
6133 4 5121 -1
6134 7 5121 -1
6135 2 5121 -1
6146 9 5178 -1
6170 14 5188 -1
6200 6 5178 -1
6220 18 5177 5178 -1
6241 75 5178 -1
6247 1 5178 -1
6248 10 5178 -1
6271 11 5188 -1
6272 76 5188 -1
6280 52 5199 -1
6299 78 5199 -1
6305 190 5140 5179 5188 5199 -1
6359 81 5188 5199 -1
6327 108 5188 5199 -1
6494 101 5179 -1
6506 1 5140 -1
6507 1 5140 -1
6508 1 5140 -1
6509 1 5140 -1
6510 54 5179 -1
6518 33 5199 -1
6523 33 5148 -1
6460 58 5179 5188 -1
6538 21 5179 -1
6555 35 5199 -1
6560 43 5199 -1
6596 177 5148 5179 5199 -1
6608 18 5188 -1
6618 91 5179 -1
6615 160 5148 5199 -1
6624 135 5148 -1
6712 11 5148 -1
6714 100 5199 -1
6772 77 5179 5199 -1
6774 24 5148 -1
6784 42 5199 -1
6789 11 5199 -1
6902 28 5179 -1
6914 95 5179 -1
6906 49 5199 -1
6907 191 5148 5179 5199 -1
6916 54 5179 -1
6918 29 5179 -1
6316 19 5199 -1
6971 6 5199 -1
6991 18 5199 -1
6993 81 5199 -1
7026 13 5148 -1
7052 142 5199 -1
7045 36 5148 -1
7053 31 5148 -1
7047 161 5148 5179 -1
7055 98 5148 -1
7056 37 5148 5179 -1
7049 27 5148 -1
7080 70 5199 -1
6946 68 5179 -1
7092 93 5179 -1
5015 14 5199 -1
7164 4 5179 -1
7183 9 5179 -1
7231 101 5148 -1
7233 22 5179 -1
7236 23 5148 -1
7280 89 5179 -1
7295 13 5179 5199 -1
7317 15 5199 -1
7294 39 5148 5179 5199 -1
7326 1 5199 -1
7327 6 5199 -1
7352 15 5148 -1
7390 24 5179 -1
7391 52 5179 -1
4532 8 5179 -1
7614 39 5179 -1
7642 1 5179 -1
7675 25 5179 -1
7679 26 5148 -1
7682 36 5148 -1
7685 13 5179 -1
7691 19 5179 -1
7697 19 5179 -1
7703 2 5179 -1
7738 6 5148 -1
7741 4 5148 -1
7743 13 5179 -1
7744 50 5179 -1
7745 1 5148 -1
7747 8 5148 5179 -1
7772 20 5179 -1
7775 11 5179 -1
7835 3 5179 -1
7865 24 5179 -1
7873 6 5179 -1
7907 12 5179 -1
7930 1 5179 -1
7929 4 5179 -1
7932 2 5179 -1
7933 4 5179 -1
7931 2 5179 -1
7934 1 5179 -1
7935 1 5179 -1