30 5 5543 -1
24 309 5511 5596 -1
36 227 5529 -1
29 150 5545 5582 -1
66 44 5529 -1
72 164 5511 5524 -1
87 195 5584 -1
103 68 5503 -1
68 275 5524 5527 5543 5545 -1
109 190 5524 5543 5563 5596 -1
122 213 5506 5509 5592 -1
136 99 5529 5596 -1
155 28 5529 -1
173 334 5511 -1
180 54 5563 -1
263 22 5584 -1
306 244 5543 -1
308 142 5584 -1
310 230 5524 -1
311 321 5543 -1
319 199 5545 5563 5584 -1
335 46 5545 5563 5584 -1
395 42 5524 5563 5596 -1
398 7 5543 -1
407 145 5524 5559 5568 -1
457 732 5506 5513 5524 5529 5543 5545 5559 5563 5584 5596 -1
546 142 5524 5584 -1
580 30 5500 -1
600 214 5511 5524 5543 -1
634 150 5509 5524 5527 5539 5543 -1
686 83 5524 5527 -1
737 232 5529 5543 5563 5582 -1
697 100 5509 -1
749 66 5584 -1
766 773 5506 5509 5511 5524 5527 5539 5543 5545 5563 5584 5596 -1
789 317 5506 5509 5511 5524 5539 5543 -1
813 272 5543 -1
825 165 5524 5527 5545 5568 5592 -1
856 91 5511 5529 -1
896 26 5563 -1
993 238 5543 -1
996 297 5506 5509 5568 -1
1000 60 5527 -1
1003 18 5543 -1
1004 12 5543 5545 -1
1074 95 5524 5563 5584 5596 -1
1075 74 5511 -1
1098 305 5582 -1
1111 60 5524 5543 -1
1133 399 5527 5543 5545 5559 5563 5568 -1
1137 135 5527 -1
1151 472 5509 5524 5529 5545 5584 -1
1166 599 5509 5524 5529 5582 -1
1167 158 5545 -1
1210 218 5524 5563 -1
1247 77 5545 5584 -1
1353 30 5511 -1
1374 462 5500 5509 5511 5529 5539 5568 -1
1470 156 5527 -1
1471 72 5596 -1
1483 52 5500 -1
1542 244 5511 5524 5527 5543 5545 5563 -1
1549 587 5524 5563 -1
1554 6 5543 -1
1608 355 5545 -1
1612 68 5582 -1
1667 55 5529 5543 -1
1674 8 5524 -1
1701 112 5543 5584 -1
1722 14 5563 -1
1733 42 5527 -1
1762 47 5596 -1
1796 38 5524 -1
1799 48 5545 5563 5569 -1
1807 8 5511 -1
1874 9 5511 -1
1891 36 5539 -1
1915 33 5527 5543 -1
1925 22 5511 -1
1937 13 5511 -1
1972 181 5584 -1
2001 39 5568 -1
2010 27 5529 -1
2033 22 5511 -1
2037 8 5524 5543 -1
2118 113 5524 -1
2135 146 5539 5568 -1
2145 145 5543 5563 -1
2186 61 5584 -1
2237 241 5509 5511 -1
2240 108 5524 -1
2249 38 5582 -1
2257 49 5506 -1
2278 4 5543 -1
2297 164 5584 -1
2328 215 5524 -1
2369 189 5545 5563 5564 5584 -1
2375 49 5568 -1
2384 72 5511 -1
2387 66 5511 5527 5559 -1
2410 34 5524 5539 -1
2440 50 5584 -1
2485 324 5506 5509 5529 5543 5584 -1
2504 100 5527 -1
2542 93 5584 -1
2547 105 5524 5543 -1
2549 70 5527 -1
2565 893 5500 5506 5509 5511 5524 5529 5539 5543 5545 5559 5563 5568 5582 5592 5596 -1
2587 12 5524 -1
2474 142 5539 -1
2623 108 5524 5533 5559 5568 -1
2619 46 5563 -1
2658 307 5500 5529 -1
2677 40 5563 -1
2686 156 5524 5543 -1
2688 618 5506 5509 5513 5514 5524 5527 5539 5543 5545 5559 5563 5596 -1
2667 126 5506 5509 5511 5524 5527 5543 5545 5563 5564 5568 -1
2693 149 5543 -1
2744 39 5511 -1
2765 29 5584 -1
2774 46 5529 -1
2802 9 5524 -1
2871 282 5509 5539 5563 -1
2883 28 5559 -1
2967 238 5511 -1
2968 55 5582 -1
2972 357 5506 5513 5524 5545 5559 5563 -1
2988 55 5511 -1
3007 15 5563 -1
3009 51 5524 5543 -1
3010 123 5596 -1
2707 103 5582 -1
3015 44 5524 -1
3032 216 5524 5529 -1
3092 81 5506 -1
3176 6 5511 -1
3191 68 5539 5545 5568 5592 -1
3258 95 5524 -1
3274 69 5527 -1
3291 58 5509 5543 -1
3297 51 5529 -1
3310 18 5529 -1
3315 13 5529 -1
3290 36 5539 5563 -1
3345 35 5596 -1
3366 63 5511 5527 -1
3378 41 5503 -1
3381 180 5524 5543 5563 5582 5596 -1
3394 156 5564 -1
3402 122 5506 -1
3390 60 5511 5592 -1
3447 271 5506 5524 5529 5543 5563 5596 -1
3449 314 5506 5509 5511 5524 5527 5539 5543 5545 5559 5568 5584 -1
3452 131 5539 5592 -1
3453 319 5506 5524 5539 5543 -1
3456 241 5524 5543 5596 -1
3457 166 5500 5514 5527 -1
3459 92 5506 5524 5559 5596 -1
3460 22 5596 -1
3461 101 5539 5559 5563 5568 5592 -1
3462 54 5511 -1
3479 102 5513 -1
3483 20 5545 -1
3478 42 5543 -1
3498 114 5509 5524 5527 -1
3522 71 5511 5543 -1
3568 147 5509 -1
3586 156 5524 5527 5543 5563 -1
3607 24 5543 -1
3614 205 5509 5513 5524 5543 5563 5596 -1
3624 64 5545 -1
3631 91 5509 5539 5568 5592 -1
3634 82 5509 5513 -1
3641 212 5506 5524 5527 5543 5563 5596 -1
3642 362 5524 5527 5529 5543 5545 5559 5563 5582 5584 5596 -1
3658 39 5509 -1
3666 144 5506 5509 5511 5568 5592 -1
3691 95 5513 5529 5568 -1
3728 85 5506 5524 -1
3770 22 5582 -1
3786 99 5503 5514 5533 5545 5559 -1
3787 232 5529 5568 5582 -1
3792 27 5509 -1
3794 46 5511 -1
3806 45 5511 5543 -1
3813 94 5527 5592 -1
3873 4 5563 -1
3910 33 5588 -1
3916 42 5524 -1
3918 4 5559 -1
3956 85 5539 -1
3960 23 5543 -1
3965 89 5524 5527 -1
3971 7 5524 -1
3976 145 5509 -1
4036 147 5506 5509 5529 5543 -1
4040 104 5559 5563 -1
4041 68 5559 -1
4045 257 5524 5527 5543 5545 5563 5584 -1
4046 89 5500 5582 -1
4063 27 5545 -1
4077 77 5513 -1
4065 131 5543 5584 -1
4070 111 5543 -1
4099 155 5524 5527 5545 5563 -1
4076 86 5592 -1
4138 64 5506 5509 5568 -1
4219 112 5559 -1
4276 52 5568 -1
4297 38 5543 -1
4308 7 5543 -1
4338 40 5563 -1
4343 7 5527 -1
4353 80 5506 5509 5514 5539 -1
4355 50 5509 -1
4364 39 5511 -1
4363 22 5524 5543 5592 -1
4416 11 5543 -1
4437 70 5582 -1
4468 18 5545 5592 -1
4476 16 5539 -1
4485 12 5563 -1
4482 7 5563 -1
4483 153 5509 5524 5527 5529 5545 5563 5592 5596 -1
4534 19 5545 -1
4536 81 5500 5529 5539 5563 -1
4550 100 5506 5509 5511 5514 5539 5545 5559 5568 5569 5570 5592 -1
4557 16 5524 -1
4598 71 5527 5584 -1
4487 31 5563 5564 -1
4631 1 5545 -1
4632 228 5524 5529 5539 5559 5568 -1
4652 8 5543 -1
4653 114 5509 5545 5563 5564 5569 -1
4661 19 5563 5596 -1
4666 24 5506 -1
4673 96 5584 -1
4687 23 5543 -1
4709 25 5524 -1
4717 62 5524 5596 -1
4718 46 5564 -1
4712 121 5524 5527 5543 5545 -1
4748 38 5514 -1
4764 53 5543 -1
4792 62 5524 -1
4824 101 5506 5513 5527 -1
4829 78 5506 5543 -1
4843 24 5511 -1
4846 34 5511 5513 5545 5563 5568 5592 -1
4883 5 5596 -1
4894 79 5539 5543 5563 5569 5570 -1
4899 169 5545 5568 -1
4924 10 5545 -1
4948 214 5506 5509 5568 -1
4964 60 5524 -1
4966 25 5592 -1
4967 361 5506 5509 5513 5514 5524 5527 5543 5545 5563 5568 5584 5596 -1
4938 12 5506 5511 -1
4974 44 5524 -1
4980 16 5543 -1
4981 53 5584 -1
4982 43 5511 5539 -1
4994 19 5524 -1
5002 115 5584 -1
5009 14 5524 -1
5011 10 5506 5584 -1
5012 14 5568 -1
5016 10 5509 5529 -1
5022 172 5524 5543 5545 5563 -1
5020 139 5506 5509 5511 5513 5543 5545 5559 5563 5592 -1
5029 26 5511 -1
5037 18 5563 -1
5048 6 5524 -1
5061 13 5543 -1
5079 271 5506 5524 5527 5539 5543 5545 5563 5568 5570 5584 5588 5596 -1
5106 33 5543 -1
5103 127 5524 5529 5584 -1
5110 84 5545 -1
4828 168 5506 5524 5545 5563 5564 5596 -1
5123 69 5543 5568 -1
5125 54 5524 -1
5140 51 5584 -1
5160 12 5506 5511 -1
5166 48 5524 5563 -1
5171 41 5543 -1
5173 122 5500 5529 -1
5175 35 5568 -1
4795 73 5545 -1
5176 139 5506 5509 5511 5513 5524 5539 5543 5545 5559 5563 5568 5592 -1
5177 101 5524 5527 5545 -1
5178 19 5543 -1
4310 278 5506 5509 5514 5524 5527 5539 5543 5563 5584 5592 -1
5179 217 5509 5524 5527 5529 5543 5563 5568 5592 -1
5181 41 5568 5588 -1
5182 14 5568 -1
5184 68 5506 5509 5559 5564 5568 -1
5185 152 5524 5527 5543 5563 5596 -1
5188 211 5506 5509 5524 5543 5563 5568 5584 5592 5596 -1
5189 312 5506 5509 5513 5514 5524 5529 5543 5545 5559 5563 5564 5568 5588 5592 5596 -1
5190 80 5506 5511 5513 5514 5539 5568 5592 -1
5196 32 5543 -1
5246 44 5524 5543 5582 -1
5250 14 5539 5559 -1
5262 59 5524 5527 5596 -1
5263 75 5568 5592 -1
5285 21 5506 -1
5289 6 5592 -1
5295 22 5506 -1
5301 61 5527 5596 -1
5312 9 5568 -1
5316 24 5563 -1
5317 18 5511 5543 -1
5320 11 5514 5533 -1
5339 10 5524 -1
5342 30 5524 -1
5360 15 5543 5559 -1
5382 19 5509 5568 -1
5391 37 5529 -1
5404 40 5527 -1
5399 8 5524 -1
5423 48 5584 -1
5427 37 5524 5527 5543 -1
5439 66 5543 5563 5596 -1
5445 63 5524 -1
5452 17 5596 -1
5454 19 5563 -1
5457 44 5564 -1
5468 10 5506 5509 5511 5513 5514 -1
5474 8 5539 -1
5478 9 5509 5568 -1
5479 28 5529 5543 5582 -1
5484 22 5563 -1
5485 21 5539 -1
5487 30 5500 5545 5569 5570 -1
5462 19 5511 5513 5545 5559 5563 5592 -1
5504 2 5506 -1
5505 1 5506 -1
5507 1 5509 -1
5508 1 5509 -1
5510 1 5511 -1
5512 2 5511 -1
5524 389 5500 5527 5529 5543 5563 5582 5584 5596 -1
5531 243 5524 5527 5543 5563 5584 5596 -1
5193 18 5539 -1
5543 137 5524 5527 5545 5563 5596 -1
5544 4 5500 5545 5559 -1
5550 11 5563 -1
5553 46 5524 5563 -1
5558 3 5545 5559 -1
5561 1 5563 -1
5562 13 5527 5563 5568 -1
5567 1 5568 -1
5577 8 5592 -1
5582 105 5543 5545 -1
5587 1 5588 -1
5591 27 5592 -1
5596 30 5563 -1
5612 66 5524 5584 -1
5624 28 5527 -1
5630 36 5543 5563 -1
5644 21 5524 5543 -1
5655 139 5543 -1
5684 18 5524 -1
5691 49 5527 -1
5696 50 5527 -1
5697 230 5524 5543 5563 5584 5596 -1
5708 7 5524 -1
5714 44 5543 -1
5739 45 5524 5527 5543 5563 -1
5741 13 5543 -1
5775 42 5529 -1
5783 23 5543 -1
5787 32 5524 5527 5543 -1
5796 191 5524 5543 5563 5584 5596 -1
5800 222 5524 5529 5582 5596 -1
5802 385 5500 5524 5543 5582 5584 5596 -1
5804 33 5524 5563 -1
5805 16 5527 -1
5807 27 5584 -1
5809 21 5543 -1
5811 79 5563 5582 -1
5812 41 5545 -1
5814 144 5524 5543 -1
5816 84 5584 -1
5817 75 5524 -1
5818 67 5543 -1
5819 61 5545 -1
5822 98 5524 5563 5596 -1
5824 41 5543 5563 -1
5827 15 5563 -1
5829 12 5527 5545 -1
5839 41 5524 -1
5855 8 5543 -1
5857 92 5524 5543 5563 5584 -1
5862 24 5524 -1
5896 10 5529 -1
4767 14 5543 -1
5915 52 5524 5529 -1
5871 50 5524 5527 5543 5596 -1
5932 33 5524 5563 -1
5934 42 5527 5543 -1
5935 11 5543 5545 -1
5945 9 5527 -1
5981 6 5584 -1
5984 10 5524 -1
6006 68 5596 -1
6004 6 5529 -1
6020 25 5529 5545 -1
6032 80 5529 5543 5563 -1
6043 39 5524 5543 5545 -1
6060 1 5543 -1
6061 1 5543 -1
6062 2 5543 -1
6063 1 5543 -1
6064 4 5543 -1
6066 1 5524 -1
6070 3 5524 -1
6071 3 5524 -1
6072 54 5524 5529 -1
6067 1 5524 -1
6068 32 5524 -1
6069 5 5524 -1
6075 18 5527 5545 -1
6081 3 5543 5596 -1
6094 11 5527 5584 -1
6133 4 5545 -1
6146 9 5545 -1
6170 14 5584 -1
6176 3 5545 -1
6179 7 5584 -1
6198 14 5524 -1
6204 12 5543 5563 -1
6212 3 5545 -1
6213 3 5545 -1
6214 1 5545 -1
6215 1 5545 -1
6217 31 5584 -1
6221 31 5529 -1
6229 19 5543 -1
6241 75 5563 -1
6242 5 5524 -1
6270 88 5524 5543 5563 -1
6272 76 5543 5596 -1
6299 78 5524 5582 5596 -1
6305 190 5524 5543 5563 5584 5596 -1
6320 23 5563 -1
6323 44 5524 5543 5563 5596 -1
6324 6 5584 -1
6346 17 5596 -1
6359 81 5524 5563 5596 -1
6377 17 5596 -1
6327 108 5582 -1
6414 21 5582 -1
6421 23 5543 -1
6458 28 5543 -1
6486 85 5524 5582 5596 -1
6488 22 5524 -1
6494 101 5524 5529 5543 5596 -1
6501 17 5543 -1
6522 29 5596 -1
6523 33 5524 5543 -1
6525 17 5543 -1
6538 21 5563 -1
5273 12 5596 -1
6123 24 5524 5563 -1
6577 10 5524 -1
6595 12 5596 -1
6596 177 5529 5596 -1
6598 6 5543 -1
6618 91 5524 5543 -1
6619 104 5524 -1
6615 160 5543 5563 5582 5596 -1
6616 18 5500 -1
6627 50 5543 -1
6635 9 5543 -1
6649 26 5524 5543 5563 5596 -1
6658 5 5563 -1
6551 2 5524 -1
6714 100 5582 5596 -1
6611 15 5543 5563 -1
6736 33 5543 5596 -1
6726 12 5596 -1
6770 6 5543 -1
6772 77 5524 5563 5596 -1
6783 4 5596 -1
6784 42 5596 -1
6813 1 5596 -1
6818 2 5529 -1
6841 2 5596 -1
6842 1 5596 -1
6843 1 5596 -1
6844 1 5596 -1
6846 6 5563 -1
6855 14 5524 -1
6859 11 5524 -1
6620 93 5524 5543 5563 5582 -1
6867 5 5543 -1
6865 19 5543 5563 -1
6895 6 5563 -1
6896 4 5543 -1
6900 31 5524 -1
6902 28 5563 -1
6914 95 5500 5529 5582 -1
6906 49 5582 -1
6907 191 5500 5529 5582 -1
6916 54 5582 -1
6911 5 5582 -1
6921 1 5543 -1
6922 1 5543 -1
6928 1 5563 -1
6934 65 5524 5529 5582 -1
6935 2 5524 -1
6936 1 5524 -1
6941 57 5529 -1
6976 41 5582 -1
7054 40 5500 -1
7047 161 5529 -1
7049 27 5529 -1
7057 118 5500 5529 -1
7092 93 5529 -1
7099 18 5582 -1
7100 15 5582 -1
7129 11 5500 -1
6994 19 5582 -1
7183 9 5529 -1
7231 101 5500 5529 -1
7236 23 5500 -1
7262 11 5500 5529 -1
7280 89 5529 -1
5949 3 5582 -1
7579 9 5529 -1
7580 19 5500 -1
7598 33 5529 -1
7602 1 5500 -1
7614 39 5529 -1
7649 10 5529 -1
7679 26 5529 -1
7682 36 5529 -1
7755 13 5529 -1
7766 13 5529 -1
7806 2 5529 -1