24 309 6097 -1
36 227 6006 6044 -1
58 38 6044 -1
72 164 6004 -1
86 122 6094 -1
71 109 6094 -1
87 195 6006 -1
103 68 6097 -1
68 275 6083 6097 6098 -1
109 190 6001 6006 6043 6097 -1
136 99 6000 6006 -1
143 94 6004 -1
173 334 6006 6043 6098 -1
178 63 6006 6098 -1
166 93 6004 6044 -1
306 244 6029 -1
311 321 6097 -1
319 199 6006 6097 -1
339 80 6043 -1
398 7 6001 -1
457 732 6001 6004 6006 6009 6010 6021 6032 6044 6094 6097 -1
580 30 6032 6043 -1
600 214 6004 -1
633 55 6004 -1
667 19 6006 -1
737 232 6000 6001 6004 6032 6044 6047 6097 -1
766 773 6001 6004 6006 6029 6032 6043 6044 6098 -1
813 272 6098 -1
838 36 6004 -1
988 292 6044 -1
1000 60 6027 6029 -1
1009 44 6029 -1
1055 196 6004 -1
1063 29 6006 -1
1074 95 6004 -1
1098 305 6004 6032 6043 6097 -1
1133 399 6004 6009 6021 6029 6094 6098 -1
1151 472 6006 6032 6043 6094 -1
1164 39 6006 -1
1166 599 6000 6004 6006 6023 6094 6098 -1
1210 218 6004 -1
1215 65 6094 -1
1286 65 6032 -1
1374 462 6004 6032 6043 6044 -1
1385 35 6004 -1
1184 79 6098 -1
1470 156 6004 6006 -1
1542 244 6009 6029 6059 6083 6096 6097 6098 -1
1549 587 6097 -1
1554 6 6094 -1
1010 6 6029 -1
1612 68 6097 -1
1701 112 6098 -1
1730 45 6094 -1
1737 9 6098 -1
1748 76 6006 -1
1762 47 6004 -1
1799 48 6044 -1
1814 105 6001 6004 6023 -1
1835 73 6000 -1
1896 51 6001 -1
1937 13 6009 -1
1972 181 6006 -1
2001 39 6029 -1
2115 16 6094 -1
2145 145 6006 6096 6097 -1
2186 61 6006 6098 -1
2256 247 6029 -1
2264 58 6029 -1
2276 32 6004 -1
2290 120 6055 -1
2299 67 6032 -1
2369 189 6001 6041 6044 -1
2375 49 6004 -1
2376 26 6006 -1
2384 72 6029 -1
2485 324 6032 6043 -1
2504 100 6006 6094 -1
2508 13 6004 -1
2516 44 6009 -1
2547 105 6098 -1
2552 5 6094 -1
2560 180 6043 -1
2565 893 6000 6004 6032 6043 6044 6097 -1
2576 146 6029 6044 -1
2595 49 6006 -1
2605 64 6006 6080 -1
2613 25 6098 -1
2623 108 6094 -1
2655 49 6006 -1
2658 307 6000 6032 6043 6044 -1
2677 40 6097 -1
2688 618 6023 6029 6047 6094 -1
2667 126 6006 6029 6078 6094 6096 6098 -1
2693 149 6004 -1
2744 39 6006 6021 6094 -1
2774 46 6006 -1
2802 9 6023 -1
2851 44 6006 -1
2908 12 6004 -1
2940 123 6000 6004 -1
2972 357 6097 -1
3015 44 6010 -1
3027 39 6044 -1
3028 189 6009 6098 -1
3032 216 6001 -1
3084 62 6043 -1
2003 63 6044 6097 -1
3258 95 6097 -1
3274 69 6043 -1
3297 51 6032 -1
3310 18 6043 -1
3315 13 6001 -1
3348 25 6006 -1
3366 63 6027 -1
3381 180 6000 6097 -1
3393 10 6044 -1
3402 122 6032 -1
3404 89 6029 -1
3447 271 6044 6083 6097 -1
3449 314 6006 6029 6098 -1
3452 131 6006 -1
3453 319 6006 6041 6054 -1
3456 241 6098 -1
3457 166 6004 6041 -1
3459 92 6029 6078 -1
3479 102 6098 -1
3478 42 6006 -1
3498 114 6098 -1
3586 156 6032 6043 6044 -1
3614 205 6006 -1
3631 91 6004 -1
3634 82 6094 -1
3641 212 6004 6098 -1
3642 362 6001 6004 6006 6021 6029 6080 6094 6098 -1
3643 44 6029 -1
3666 144 6098 -1
3691 95 6032 -1
3571 45 6044 -1
3787 232 6044 -1
3830 20 6098 -1
3854 82 6098 -1
3916 42 6083 -1
3965 89 6006 6043 6044 -1
3976 145 6009 6059 6083 6097 6098 -1
3982 20 6097 -1
4036 147 6044 -1
4040 104 6043 -1
4041 68 6098 -1
4045 257 6006 6029 6097 6098 -1
4063 27 6098 -1
4065 131 6004 6097 -1
4073 115 6098 -1
4099 155 6006 -1
4144 76 6006 -1
4175 8 6006 -1
4187 9 6006 -1
4221 42 6001 6032 -1
4291 4 6009 -1
4338 40 6004 -1
4343 7 6006 -1
4347 55 6032 -1
4437 70 6097 -1
4441 202 6006 6032 6043 6098 -1
4476 16 6055 -1
4483 153 6027 6080 -1
4524 9 6000 -1
4536 81 6004 -1
4542 9 6006 -1
4550 100 6029 -1
4557 16 6029 -1
4574 40 6044 -1
4598 71 6080 -1
4632 228 6006 6043 6097 -1
4673 96 6006 -1
2621 8 6023 -1
4717 62 6059 6083 -1
4712 121 6006 6027 -1
4748 38 6009 -1
4764 53 6006 6043 -1
4788 20 6032 -1
4792 62 6032 6044 -1
4813 46 6006 -1
4824 101 6006 6098 -1
4894 79 6027 6029 6088 -1
4899 169 6004 6006 6029 6098 -1
4923 3 6094 -1
4948 214 6044 -1
4960 8 6006 -1
4964 60 6010 6059 -1
4967 361 6001 6006 6029 6047 6078 6083 6096 6097 6098 -1
4970 8 6098 -1
4976 23 6041 -1
4994 19 6043 -1
5002 115 6047 -1
5022 172 6001 6006 6023 6094 -1
5020 139 6059 6080 6094 -1
5028 43 6006 6023 -1
5038 5 6004 -1
5053 52 6043 -1
5059 26 6097 -1
5079 271 6006 6098 -1
5096 14 6044 -1
5106 33 6000 -1
5102 54 6029 -1
5103 127 6006 6032 6097 -1
4828 168 6001 6004 6021 6023 6041 6044 6054 6094 6098 -1
5125 54 6006 -1
5171 41 6098 -1
5172 29 6006 -1
5173 122 6000 -1
4795 73 6032 -1
5176 139 6029 6078 -1
5177 101 6006 6023 6059 6094 -1
5178 19 6098 -1
4310 278 6000 6001 6006 6027 6032 6043 6044 6097 6098 -1
5179 217 6001 6023 6029 6078 6098 -1
5185 152 6001 6004 6006 -1
5188 211 6001 6004 6097 -1
5189 312 6004 6006 6023 6044 6059 6078 6094 6098 -1
5194 10 6023 -1
5197 3 6004 -1
5233 24 6004 6044 -1
5246 44 6029 -1
5262 59 6021 6041 6096 6098 -1
5276 9 6044 -1
5289 6 6004 -1
5301 61 6094 6098 -1
5321 32 6023 -1
5339 10 6023 -1
5342 30 6043 -1
5378 17 6044 -1
5404 40 6023 6094 -1
5399 8 6029 -1
5423 48 6000 6006 -1
5427 37 6023 6080 6096 -1
5437 26 6009 6029 6098 -1
5439 66 6001 6006 6097 -1
5445 63 6094 -1
5457 44 6021 6078 6080 6096 6098 -1
5484 22 6044 -1
5485 21 6044 -1
5524 389 6001 6004 6006 6032 6043 6044 6078 6097 6098 -1
5531 243 6000 6001 6004 6006 6041 6054 6098 -1
5532 26 6004 -1
5543 137 6001 6029 6098 -1
5550 11 6044 -1
5553 46 6004 6006 -1
5582 105 6004 6006 6097 -1
5591 27 6023 -1
5596 30 6059 6078 -1
5600 8 6029 -1
5612 66 6006 6098 -1
5617 22 6044 -1
5624 28 6027 6044 6098 -1
5650 2 6088 -1
5655 139 6004 6032 -1
5658 10 6029 -1
5666 5 6004 -1
5696 50 6004 -1
5697 230 6001 6006 6021 -1
5705 3 6021 -1
5739 45 6023 -1
5772 15 6001 6004 -1
5773 75 6000 6097 -1
5776 14 6023 -1
5787 32 6098 -1
5788 5 6023 -1
5796 191 6001 6006 6032 6055 6098 -1
5799 23 6006 -1
5800 222 6000 6001 6032 6043 6097 -1
5802 385 6000 6004 6006 6032 6043 6047 -1
5806 83 6006 -1
5804 33 6006 -1
5805 16 6023 -1
5807 27 6001 6004 -1
5809 21 6094 -1
5810 29 6006 -1
5811 79 6001 -1
5812 41 6001 6023 -1
5814 144 6004 6032 -1
5816 84 6000 6004 6006 -1
5818 67 6004 6023 -1
5819 61 6004 6098 -1
5821 22 6006 -1
5822 98 6006 6043 6044 6097 -1
5824 41 6001 6004 -1
5834 6 6029 6094 -1
5836 11 6094 -1
5857 92 6000 6094 6098 -1
4767 14 6006 -1
5908 19 6004 -1
5915 52 6021 6043 -1
5920 10 6044 -1
5934 42 6021 -1
5940 13 6006 6098 -1
5945 9 6094 6098 -1
5950 4 6004 -1
5966 7 6023 -1
5960 4 6094 -1
5961 11 6088 -1
5998 81 6006 6097 -1
5999 20 6044 -1
6007 6 6080 6094 -1
4409 7 6043 -1
6020 25 6021 -1
6023 30 6006 -1
6002 1 6025 -1
6032 80 6006 6097 -1
6038 6 6029 -1
6039 1 6029 -1
6045 7 6041 -1
6046 2 6044 -1
6056 1 6059 -1
6057 1 6059 -1
6058 1 6059 -1
6062 2 6098 -1
6070 3 6098 -1
6072 54 6004 6044 -1
6068 32 6094 6098 -1
6077 1 6078 -1
6079 1 6080 -1
6081 3 6083 -1
6082 18 6083 -1
6089 1 6090 -1
6097 26 6006 6098 -1
6094 11 6098 -1
6126 11 6004 6006 6094 -1
6129 1 6094 -1
6128 2 6094 -1
6127 3 6094 -1
6146 9 6006 -1
6156 22 6006 -1
6182 3 6006 -1
6218 53 6006 6032 6043 -1
6220 18 6006 -1
6223 17 6006 -1
6241 75 6097 -1
6245 8 6023 -1
6243 35 6000 -1
6263 4 6023 -1
6270 88 6001 6006 6097 -1
6272 76 6000 6043 6047 6097 -1
6274 9 6032 6044 -1
6299 78 6006 6097 -1
6305 190 6004 6006 6032 6044 6047 -1
6313 2 6004 -1
6320 23 6006 -1
6334 4 6006 -1
6346 17 6004 -1
6347 11 6006 -1
6359 81 6001 6097 -1
6327 108 6001 6006 6097 -1
6394 8 6006 -1
6421 23 6001 -1
6436 3 6004 -1
6442 4 6006 -1
6443 70 6006 -1
6444 1 6006 -1
6448 1 6006 -1
6445 7 6006 -1
850 4 6006 -1
6446 1 6006 -1
6447 12 6006 -1
6458 28 6000 6004 -1
6479 13 6000 6004 -1
6486 85 6000 6097 -1
6494 101 6004 6032 -1
6500 8 6004 -1
6501 17 6004 -1
6502 12 6044 -1
6510 54 6000 -1
6518 33 6032 6097 -1
6522 29 6004 -1
6525 17 6004 -1
6526 11 6004 -1
6460 58 6032 -1
6538 21 6004 -1
6555 35 6004 -1
6563 58 6097 -1
6596 177 6032 -1
6607 4 6047 -1
6618 91 6000 6001 6097 -1
6619 104 6097 -1
6615 160 6001 6004 6097 -1
6624 135 6032 6043 6044 -1
6627 50 6004 -1
6714 100 6000 6097 -1
6719 3 6004 -1
6736 33 6001 -1
6726 12 6001 6004 -1
6767 2 6004 -1
6772 77 6000 6001 6032 -1
6779 3 6004 -1
6780 6 6004 -1
6781 8 6004 -1
6782 1 6004 -1
6783 4 6004 -1
6784 42 6000 6004 -1
6795 2 6044 -1
6809 2 6001 -1
6620 93 6097 -1
6867 5 6001 -1
6865 19 6001 -1
6875 15 6032 -1
6883 4 6001 -1
6884 1 6001 -1
6885 19 6001 -1
6747 4 6001 -1
6886 7 6001 6097 -1
6895 6 6032 6097 -1
6914 95 6000 -1
6907 191 6000 6043 6044 -1
6916 54 6000 -1
6924 16 6044 -1
6934 65 6000 6097 -1
5529 39 6044 -1
6945 18 6000 -1
6976 41 6043 6097 -1
6993 81 6000 6032 6043 -1
7005 13 6032 6043 -1
7012 10 6043 -1
7052 142 6000 6032 6097 -1
7047 161 6032 6043 6044 -1
7057 118 6000 6032 6043 6044 -1
7064 3 6097 -1
7038 7 6097 -1
7080 70 6000 -1
6946 68 6032 -1
7086 123 6000 6044 -1
7088 5 6097 -1
7092 93 6000 6032 6043 6044 -1
5015 14 6044 -1
7131 24 6032 -1
7132 30 6043 -1
7225 47 6000 6032 -1
7231 101 6000 6043 -1
7236 23 6032 -1
7239 21 6000 -1
7241 21 6032 -1
7280 89 6032 6043 6044 -1
7301 27 6044 -1
7294 39 6032 -1
7378 38 6044 -1
7391 52 6032 -1
7400 15 6032 -1
7443 10 6043 -1
7485 1 6000 -1
7486 1 6000 -1
7487 1 6000 -1
7511 16 6043 -1
7544 11 6032 -1
7564 31 6044 -1
7598 33 6043 -1
7614 39 6032 -1
7649 10 6044 -1
7691 19 6032 -1
7727 30 6032 -1
7733 45 6032 -1
7755 13 6043 6044 -1
7769 19 6032 -1
7774 35 6044 -1
7792 7 6032 -1
7812 6 6043 -1
7829 4 6044 -1
7865 24 6044 -1
7901 30 6044 -1
7910 4 6044 -1
7929 4 6044 -1
8009 1 6044 -1
8010 2 6044 -1
8011 1 6044 -1
8012 7 6044 -1
8013 1 6044 -1