11 743 3903 3926 3937 3956 3958 3967 3970 -1
24 309 3903 3910 -1
37 20 3976 -1
47 146 3946 -1
72 164 3970 -1
86 122 3970 -1
71 109 3970 -1
87 195 3912 3962 -1
89 29 3921 3974 -1
90 72 3958 -1
68 275 3946 3949 3958 3980 -1
109 190 3962 -1
122 213 3903 3926 3958 3970 3976 -1
113 89 3926 -1
127 132 3976 -1
136 99 3919 -1
147 58 3970 -1
151 74 3970 -1
173 334 3910 3976 -1
166 93 3946 -1
203 31 3903 -1
291 35 3976 -1
306 244 3976 -1
308 142 3976 -1
310 230 3967 -1
311 321 3969 3976 -1
313 54 3946 -1
319 199 3910 3958 -1
346 86 3926 3971 -1
351 11 3946 -1
193 21 3971 -1
366 14 3976 -1
371 117 3967 3976 -1
325 25 3967 -1
457 732 3910 3911 3919 3922 3956 3958 3962 3976 -1
465 17 3937 3939 3942 3967 -1
546 142 3946 -1
582 34 3956 -1
600 214 3962 -1
663 158 3910 3962 -1
688 5 3967 -1
689 47 3926 -1
695 118 3976 -1
722 264 3958 -1
737 232 3919 -1
697 100 3970 -1
749 66 3970 -1
763 68 3976 -1
766 773 3910 3956 3958 3962 3969 3976 -1
762 50 3976 -1
788 113 3946 3971 3976 -1
784 224 3976 -1
813 272 3967 3976 -1
816 29 3922 -1
825 165 3908 3910 3926 3946 3969 3970 3976 -1
841 61 3914 -1
840 7 3962 -1
854 99 3976 -1
856 91 3962 -1
852 39 3946 3976 -1
879 122 3942 3956 3976 -1
974 36 3946 3976 -1
986 77 3970 -1
988 292 3903 3926 3937 3970 -1
993 238 3926 3970 -1
996 297 3958 -1
1041 49 3956 -1
1044 9 3926 -1
1055 196 3976 -1
1062 156 3956 -1
1074 95 3919 -1
1097 88 3926 -1
1133 399 3912 3922 3956 3958 3976 -1
1151 472 3903 3926 3937 3962 3976 -1
1166 599 3910 3926 3937 3958 3967 3976 -1
1167 158 3976 -1
1185 43 3958 -1
1200 107 3976 -1
1210 218 3926 3958 3976 -1
1221 77 3903 3956 -1
1241 35 3903 -1
1267 61 3970 -1
1279 124 3956 -1
1297 76 3946 -1
1305 290 3903 3946 3973 -1
1319 181 3967 -1
1353 30 3976 -1
1374 462 3910 3958 3962 3973 3976 -1
1395 199 3970 -1
1428 183 3970 -1
1470 156 3910 -1
1473 91 3903 3970 -1
1506 41 3976 -1
1522 139 3903 3922 3937 3956 3971 3976 -1
1537 68 3956 -1
1542 244 3910 3967 3976 -1
1549 587 3903 3912 3926 3939 3970 -1
1550 42 3903 3958 -1
1560 3 3933 -1
1608 355 3926 3946 -1
1644 48 3976 -1
1661 66 3962 -1
1647 19 3967 -1
1697 70 3970 -1
1700 93 3976 -1
1717 96 3976 -1
1730 45 3970 3976 -1
1733 42 3970 -1
1748 76 3976 -1
1749 68 3926 3937 -1
1754 23 3958 -1
1767 97 3926 3937 3946 -1
1772 141 3922 3933 3967 3970 3999 -1
1751 35 3926 3937 -1
1799 48 3969 3970 -1
1808 129 3976 -1
1813 41 3956 3967 -1
1820 90 3903 -1
1847 47 3910 -1
1875 33 3903 -1
1891 36 3976 -1
1922 204 3937 3946 -1
827 3 3946 -1
1972 181 3903 3970 -1
1982 29 3919 -1
1985 56 3956 -1
1990 36 3919 -1
1794 26 3970 -1
2001 39 3910 3976 -1
2065 50 3970 -1
2102 45 3912 3976 -1
2109 47 3926 3946 -1
2114 39 3970 -1
2118 113 3939 -1
2129 44 3903 3958 -1
2145 145 3903 -1
2174 65 3903 -1
2186 61 3969 -1
2231 66 3976 -1
2237 241 3903 3956 3958 3970 -1
2240 108 3962 3976 -1
2252 22 3946 3970 -1
2256 247 3973 3980 -1
2258 95 3970 -1
2264 58 3926 3937 3942 3958 -1
2290 120 3903 3946 3970 3973 3980 -1
2297 164 3926 3946 3976 -1
2299 67 3903 -1
2323 111 3926 3937 3942 3946 -1
2326 252 3903 3921 3926 3933 3937 3967 3970 3976 -1
2328 215 3903 3926 3970 -1
2365 77 3958 -1
2369 189 3910 3976 -1
2381 71 3976 -1
2384 72 3976 -1
2387 66 3910 3958 -1
2398 62 3903 3926 3937 3970 3976 -1
2410 34 3962 -1
2411 141 3967 -1
2440 50 3962 3976 -1
2485 324 3903 3970 -1
2504 100 3903 3926 3956 3971 -1
2516 44 3976 -1
2535 47 3976 -1
2541 37 3946 -1
2542 93 3903 3926 3946 3976 -1
2547 105 3976 -1
2549 70 3937 -1
2557 77 3958 -1
2560 180 3926 3937 3949 3967 -1
2565 893 3903 3910 3926 3937 3946 3956 3958 3962 3967 3969 3976 -1
2576 146 3956 3958 3962 -1
2585 60 3976 -1
2612 29 3958 -1
2613 25 3976 -1
2618 53 3974 -1
2623 108 3914 3921 3933 -1
2619 46 3962 -1
2620 24 3919 -1
2651 269 3903 3910 3911 3914 3926 3933 3956 3958 3967 -1
2653 113 3903 3939 3970 -1
2657 44 3914 -1
2658 307 3956 3958 3962 3969 3976 -1
2674 103 3903 3946 3970 -1
2699 74 3910 3946 -1
2700 168 3903 3926 3970 3971 -1
2686 156 3903 3922 3926 -1
2702 80 3976 -1
2688 618 3903 3910 3919 3922 3926 3933 3937 3956 3958 3970 3973 3976 -1
2689 38 3946 -1
2691 44 3976 -1
2693 149 3910 -1
2774 46 3976 -1
2790 173 3914 3921 3946 3958 3967 3970 3980 -1
2792 18 3976 -1
2819 18 3903 -1
2654 104 3922 3926 3973 -1
2831 39 3958 -1
2833 7 3969 -1
2859 139 3903 3914 3921 3922 3933 3937 3942 3946 3973 3976 3980 -1
2871 282 3903 3926 3937 3946 3949 3967 3970 -1
2872 87 3903 3926 3937 3946 3967 3970 3973 -1
2903 8 3956 -1
2909 57 3910 3976 -1
2932 62 3969 3976 -1
2935 36 3958 -1
2941 11 3970 -1
2951 19 3976 -1
2958 47 3903 -1
2967 238 3903 3912 3956 3958 3976 -1
2972 357 3903 3910 3919 3926 3946 3956 3958 3967 3973 -1
3007 15 3903 3914 -1
3000 43 3919 -1
3010 123 3903 3937 -1
2707 103 3970 3973 -1
3026 175 3903 3910 -1
3027 39 3922 3976 -1
3028 189 3903 3914 3922 3956 3974 -1
3032 216 3910 3926 3937 3946 3958 -1
2713 200 3903 3926 3937 3946 3970 3971 3973 3980 -1
3040 7 3970 -1
3056 44 3958 -1
3055 52 3903 3937 3942 3967 3971 -1
3057 48 3969 -1
2356 57 3903 3926 3937 -1
3073 34 3969 -1
3084 62 3903 -1
3092 81 3910 -1
2842 124 3908 3937 3939 3970 -1
3110 21 3903 -1
2003 63 3926 -1
3127 15 3903 -1
3144 88 3926 -1
3145 18 3958 -1
3168 79 3926 3937 3946 3956 3958 -1
3172 13 3903 -1
3175 41 3903 3926 3937 3967 3970 3973 -1
3191 68 3910 -1
3196 22 3926 3937 -1
3199 13 3926 -1
3209 41 3976 -1
3252 37 3903 -1
3258 95 3903 3967 -1
3274 69 3956 3962 -1
3276 79 3912 3967 -1
3284 20 3939 3942 3946 3970 3973 -1
3291 58 3970 -1
3292 8 3956 -1
3290 36 3926 -1
3320 5 3946 -1
3350 55 3903 3956 3958 -1
3352 273 3903 3910 3921 3926 3937 3958 3967 3970 3976 3999 -1
3366 63 3937 3976 -1
3375 43 3903 3974 -1
3381 180 3969 -1
3392 33 3910 3967 3970 3980 -1
3394 156 3903 3914 3922 3926 3942 3958 3974 -1
3402 122 3910 3946 3956 3958 3962 -1
3404 89 3903 3910 3922 -1
3390 60 3910 3958 -1
3417 30 3910 -1
3435 4 3999 -1
3441 2 3946 -1
3447 271 3910 3911 3958 -1
3449 314 3910 3958 3976 -1
3450 27 3956 3958 3976 -1
3451 98 3912 3956 3958 -1
3452 131 3910 3958 -1
3453 319 3910 3911 3956 3958 -1
3454 148 3912 3922 3926 3937 3956 3958 3976 -1
3455 68 3911 3958 -1
3456 241 3910 3958 -1
3457 166 3946 3970 3973 -1
3458 69 3903 3976 -1
3459 92 3910 3976 -1
3461 101 3956 -1
3462 54 3956 3958 -1
3463 56 3958 -1
3466 17 3969 -1
3479 102 3958 -1
3481 17 3914 -1
3477 53 3937 3946 3967 3970 3971 3973 3980 -1
3478 42 3958 -1
3488 16 3967 -1
2524 7 3946 -1
3498 114 3910 3969 -1
3521 29 3969 -1
3522 71 3910 3976 -1
3527 64 3903 3926 3933 3937 3946 3967 -1
3541 81 3903 3922 3926 3933 3937 3942 3967 -1
3544 7 3937 -1
3562 40 3970 -1
3568 147 3910 3946 3949 3970 3973 -1
3569 42 3926 3937 3946 -1
3576 4 3970 -1
3586 156 3962 -1
3601 52 3958 -1
3614 205 3910 3921 3958 -1
3615 144 3903 3910 3926 3933 3937 3946 3956 3967 3969 3970 3980 3999 -1
3622 22 3903 -1
3624 64 3999 -1
3630 32 3946 3973 -1
3631 91 3910 3914 3937 3946 3967 3973 -1
3633 48 3926 3933 3946 -1
3634 82 3976 -1
3635 63 3926 3933 3937 3967 3970 3980 -1
3636 11 3926 3937 -1
3637 4 3910 -1
3641 212 3946 3962 3969 -1
3642 362 3919 3922 3937 3969 3976 -1
3643 44 3946 3956 3967 3970 -1
3645 40 3970 -1
3647 13 3903 3926 3937 -1
3659 38 3912 3914 3922 -1
3660 87 3967 -1
3661 36 3903 3926 3937 3967 -1
3666 144 3910 3942 3946 3958 3976 -1
3667 6 3971 -1
3682 75 3926 3933 3937 3942 3946 3967 3970 3980 -1
3691 95 3969 -1
3724 93 3914 3926 3933 3937 3946 -1
3571 45 3926 -1
3728 85 3946 3976 -1
3742 3 3976 -1
3751 11 3946 -1
3752 15 3962 -1
3762 8 3912 -1
3763 3 3933 -1
3775 12 3970 3974 -1
3786 99 3910 3946 3958 3967 -1
3787 232 3910 3958 3976 -1
3796 113 3976 -1
3798 23 3969 -1
3799 6 3903 -1
3802 8 3922 3926 3937 -1
3812 53 3967 3976 -1
3813 94 3962 -1
3814 47 3967 -1
3815 20 3922 -1
3830 20 3911 -1
3835 35 3970 -1
3842 15 3926 3937 3946 3970 -1
3843 18 3958 -1
3854 82 3958 -1
3877 13 3976 -1
3900 3 3903 -1
3901 1 3903 -1
3902 43 3903 3956 3958 3976 -1
3910 33 3976 -1
3912 17 3937 -1
3924 5 3949 3967 -1
3935 1 3937 -1
3936 1 3937 -1
3941 1 3942 -1
3947 3 3946 -1
3945 2 3946 -1
3948 26 3946 3970 -1
3949 30 3967 3970 3980 -1
3956 85 3958 3971 3976 3980 -1
3961 16 3970 -1
3965 89 3969 3976 -1
3966 1 3967 -1
3957 1 3970 -1
3968 1 3970 -1
3969 90 3910 3970 -1
3976 145 3958 -1
3982 20 3910 -1
4001 28 3976 -1
4036 147 3958 3969 -1
4040 104 3910 3976 -1
2981 44 3910 -1
4044 89 3976 -1
4045 257 3919 3956 3958 -1
4046 89 3958 -1
4077 77 3910 -1
4065 131 3956 3958 -1
4070 111 3958 -1
4071 17 3910 -1
4099 155 3910 3958 -1
4076 86 3912 3976 -1
4127 41 3976 -1
4133 2 3956 -1
4136 26 3976 -1
4138 64 3958 -1
4144 76 3976 -1
4150 16 3976 -1
4219 112 3956 3958 3976 -1
4220 3 3976 -1
4222 41 3922 3962 3976 -1
4223 7 3976 -1
4276 52 3910 3958 -1
4347 55 3962 -1
4353 80 3910 3976 -1
4355 50 3910 -1
4364 39 3958 -1
4377 11 3958 -1
4400 5 3976 -1
4430 6 3958 -1
4433 24 3956 -1
4436 2 3958 -1
4437 70 3958 -1
4440 6 3956 3958 -1
4441 202 3956 3958 3976 -1
4448 36 3910 -1
4483 153 3962 -1
4531 14 3956 -1
4536 81 3922 -1
4547 45 3956 3958 -1
4550 100 3910 -1
4564 33 3956 3976 -1
4574 40 3919 -1
4576 10 3919 -1
4588 11 3958 -1
4598 71 3956 -1
4599 1 3956 -1
4608 1 3958 -1
4607 1 3958 -1
4609 2 3958 -1
4630 4 3976 -1
4487 31 3976 -1
4632 228 3910 3958 -1
4653 114 3910 -1
4666 24 3958 -1
4673 96 3919 -1
4686 57 3976 -1
4710 8 3910 -1
4718 46 3910 -1
4712 121 3910 -1
4726 15 3910 -1
4756 34 3958 3976 -1
4748 38 3910 3976 -1
4760 7 3911 -1
4792 62 3962 -1
4824 101 3958 -1
4829 78 3910 3962 -1
4899 169 3910 -1
4926 7 3962 -1
4943 31 3962 -1
4948 214 3910 3976 -1
4964 60 3910 -1
4967 361 3910 3919 3958 -1
4976 23 3976 -1
4981 53 3962 -1
5022 172 3919 3922 -1
5020 139 3910 3919 3976 -1
5028 43 3962 -1
5029 26 3910 -1
5053 52 3969 -1
5079 271 3919 3976 -1
5110 84 3910 3976 -1
4828 168 3976 -1
5123 69 3910 -1
5139 11 3976 -1
5140 51 3910 -1
5166 48 3962 -1
5173 122 3962 3969 -1
4795 73 3922 -1
5176 139 3958 -1
5177 101 3919 3976 -1
5178 19 3919 -1
4310 278 3919 3976 -1
5179 217 3919 3958 3969 -1
5181 41 3919 -1
5184 68 3910 -1
5185 152 3919 -1
5189 312 3910 3958 3962 3976 -1
5246 44 3910 -1
5262 59 3922 -1
5263 75 3922 -1
5286 10 3910 -1
5296 16 3910 -1
5333 3 3910 -1
5339 10 3976 -1
4591 2 3910 -1
5356 1 3910 -1
5357 1 3910 -1
5358 1 3910 -1
5427 37 3976 -1
5445 63 3969 -1
5454 19 3958 -1
5472 16 3962 -1
5524 389 3919 3962 -1
5531 243 3919 3969 3976 -1
5532 26 3976 -1
5534 14 3976 -1
5193 18 3919 -1
5543 137 3962 -1
5612 66 3958 3962 -1
5617 22 3976 -1
5624 28 3922 -1
5640 2 3976 -1
5644 21 3976 -1
5655 139 3976 -1
5647 8 3976 -1
5675 8 3958 -1
5684 18 3976 -1
5686 3 3962 -1
5691 49 3922 -1
5697 230 3919 3976 -1
5709 11 3919 -1
5739 45 3919 3976 -1
5800 222 3962 -1
5802 385 3919 3962 3969 -1
5814 144 3919 3962 -1
5817 75 3976 -1
5819 61 3922 -1
5822 98 3919 3962 -1
5857 92 3976 -1
5862 24 3976 -1
5896 10 3922 -1
5913 5 3976 -1
5915 52 3976 -1
5916 9 3976 -1
4927 1 3976 -1
5914 2 3976 -1
5871 50 3976 -1
5917 1 3976 -1
5934 42 3919 -1
5998 81 3962 -1
6006 68 3962 -1
6043 39 3962 -1
6064 4 3919 -1
6068 32 3962 -1
6174 10 3962 -1
6217 31 3919 -1
6218 53 3962 -1
6221 31 3962 -1
6241 75 3962 3969 -1
6305 190 3919 -1
6320 23 3969 -1
6346 17 3919 -1
6421 23 3919 -1
6486 85 3919 -1
6523 33 3962 -1
6460 58 3962 -1
6563 58 3962 -1
6596 177 3962 -1
6624 135 3962 3969 -1
6630 1 3919 -1
6657 11 3962 -1
6914 95 3962 -1
6907 191 3962 3969 -1
6918 29 3962 -1
6941 57 3969 -1
6975 10 3962 -1
6993 81 3962 -1
7005 13 3962 -1
7052 142 3962 3969 -1
7047 161 3962 -1
7055 98 3969 -1
7057 118 3962 3969 -1
7080 70 3962 -1
7092 93 3962 3969 -1
7131 24 3962 -1
7164 4 3962 -1
7227 12 3962 -1
7231 101 3962 -1
7239 21 3969 -1
7262 11 3969 -1
7280 89 3962 -1
7294 39 3962 -1
7335 15 3962 -1
7378 38 3962 -1
7387 4 3962 -1
7390 24 3962 -1
7405 18 3962 -1
7443 10 3962 -1
7449 39 3962 -1
7578 28 3962 -1
7598 33 3962 -1
7614 39 3962 -1
7659 6 3962 -1
7691 19 3962 -1
7697 19 3962 -1
7727 30 3962 -1
7733 45 3962 -1
7744 50 3962 -1
7768 11 3962 -1
7769 19 3962 -1
7808 12 3962 -1
7882 11 3962 -1
7910 4 3962 -1
7915 1 3962 -1
7916 2 3962 -1