6 302 4134 -1
11 743 4103 4124 4162 4179 -1
14 114 4179 -1
20 187 4179 -1
47 146 4189 -1
53 39 4162 4183 4191 -1
29 150 4103 -1
27 102 4189 4191 -1
87 195 4110 4124 4191 -1
90 72 4191 -1
103 68 4191 -1
68 275 4111 4124 4162 4179 -1
122 213 4117 4162 4191 -1
127 132 4179 -1
136 99 4191 -1
173 334 4124 -1
166 93 4191 -1
259 56 4110 -1
291 35 4179 -1
306 244 4138 4162 -1
319 199 4103 -1
335 46 4191 -1
356 18 4110 -1
364 14 4110 -1
371 117 4110 -1
383 45 4110 -1
395 42 4175 4179 -1
427 6 4175 4179 -1
432 157 4124 -1
457 732 4124 4173 4191 -1
546 142 4173 4191 4199 -1
556 121 4124 -1
600 214 4191 -1
634 150 4175 -1
643 46 4117 4179 -1
657 1 4110 -1
722 264 4103 -1
727 32 4191 -1
749 66 4124 -1
759 77 4191 -1
766 773 4103 4110 4124 4134 4138 4162 4175 4179 4189 4191 -1
769 146 4110 -1
784 224 4103 4179 -1
789 317 4103 4124 4191 -1
813 272 4124 4138 4162 4179 4181 -1
820 16 4110 -1
334 41 4179 -1
825 165 4103 4110 4124 4173 4191 -1
844 45 4110 -1
842 30 4110 -1
854 99 4175 4179 -1
856 91 4103 4110 4191 -1
879 122 4124 4162 4191 -1
787 12 4103 -1
946 110 4179 -1
947 27 4181 -1
974 36 4191 -1
982 47 4191 -1
996 297 4179 -1
1024 41 4162 -1
1032 39 4191 -1
1041 49 4103 4127 -1
1051 46 4175 4179 -1
1055 196 4175 4191 -1
1075 74 4110 4179 -1
1097 88 4124 -1
1111 60 4191 -1
1127 62 4179 -1
1132 57 4117 -1
1133 399 4103 4110 4124 4127 4138 4175 4188 4189 4191 4199 -1
1137 135 4162 -1
1142 48 4110 -1
1151 472 4103 4124 4179 4191 -1
1166 599 4103 4110 4124 4127 4134 4189 4191 -1
1167 158 4110 -1
1196 9 4110 -1
1204 61 4191 -1
1211 79 4138 -1
1247 77 4189 -1
1253 51 4103 -1
1286 65 4127 -1
1305 290 4162 4181 4188 4199 -1
1319 181 4162 -1
1360 22 4189 -1
1374 462 4110 4124 4179 4191 -1
1383 4 4179 -1
1384 37 4110 4179 -1
1385 35 4179 -1
1395 199 4110 4117 -1
1428 183 4179 -1
1468 20 4103 -1
1470 156 4124 4191 -1
1473 91 4110 -1
1492 157 4162 -1
1496 210 4191 -1
1498 6 4191 -1
1500 48 4138 4191 -1
1522 139 4110 4138 4179 -1
1542 244 4124 4127 4191 -1
1549 587 4103 4117 4162 4179 4189 4191 -1
1550 42 4191 -1
1585 102 4138 4179 -1
1592 30 4179 -1
1594 114 4179 -1
1608 355 4162 -1
1612 68 4134 -1
1613 15 4103 -1
1621 80 4191 -1
1661 66 4191 -1
1647 19 4191 -1
1701 112 4110 -1
1700 93 4191 -1
1688 25 4162 4179 -1
1730 45 4110 4191 4199 -1
1748 76 4103 4110 4179 4189 4191 4199 -1
1767 97 4110 4138 4191 -1
1800 20 4175 -1
1808 129 4103 4124 4191 -1
1814 105 4117 -1
1835 73 4110 -1
1838 57 4110 -1
1847 47 4191 -1
1922 204 4124 -1
1946 4 4191 -1
1972 181 4110 4162 4179 -1
1984 7 4191 -1
1986 17 4110 -1
698 11 4110 -1
2064 2 4191 -1
2065 50 4138 -1
2120 122 4179 -1
2129 44 4138 -1
2134 14 4191 -1
2135 146 4124 4179 4191 -1
2145 145 4191 -1
2196 3 4179 -1
2229 143 4191 -1
2237 241 4103 4124 4191 -1
2240 108 4183 -1
2256 247 4110 4111 4173 4179 4181 -1
2257 49 4191 -1
2264 58 4124 -1
2276 32 4110 -1
2290 120 4110 4191 -1
2289 14 4124 -1
2297 164 4103 4124 4162 4179 4191 -1
2298 48 4199 -1
2299 67 4138 -1
2323 111 4103 4179 4191 -1
2326 252 4110 4117 4124 4138 4162 4173 4179 4181 4183 4188 4189 4191 -1
2328 215 4134 4162 -1
2342 5 4191 -1
2365 77 4110 -1
2369 189 4124 4191 -1
2371 124 4124 -1
2376 26 4191 -1
2381 71 4110 4191 -1
2379 45 4110 4162 4179 -1
2398 62 4191 -1
2411 141 4110 4124 -1
2440 50 4191 -1
2485 324 4124 4162 4175 4179 4181 4191 -1
2502 30 4110 -1
2504 100 4191 -1
2506 46 4124 -1
2510 68 4124 -1
2523 5 4175 -1
2542 93 4138 4175 4191 -1
2547 105 4124 4199 -1
2566 32 4138 4191 -1
2559 82 4110 -1
2560 180 4138 4189 4191 -1
2564 50 4191 -1
2565 893 4103 4110 4117 4124 4127 4134 4138 4162 4179 4189 4191 4199 -1
2585 60 4191 -1
2592 13 4191 -1
2594 45 4124 -1
2595 49 4162 4179 -1
2474 142 4124 4191 -1
2605 64 4191 -1
2613 25 4191 -1
2618 53 4191 -1
2623 108 4124 4138 -1
2645 7 4191 -1
2651 269 4103 4110 4111 4162 4179 4181 4191 -1
2653 113 4124 4162 4179 4183 4191 -1
2658 307 4124 4127 4138 4191 -1
2700 168 4103 4110 4111 4138 4162 4173 4179 4191 -1
2686 156 4175 -1
2702 80 4127 -1
2688 618 4103 4110 4124 4162 4173 4175 4179 4191 -1
2660 164 4110 -1
2689 38 4138 -1
2667 126 4175 4191 -1
2693 149 4134 4179 4191 -1
2694 18 4191 -1
2696 64 4124 4191 -1
2697 45 4124 -1
2715 2 4179 -1
2719 21 4162 -1
2727 33 4162 -1
2744 39 4175 -1
2747 79 4191 4199 -1
2770 1 4110 -1
2774 46 4110 -1
2775 35 4191 -1
2778 22 4173 -1
2787 4 4162 -1
2790 173 4124 4191 -1
2822 43 4124 -1
2654 104 4110 4111 4117 -1
2832 50 4191 -1
2859 139 4103 4110 4111 4162 4171 4173 4179 4183 4191 -1
2871 282 4103 4110 4127 4138 4162 4173 4179 4181 4183 4189 4191 -1
2872 87 4103 4110 4117 4162 -1
2909 57 4124 4191 -1
2932 62 4191 -1
2935 36 4124 -1
2940 123 4134 4162 4173 4179 -1
2964 70 4110 4162 4179 -1
2967 238 4103 4110 4117 4124 4138 4162 4179 4181 4191 -1
2968 55 4124 4173 4179 4191 -1
2972 357 4103 4124 4162 4173 4175 -1
2974 15 4110 4173 -1
2983 28 4127 -1
2991 7 4179 -1
2999 7 4191 -1
3007 15 4191 -1
2707 103 4110 4117 4124 4179 4189 -1
3024 52 4173 -1
3026 175 4124 4162 4181 4183 4189 4191 -1
3028 189 4124 4138 4189 4191 -1
3032 216 4138 4179 4191 -1
3034 38 4124 -1
2713 200 4138 4162 4171 4173 4179 4181 4191 4199 -1
3057 48 4110 4124 -1
3059 32 4124 -1
2356 57 4179 -1
3081 20 4191 -1
3086 8 4191 -1
3092 81 4124 4191 -1
2842 124 4138 4173 4179 4191 -1
3168 79 4103 4110 4179 4191 -1
3173 7 4191 -1
3185 2 4124 -1
3192 56 4124 4173 4179 4189 -1
3191 68 4191 -1
3209 41 4124 -1
3225 13 4103 -1
3227 19 4191 -1
3258 95 4183 4191 -1
3276 79 4110 4138 4162 4181 4191 -1
3284 20 4171 4173 -1
3291 58 4162 -1
3315 13 4191 -1
3321 18 4110 4124 4191 -1
3326 18 4162 -1
3334 13 4191 -1
3345 35 4175 -1
3352 273 4110 4124 4138 4162 4179 4181 4191 -1
3366 63 4124 4127 4175 4199 -1
3373 12 4162 4179 4191 -1
3378 41 4162 4179 -1
3388 15 4179 -1
3394 156 4124 4189 4191 -1
3399 3 4181 -1
3402 122 4124 4199 -1
3404 89 4138 4175 -1
3390 60 4124 -1
3417 30 4181 -1
3439 88 4110 4124 -1
3447 271 4124 4127 4189 4191 -1
3449 314 4103 4124 4127 4175 4189 4191 -1
3451 98 4103 4110 4162 4179 4191 -1
3452 131 4111 4124 4175 4179 4191 -1
3453 319 4103 4124 4191 -1
3454 148 4103 4111 4124 4138 4162 4179 4188 4191 -1
3455 68 4124 4189 4191 -1
3456 241 4124 4138 4191 -1
3457 166 4124 4199 -1
3458 69 4162 4179 -1
3461 101 4110 4191 -1
3462 54 4124 4189 -1
3463 56 4199 -1
3479 102 4138 4191 -1
3482 24 4191 -1
3478 42 4138 4179 -1
3519 48 4191 -1
3522 71 4124 -1
3541 81 4110 4162 4179 4191 -1
3557 10 4199 -1
3562 40 4124 4191 -1
3568 147 4103 4110 4124 4138 4162 4171 4173 4179 4189 4191 -1
3579 2 4181 -1
3601 52 4138 4191 -1
3603 12 4189 -1
3614 205 4110 4124 4162 4191 -1
3615 144 4111 4124 4179 -1
3624 64 4110 4162 4191 -1
3631 91 4103 4117 4173 4179 4181 4199 -1
3633 48 4110 4162 4173 4181 -1
3634 82 4191 -1
3635 63 4138 4191 -1
3641 212 4110 4124 4162 4171 4173 4179 4191 -1
3642 362 4134 4175 -1
3643 44 4191 -1
3645 40 4110 4162 4179 -1
3655 9 4103 4110 -1
3658 39 4191 -1
3659 38 4188 -1
3660 87 4110 4124 4138 4181 4191 -1
3666 144 4110 4124 4179 4191 -1
3682 75 4110 4162 4173 4181 -1
3691 95 4124 4191 -1
3714 15 4162 4179 -1
3719 14 4191 -1
3724 93 4110 4138 4162 4179 4181 4183 -1
3728 85 4110 4175 -1
3729 11 4191 -1
3748 30 4124 -1
3752 15 4179 -1
3720 11 4183 -1
3767 16 4110 4173 -1
3780 3 4110 -1
3785 18 4179 4189 4199 -1
3786 99 4127 4173 4191 -1
3787 232 4103 4124 4191 -1
3796 113 4124 4127 4191 -1
3794 46 4189 4191 -1
3806 45 4138 4191 -1
3812 53 4117 -1
3813 94 4138 4162 4179 4191 -1
3814 47 4103 4110 4162 4173 4181 -1
3827 2 4110 -1
3830 20 4191 -1
3851 2 4138 -1
3854 82 4124 4191 4199 -1
3865 2 4138 -1
3872 15 4162 4179 -1
3890 3 4110 -1
3897 9 4199 -1
3948 26 4110 4117 4138 -1
3949 30 4162 4179 -1
3956 85 4124 4138 -1
3960 23 4191 -1
3961 16 4103 4110 -1
3965 89 4191 -1
3969 90 4138 4191 -1
3973 33 4138 4162 4179 4181 4191 -1
3976 145 4110 4124 4127 4189 4191 -1
3977 14 4191 -1
4001 28 4127 4191 -1
4013 21 4138 -1
4027 6 4162 4179 -1
4036 147 4138 4162 4175 -1
4037 15 4138 -1
4039 9 4110 4162 -1
4041 68 4124 -1
4042 21 4162 4179 -1
2981 44 4124 4162 -1
4044 89 4191 4199 -1
4045 257 4103 4124 4175 -1
4046 89 4103 4189 -1
4056 23 4110 4162 -1
4063 27 4191 -1
4077 77 4191 -1
4065 131 4162 4179 4181 -1
4079 4 4179 4181 -1
4070 111 4127 4175 4189 -1
4072 29 4191 -1
4073 115 4124 4181 4189 4191 4199 -1
4074 33 4138 4191 4199 -1
4095 2 4110 -1
4099 155 4110 -1
4108 1 4110 -1
4104 3 4110 -1
4105 1 4110 -1
4109 1 4110 -1
4106 1 4110 -1
4107 1 4110 -1
4111 16 4173 -1
4116 12 4117 -1
4119 6 4110 -1
4076 86 4103 4138 4179 -1
4123 25 4179 -1
4124 50 4138 4191 -1
4127 41 4191 -1
4136 26 4138 -1
4138 64 4191 -1
4144 76 4138 4175 4179 4191 -1
4150 16 4191 -1
4151 84 4124 -1
4163 2 4162 -1
4164 3 4162 -1
4167 1 4168 -1
4170 1 4171 -1
4174 1 4179 -1
4175 8 4179 -1
4176 1 4179 -1
4177 1 4179 -1
4178 3 4179 4191 -1
4180 1 4181 -1
3819 10 4181 -1
4186 6 4191 -1
4191 20 4138 -1
4197 7 4199 -1
4211 65 4191 -1
4212 53 4103 4124 4191 -1
4213 3 4191 -1
4214 9 4138 -1
4219 112 4103 4124 4189 -1
4222 41 4199 -1
4223 7 4138 -1
4221 42 4134 -1
4228 3 4138 -1
4252 5 4124 -1
4255 9 4138 -1
4295 17 4189 -1
4297 38 4191 -1
4298 9 4189 4191 -1
4308 7 4191 -1
4315 29 4189 4191 -1
4316 8 4191 -1
4318 3 4191 -1
4338 40 4191 -1
4333 2 4191 -1
4334 1 4191 -1
4335 32 4191 -1
4336 1 4191 -1
4337 1 4191 -1
4353 80 4127 -1
4363 22 4191 -1
4428 12 4124 -1
4441 202 4124 -1
4448 36 4127 -1
4461 2 4199 -1
4476 16 4191 -1
4483 153 4110 4191 -1
4489 15 4191 -1
4500 2 4199 -1
4511 15 4103 4110 -1
4516 1 4199 -1
4534 19 4191 -1
4536 81 4191 -1
4547 45 4189 -1
4550 100 4191 -1
4564 33 4191 -1
4566 3 4110 -1
4574 40 4103 4191 -1
4487 31 4191 -1
4632 228 4103 4124 4175 -1
4633 12 4103 -1
4653 114 4127 4191 -1
4663 10 4191 -1
4686 57 4191 -1
4688 59 4103 4189 -1
4718 46 4175 -1
4712 121 4175 -1
4725 36 4103 -1
4746 18 4124 -1
4774 13 4103 -1
4798 4 4103 -1
4814 20 4189 -1
4818 28 4124 4191 -1
4829 78 4124 4127 -1
4833 6 4124 -1
4859 30 4124 4191 -1
4846 34 4189 4191 -1
4894 79 4191 -1
4899 169 4124 -1
4937 17 4124 4191 -1
4943 31 4124 -1
4947 10 4124 -1
4948 214 4124 4191 -1
4957 1 4189 -1
4964 60 4124 -1
4967 361 4124 4127 4134 4175 -1
4973 8 4124 -1
4976 23 4191 -1
4981 53 4191 -1
4993 4 4124 -1
4994 19 4191 -1
4995 1 4191 -1
4996 1 4191 -1
5006 28 4124 -1
5008 27 4191 -1
5011 10 4191 -1
5012 14 4124 -1
5022 172 4134 -1
5036 4 4124 -1
5046 2 4124 4191 -1
5047 1 4124 -1
5048 6 4124 -1
5051 8 4175 -1
5053 52 4175 -1
5069 5 4127 -1
5079 271 4134 -1
5099 14 4191 -1
5103 127 4134 -1
5123 69 4175 -1
5171 41 4191 -1
5175 35 4191 -1
5176 139 4127 4191 -1
4310 278 4127 4175 4191 -1
5184 68 4191 -1
5185 152 4134 -1
5189 312 4175 4191 -1
5190 80 4191 -1
5203 15 4191 -1
5207 13 4191 -1
5233 24 4127 -1
5243 19 4127 -1
5250 14 4191 -1
5254 33 4191 -1
5285 21 4191 -1
5295 22 4191 -1
5313 12 4191 -1
5316 24 4191 -1
5317 18 4191 -1
5321 32 4191 -1
5339 10 4191 -1
5360 15 4191 -1
5427 37 4191 -1
5454 19 4191 -1
5468 10 4191 -1
5474 8 4191 -1
5495 4 4191 -1
5515 7 4191 -1
5516 2 4191 -1
5517 1 4191 -1
5518 1 4191 -1
5519 1 4191 -1
5520 2 4191 -1
5521 3 4191 -1
5522 1 4191 -1
5523 1 4191 -1
5524 389 4134 4191 -1
5525 1 4191 -1
5526 6 4191 -1
5527 2 4191 -1
5530 1 4191 -1
5531 243 4134 4175 4191 -1
5528 6 4191 -1
5532 26 4191 -1
5543 137 4134 -1
5596 30 4134 -1
5612 66 4134 -1
5684 18 4175 -1
5697 230 4134 4175 -1
5714 44 4175 -1
5796 191 4134 -1
5800 222 4134 -1
5817 75 4134 -1
5819 61 4175 -1
5827 15 4175 -1
5862 24 4175 -1
5936 2 4175 -1
5940 13 4175 -1
6013 3 4175 -1
4409 7 4175 -1
6014 1 4175 -1
6015 3 4175 -1
6016 10 4175 -1
6017 2 4175 -1
6018 1 4175 -1
6019 1 4175 -1
6165 4 4134 -1
6170 14 4134 -1
6270 88 4134 -1
6323 44 4134 -1
6443 70 4134 -1
6577 10 4134 -1
6649 26 4134 -1
6772 77 4134 -1
6620 93 4134 -1
6896 4 4134 -1
6938 4 4134 -1
6940 1 4134 -1
6941 57 4134 -1
5529 39 4134 -1