6 302 1007 1014 1022 1026 1032 1035 1043 1055 1062 -1
8 182 1092 -1
9 81 1049 -1
11 743 1000 1006 1012 1018 1022 1031 1032 1034 1035 1049 1055 1061 1062 1075 1080 1092 1097 -1
12 65 1014 -1
14 114 1031 1053 1080 -1
15 50 1006 -1
20 187 1034 1044 1055 1062 1075 -1
21 76 1014 1049 -1
23 74 1014 1029 1039 1053 1061 -1
24 309 1018 1034 1043 1053 1075 1080 -1
28 133 1014 1026 1030 1077 -1
36 227 1023 1026 1038 1075 -1
35 65 1023 1026 1075 -1
39 41 1007 -1
42 89 1024 1026 1053 1075 -1
49 15 1031 -1
29 150 1014 1026 1053 1061 1080 -1
55 64 1014 1020 1030 1080 -1
56 24 1077 -1
59 94 1000 1034 -1
27 102 1092 -1
66 44 1012 1026 1075 -1
72 164 1007 1023 1026 1031 1035 1053 1062 -1
75 31 1077 -1
79 53 1014 1020 1053 -1
80 59 1026 -1
86 122 1007 1014 1026 -1
71 109 1014 1026 1034 -1
87 195 1022 1026 1053 1055 1092 -1
89 29 1020 1026 1031 -1
90 72 1007 -1
94 80 1053 -1
104 30 1077 -1
68 275 1026 -1
109 190 1018 1074 -1
110 95 1007 1014 1092 -1
111 29 1075 -1
122 213 1026 -1
113 89 1014 -1
127 132 1007 1014 1026 -1
128 80 1012 -1
142 25 1014 -1
143 94 1032 1062 1075 -1
147 58 1007 1014 1026 -1
145 18 1080 -1
152 21 1077 -1
154 61 1053 -1
157 44 1014 1053 1055 -1
171 70 1000 1022 1035 1043 1062 -1
172 123 1012 -1
173 334 1000 1007 1022 1023 1026 1031 1032 1034 1035 1053 1055 1061 1075 -1
74 69 1026 1053 -1
176 39 1043 -1
178 63 1014 -1
180 54 1026 1031 -1
182 79 1006 1007 1026 1043 1092 -1
197 11 1075 1080 -1
201 21 1023 1026 1043 -1
203 31 1075 -1
125 29 1014 -1
215 100 1018 -1
226 25 1014 -1
231 50 1080 -1
232 23 1023 -1
237 41 1034 -1
254 25 1014 -1
258 6 1062 -1
259 56 1075 -1
265 31 1007 -1
280 76 1007 1012 1014 1026 1043 1053 -1
249 15 1006 -1
304 79 1014 1020 1023 1026 1053 -1
306 244 1007 1018 1022 1026 1032 1039 1043 -1
308 142 1022 1026 1034 1038 1039 1055 1062 -1
320 7 1080 -1
310 230 1006 1014 1032 1039 1061 -1
311 321 1006 1012 1014 1022 1023 1026 1030 1031 1034 1038 1053 1055 1097 -1
312 227 1006 1007 1014 1023 1030 1035 1039 1043 1061 1062 -1
313 54 1026 -1
315 77 1038 -1
305 7 1014 -1
317 140 1007 1014 1022 1023 1026 1032 1039 1053 1055 1062 1075 -1
318 3 1080 -1
319 199 1023 1026 1035 1038 -1
324 14 1026 -1
327 8 1053 -1
328 13 1026 -1
335 46 1026 -1
339 80 1053 1080 -1
340 30 1007 1020 -1
341 47 1007 1080 -1
348 21 1022 -1
356 18 1043 -1
352 9 1077 -1
364 14 1007 -1
371 117 1023 1026 1031 1032 1044 1053 -1
376 37 1023 1026 1043 -1
387 11 1053 -1
101 16 1077 -1
400 12 1044 -1
405 19 1030 1053 -1
407 145 1000 1014 1026 1049 -1
325 25 1031 -1
429 5 1049 -1
432 157 1031 1039 1044 1049 1055 -1
447 15 1049 -1
455 4 1092 -1
457 732 1000 1012 1018 1022 1026 1055 1061 1062 1080 -1
458 4 1053 -1
164 8 1097 -1
479 8 1026 -1
499 14 1080 -1
521 5 1018 -1
545 24 1026 -1
546 142 1026 1034 -1
218 2 1077 -1
552 2 1026 -1
560 8 1080 -1
556 121 1035 1044 1053 1075 -1
583 26 1026 -1
586 13 1080 -1
588 22 1035 -1
590 8 1026 1062 -1
600 214 1023 1026 1049 1053 1075 1080 -1
626 31 1000 -1
633 55 1020 1026 -1
634 150 1006 1044 1061 -1
635 66 1012 1014 1020 1026 1035 -1
647 32 1031 1053 -1
637 25 1014 1026 -1
643 46 1023 1026 1053 -1
644 27 1022 -1
649 40 1007 1014 -1
650 98 1020 1026 1030 1053 -1
663 158 1007 1020 1026 1043 1053 -1
639 31 1023 1026 1030 -1
686 83 1022 1032 1035 1038 1039 1043 1062 1080 -1
689 47 1018 1039 -1
691 24 1043 -1
695 118 1014 -1
704 81 1007 1026 1034 1097 -1
705 28 1007 1029 1062 -1
706 95 1014 1053 1080 -1
707 123 1007 1020 1023 1026 1030 1038 1039 1053 1055 1061 1062 1075 -1
708 51 1031 1039 1092 -1
710 105 1026 1038 1043 1044 1053 1055 1062 1092 -1
696 6 1026 -1
715 23 1006 1062 1075 -1
722 264 1018 1026 1049 1053 -1
725 6 1006 1053 -1
730 34 1022 1026 1031 1035 -1
733 8 1026 -1
742 93 1006 1007 1023 1026 1038 1039 1053 -1
697 100 1007 1014 1023 1026 1032 1039 1062 1092 -1
749 66 1039 -1
321 27 1023 1026 1053 -1
759 77 1014 1053 1075 1080 -1
763 68 1049 -1
766 773 1024 1026 1031 1035 1049 -1
762 50 1012 1026 1029 1053 -1
769 146 1006 1018 1026 1031 1034 1043 1044 1049 1053 1080 -1
788 113 1012 1023 1039 1053 -1
784 224 1006 1007 1014 1031 1053 1080 -1
789 317 1006 1007 1014 1026 1053 1061 1080 -1
791 41 1022 1053 -1
794 18 1014 -1
795 60 1014 1023 1034 1053 -1
796 6 1031 -1
805 90 1055 1097 -1
808 4 1043 -1
810 34 1007 1029 -1
813 272 1018 1031 1035 1049 1055 1097 -1
334 41 1014 1023 -1
823 15 1026 -1
826 249 1049 1055 1061 -1
825 165 1026 -1
844 45 1007 1014 1026 1043 1044 1053 -1
855 2 1014 -1
852 39 1053 -1
861 16 1026 1038 -1
865 97 1026 1030 1053 1080 1092 -1
869 11 1006 -1
871 59 1055 1062 -1
882 7 1053 -1
883 3 1043 -1
896 26 1053 -1
898 10 1026 -1
904 119 1014 1031 1097 -1
911 27 1030 1039 1044 1053 1080 -1
912 9 1053 -1
918 17 1000 1075 -1
920 10 1026 -1
787 12 1018 -1
926 6 1030 -1
937 46 1020 1031 1053 1061 -1
941 80 1034 1062 -1
943 30 1023 1029 1035 -1
946 110 1018 1020 1031 1035 1049 1062 -1
956 42 1023 1026 1031 1039 1053 -1
957 3 1023 -1
959 12 1026 -1
960 22 1000 1034 -1
961 16 1031 1049 -1
933 18 1014 1080 -1
970 11 1022 -1
971 72 1006 1014 1061 -1
978 65 1012 1022 1026 1029 1031 1062 1080 -1
981 16 1053 -1
982 47 1012 1035 1043 1053 -1
986 77 1035 1062 -1
988 292 1018 1049 -1
993 238 1000 1014 1022 1026 1031 1035 1061 1097 -1
994 45 1007 1023 1026 1039 -1
996 297 1018 1035 1049 1061 -1
998 30 1014 1053 -1
999 4 1014 -1
1000 60 1014 1018 -1
1006 138 1007 1014 1023 1026 1029 1030 1032 1034 1039 1043 1075 1080 -1
1008 8 1026 -1
1011 6 1031 -1
1013 23 1014 1044 1053 1080 -1
1009 44 1023 1026 1043 -1
1021 1 1026 -1
1022 14 1026 1053 1055 -1
1023 9 1026 -1
1024 41 1026 -1
1025 1 1026 -1
1027 6 1023 1039 -1
1028 7 1030 1053 -1
1029 135 1000 1006 1030 1032 1038 1039 1044 1053 1055 1061 1062 1075 1080 1092 -1
1031 19 1012 -1
1032 39 1039 -1
1033 6 1053 -1
1034 33 1043 1062 -1
1037 86 1026 1039 -1
1038 6 1039 -1
1040 1 1038 -1
1041 49 1026 1038 -1
1042 41 1043 -1
1044 9 1049 -1
1049 3 1044 -1
1050 44 1022 1053 -1
1052 4 1053 -1
1051 46 1053 -1
1055 196 1034 1075 1092 -1
1062 156 1035 -1
1066 5 1044 -1
1070 1 1044 -1
1071 1 1044 -1
1072 1 1044 -1
872 29 1044 -1
1075 74 1018 1080 -1
1084 5 1080 -1
1078 5 1075 -1
1089 8 1000 -1
1093 2 1080 -1
1094 2 1080 -1
1095 10 1080 -1
1096 1 1080 -1
1097 88 1049 1080 -1
1098 305 1018 1026 1049 1080 -1
1103 9 1080 -1
1099 8 1080 -1
1104 1 1080 -1
1100 2 1080 -1
1105 3 1080 -1
1106 2 1080 -1
1101 1 1080 -1
1107 1 1080 -1
1108 1 1080 -1
1109 1 1080 -1
1110 1 1080 -1
1111 60 1075 1080 -1
1112 1 1080 -1
1113 6 1075 1080 -1
1102 15 1080 -1
1114 39 1062 -1
1124 20 1031 -1
1127 62 1049 -1
1129 62 1022 1029 1031 1074 -1
1133 399 1012 1022 1026 1029 1055 -1
1135 115 1014 1049 1097 -1
1137 135 1049 -1
1139 2 1043 -1
1142 48 1043 1097 -1
1143 14 1043 -1
1144 7 1006 -1
1151 472 1000 1026 1032 1035 1049 1061 1097 -1
1156 4 1022 -1
922 149 1000 1014 1022 1029 1031 1034 1035 1055 1062 -1
1160 24 1022 -1
1165 13 1014 -1
1166 599 1031 1049 1061 1097 -1
1167 158 1022 1035 -1
1168 5 1014 -1
1169 29 1061 -1
1182 7 1006 -1
1187 3 1035 -1
1193 31 1031 1062 -1
1195 5 1006 -1
1197 3 1006 -1
1198 4 1006 -1
1202 66 1000 1032 -1
1207 26 1062 -1
1210 218 1000 1034 1035 1049 1061 -1
1211 79 1018 1031 -1
1215 65 1026 1035 -1
1221 77 1035 -1
1230 33 1062 -1
1233 14 1024 -1
1236 103 1000 1035 -1
1245 10 1062 -1
1247 77 1049 1097 -1
1253 51 1022 -1
1254 1 1062 -1
1255 1 1062 -1
1256 1 1062 -1
1257 1 1062 -1
1258 1 1062 -1
1259 45 1062 1075 -1
1267 61 1018 -1
1279 124 1000 1022 1032 1055 1075 -1
1281 10 1031 -1
1293 33 1031 -1
1296 9 1035 -1
1297 76 1029 -1
1305 290 1022 -1
1319 181 1014 1035 -1
1324 1 1029 -1
1335 62 1000 1097 -1
1350 117 1000 1022 1035 -1
1352 121 1000 1014 -1
1353 30 1075 -1
1357 91 1022 1032 -1
1365 7 1075 -1
1366 1 1075 -1
1374 462 1022 1034 1049 -1
1377 33 1022 1034 -1
1380 63 1031 -1
1381 52 1014 -1
1384 37 1049 -1
1395 199 1018 1031 1035 1049 -1
1419 41 1049 -1
1428 183 1000 1034 -1
1184 79 1018 -1
1441 41 1031 -1
1442 20 1000 -1
1462 48 1012 -1
1463 26 1035 -1
1465 8 1049 -1
1466 24 1055 -1
1471 72 1026 1034 -1
1473 91 1026 -1
1480 44 1000 -1
1482 26 1034 1035 -1
1483 52 1055 -1
1487 117 1034 -1
1492 157 1000 1022 1032 1034 1035 1055 -1
1496 210 1000 1035 1097 -1
1500 48 1097 -1
1501 38 1000 -1
1506 41 1032 -1
1510 16 1032 -1
1519 1 1032 -1
1520 3 1018 1032 -1
1521 99 1000 1049 1097 -1
1525 35 1000 -1
1538 81 1000 -1
1542 244 1035 -1
1552 81 1012 1014 1049 -1
1547 28 1097 -1
1549 587 1000 1018 1031 1034 1035 1049 1061 1097 -1
1550 42 1031 -1
1555 79 1034 1097 -1
1560 3 1049 -1
1566 46 1097 -1
1583 87 1097 -1
1585 102 1031 1035 1097 -1
1594 114 1034 -1
1603 16 1018 -1
1571 24 1031 1035 -1
1608 355 1000 1031 1034 1035 1049 1061 1097 -1
1614 73 1000 -1
1615 162 1000 1034 -1
1621 80 1031 1035 1049 -1
1622 50 1034 -1
1623 39 1014 1049 -1
1641 2 1035 -1
1644 48 1049 -1
1661 66 1026 -1
1667 55 1049 -1
1689 2 1031 -1
1691 50 1049 -1
1701 112 1026 1031 1035 -1
1700 93 1012 -1
1709 6 1031 -1
1719 10 1031 -1
1730 45 1026 -1
1748 76 1026 -1
1749 68 1097 -1
1756 89 1000 1018 1061 -1
1762 47 1000 -1
1766 27 1018 -1
1767 97 1097 -1
1772 141 1012 1031 -1
1781 6 1000 -1
1782 2 1000 -1
1783 57 1035 -1
1792 31 1034 -1
1811 43 1031 1097 -1
1808 129 1049 1097 -1
1820 90 1097 -1
1823 49 1035 -1
1835 73 1012 1035 -1
1874 9 1026 -1
1885 44 1097 -1
1888 36 1031 -1
1891 36 1049 1097 -1
1896 51 1035 -1
1919 112 1061 -1
1922 204 1097 -1
1937 13 1026 -1
1977 34 1018 1031 1035 -1
1990 36 1074 -1
1991 66 1049 -1
1997 88 1018 1031 1035 1061 1097 -1
1794 26 1018 -1
2009 63 1026 -1
2033 22 1026 -1
2038 5 1031 -1
2052 14 1097 -1
2062 121 1031 1035 1061 -1
2069 17 1049 -1
2072 121 1012 1018 1031 1035 1049 1097 -1
2085 28 1018 1049 -1
2093 55 1049 1097 -1
2097 7 1012 1018 -1
2102 45 1012 -1
2103 2 1035 -1
2117 23 1049 -1
2118 113 1018 1049 1097 -1
2120 122 1012 1024 1049 -1
2133 129 1018 1031 1035 1049 1097 -1
2156 41 1012 1035 1061 -1
2169 32 1031 1035 -1
2186 61 1026 -1
2193 12 1031 -1
2206 14 1097 -1
2210 17 1061 -1
2225 34 1049 -1
2226 28 1018 -1
2231 66 1012 1018 -1
2229 143 1097 -1
2233 36 1035 1097 -1
2236 75 1061 -1
2241 14 1097 -1
2240 108 1018 1026 1031 1074 -1
2251 25 1061 -1
2255 31 1031 -1
2256 247 1012 1049 -1
2257 49 1018 -1
2258 95 1026 -1
2264 58 1024 1049 -1
2274 48 1012 1018 -1
2276 32 1026 -1
2286 6 1035 -1
2298 48 1012 -1
2322 19 1031 -1
2326 252 1031 -1
2328 215 1012 1018 1035 1049 1097 -1
2332 36 1012 1018 1049 -1
2351 1 1031 -1
2352 2 1031 -1
2354 1 1031 -1
2353 1 1031 -1
2272 31 1031 -1
2357 12 1035 -1
2363 4 1035 -1
2364 14 1035 -1
2365 77 1035 -1
2366 7 1097 -1
2367 8 1097 -1
2368 17 1097 -1
2369 189 1026 -1
2371 124 1012 -1
2375 49 1018 1049 -1
2398 62 1012 -1
2306 4 1049 -1
2416 37 1012 1018 -1
2452 42 1026 -1
2472 75 1049 -1
2473 103 1049 -1
2502 30 1018 -1
2511 8 1018 1026 -1
2560 180 1024 1026 -1
2565 893 1024 1026 -1
2569 5 1049 -1
2593 32 1049 -1
2474 142 1049 -1
2646 39 1049 -1
2658 307 1024 -1
2672 13 1049 -1
2688 618 1024 1026 -1
2693 149 1024 1026 -1
2719 21 1049 -1
2721 2 1049 -1
2722 1 1049 -1
2723 1 1049 -1
2724 10 1049 -1
2725 1 1049 -1
2744 39 1026 -1
2940 123 1026 -1
2958 47 1026 -1
3028 189 1024 -1
3088 37 1026 -1
3092 81 1024 -1
3200 8 1024 -1
3227 19 1026 -1
3348 25 1026 -1
3366 63 1024 -1
3452 131 1024 -1
3453 319 1024 1026 -1
3455 68 1024 -1
3457 166 1024 -1
3458 69 1024 -1
3587 15 1026 -1
3586 156 1026 -1
3601 52 1026 -1
3614 205 1024 -1
3641 212 1026 1060 -1
3728 85 1024 -1
3779 2 1024 -1
3803 10 1060 -1
3910 33 1026 -1
4046 89 1026 -1
4056 23 1024 -1
4099 155 1026 -1
4140 12 1024 -1
4144 76 1026 -1
4219 112 1024 -1
4009 2 1024 -1
4315 29 1024 -1
4338 40 1026 -1
4335 32 1074 -1
4342 10 1024 -1
4416 11 1026 -1
4536 81 1026 -1
4598 71 1026 -1
4712 121 1026 -1
4862 4 1026 -1
4879 28 1026 -1
4943 31 1024 -1
4963 13 1024 -1
4967 361 1074 -1
4975 2 1024 -1
4976 23 1024 -1
2346 4 1024 -1
5022 172 1074 -1
5020 139 1026 -1
5079 271 1074 -1
5099 14 1026 -1
5173 122 1026 -1
5177 101 1026 -1
5246 44 1026 -1
5445 63 1026 -1
5487 30 1026 -1
5524 389 1026 -1
5531 243 1026 -1
5617 22 1026 -1
5697 230 1026 -1
5796 191 1026 1074 -1
5800 222 1026 -1
5802 385 1026 -1
5806 83 1026 -1
5816 84 1026 -1
5817 75 1026 1074 -1
5819 61 1074 -1
5857 92 1026 -1
5940 13 1026 -1
5998 81 1026 -1
6218 53 1026 -1
6241 75 1026 -1
6274 9 1026 -1
6299 78 1026 -1
6443 70 1026 -1
850 4 1026 -1
6552 29 1026 -1
6595 12 1026 -1
6648 3 1026 -1
6714 100 1026 -1
6916 54 1026 -1
6941 57 1026 -1
6976 41 1026 -1
7054 40 1026 -1
6946 68 1026 -1
7090 11 1026 -1
7092 93 1026 -1
7165 3 1026 -1
7225 47 1026 -1
7227 12 1026 -1
7229 7 1026 -1
5143 16 1026 -1
7231 101 1026 -1
7236 23 1026 -1
7280 89 1026 -1
7294 39 1026 -1
7379 7 1026 -1
7415 6 1026 -1
7565 3 1026 -1
7576 1 1026 -1
7577 1 1026 -1
7578 28 1026 -1
7579 9 1026 -1
7580 19 1026 -1
7581 1 1026 -1