6 302 1218 1220 1221 1222 1234 1241 1248 1253 1261 1297 -1
11 743 1200 1201 1203 1211 1218 1220 1221 1222 1230 1239 1241 1243 1248 1250 1253 1259 1260 1261 1279 1282 1284 1285 1286 1296 1297 -1
12 65 1241 1297 -1
14 114 1259 -1
15 50 1297 -1
17 45 1218 -1
20 187 1211 1218 -1
21 76 1297 -1
24 309 1200 1234 1250 1267 1284 1285 1297 -1
28 133 1201 1286 -1
33 24 1241 -1
36 227 1222 1234 1296 1297 -1
35 65 1203 1297 -1
41 30 1259 1282 -1
42 89 1200 1234 -1
46 59 1279 -1
47 146 1211 1236 1248 1284 1285 1286 1297 -1
48 21 1211 -1
49 15 1211 -1
29 150 1297 -1
56 24 1211 -1
59 94 1201 1230 -1
66 44 1267 -1
72 164 1211 1279 -1
75 31 1243 1248 -1
78 41 1211 -1
81 18 1218 -1
86 122 1234 1248 1297 -1
71 109 1248 1297 -1
87 195 1248 1279 1297 -1
89 29 1270 -1
90 72 1234 -1
94 80 1201 1243 -1
102 5 1232 -1
106 9 1211 -1
68 275 1239 -1
109 190 1234 1261 1297 -1
122 213 1239 1247 1291 1297 -1
113 89 1248 1297 -1
126 25 1297 -1
127 132 1267 1297 -1
128 80 1234 -1
136 99 1211 1234 -1
143 94 1211 1279 1297 -1
145 18 1248 1297 -1
151 74 1248 -1
154 61 1211 1279 1297 -1
157 44 1297 -1
161 32 1201 1232 1240 -1
163 9 1284 1285 1286 -1
171 70 1211 1218 1220 1240 1241 1259 1286 1297 -1
172 123 1211 1243 1267 1297 -1
173 334 1200 1201 1211 1218 1222 1230 1234 1236 1243 1248 1253 1267 1279 1285 1286 1296 1297 -1
74 69 1284 1297 -1
176 39 1201 1218 1222 1234 -1
180 54 1203 1218 1222 1284 -1
182 79 1297 -1
166 93 1211 1248 1279 1297 -1
187 37 1211 -1
205 12 1285 -1
125 29 1218 1286 -1
215 100 1261 1297 -1
232 23 1297 -1
254 25 1200 1287 -1
255 86 1286 -1
259 56 1203 -1
266 13 1285 -1
269 30 1248 -1
270 14 1284 1285 -1
276 7 1218 1250 -1
275 56 1211 -1
280 76 1200 1250 1297 -1
282 39 1201 -1
291 35 1297 -1
292 6 1201 -1
290 71 1201 1211 1230 1248 1284 1297 -1
249 15 1248 -1
304 79 1248 1284 1297 -1
306 244 1200 1234 1236 1253 1277 1286 1297 -1
308 142 1218 1248 1253 1279 1297 -1
310 230 1200 1201 1211 1218 1222 1236 1240 1250 1260 1261 1267 1285 1297 -1
311 321 1200 1201 1211 1222 1230 1234 1236 1241 1243 1261 1277 1279 1284 1285 1286 1297 -1
312 227 1201 1203 1211 1218 1220 1221 1222 1234 1241 1248 1259 1279 1286 1296 1297 -1
313 54 1211 1297 -1
315 77 1201 1259 1296 -1
305 7 1282 -1
317 140 1201 1234 1277 1279 1286 1296 1297 -1
319 199 1200 1211 1267 1296 -1
251 8 1261 -1
335 46 1259 1282 -1
336 31 1201 -1
339 80 1296 -1
341 47 1201 1222 1266 1297 -1
343 4 1261 -1
346 86 1297 -1
193 21 1211 1297 -1
364 14 1267 -1
371 117 1201 1211 1222 1260 1261 1297 -1
376 37 1234 -1
387 11 1201 -1
403 20 1211 -1
405 19 1277 -1
407 145 1201 1230 1236 1248 1284 1285 1297 -1
325 25 1211 -1
417 9 1297 -1
432 157 1201 1250 1285 1296 -1
457 732 1200 1201 1211 1222 1230 1234 1241 1247 1260 1282 1284 1285 1286 1297 -1
164 8 1234 -1
499 14 1218 -1
536 5 1211 -1
545 24 1296 1297 -1
546 142 1211 1230 1261 1284 1297 -1
553 22 1211 1239 -1
586 13 1201 -1
587 18 1286 -1
600 214 1297 -1
634 150 1200 1201 1218 1253 1261 1284 1285 1286 1296 1297 -1
635 66 1200 1211 1296 -1
636 11 1201 -1
647 32 1218 1297 -1
643 46 1259 1279 -1
650 98 1211 1267 1286 1296 1297 -1
659 14 1297 -1
663 158 1211 1222 1234 1241 1261 1266 1270 1287 -1
639 31 1201 1222 1277 1286 -1
674 16 1222 -1
686 83 1203 1221 1261 1277 1282 1297 -1
689 47 1297 -1
691 24 1201 1203 1236 1243 -1
695 118 1211 1222 -1
699 8 1222 -1
704 81 1201 1222 1241 1297 -1
705 28 1201 1222 1270 1282 -1
706 95 1211 1248 1279 1296 1297 -1
707 123 1201 1203 1211 1234 1248 1253 1261 1297 -1
708 51 1270 1297 -1
710 105 1201 1211 1230 1234 1261 1267 1277 1279 1286 1297 -1
712 19 1253 -1
715 23 1221 1282 1286 1296 -1
722 264 1201 1211 1218 1232 1234 1236 1250 1261 1267 1277 1291 1297 -1
727 32 1211 -1
742 93 1200 1201 1241 -1
697 100 1236 1253 1259 -1
749 66 1239 -1
759 77 1211 1230 -1
763 68 1211 1267 -1
764 34 1211 -1
766 773 1201 1211 1239 1243 1247 1250 1267 1286 1291 -1
762 50 1211 1222 -1
769 146 1201 1211 1218 1222 1248 1253 1297 -1
788 113 1240 -1
781 8 1261 -1
784 224 1200 1211 1222 1241 1248 1259 1261 1297 -1
789 317 1200 1201 1218 1220 1222 1241 1243 1247 1248 1266 1277 1297 -1
791 41 1201 1260 1270 1279 1297 -1
795 60 1211 -1
805 90 1201 1203 1222 1230 -1
810 34 1218 1297 -1
813 272 1211 1230 1239 1248 1250 1253 1267 1279 1284 1285 1291 1296 1297 -1
816 29 1218 -1
334 41 1201 1203 1218 1286 -1
826 249 1211 1230 1253 1267 1279 1297 -1
841 61 1291 -1
844 45 1218 1286 -1
842 30 1284 1286 -1
854 99 1211 1297 -1
852 39 1211 1248 1297 -1
859 13 1211 1297 -1
861 16 1253 -1
865 97 1211 1222 -1
870 38 1234 1248 1279 -1
871 59 1211 1222 1241 1286 1287 -1
879 122 1297 -1
904 119 1211 1222 1243 1261 1296 -1
908 9 1297 -1
918 17 1261 -1
920 10 1297 -1
787 12 1211 -1
928 21 1211 1236 1267 1297 -1
935 22 1284 1285 1286 -1
937 46 1222 1240 1260 1277 1284 -1
941 80 1201 1222 1230 1234 1253 1260 1279 1286 1297 -1
943 30 1234 -1
946 110 1211 1218 1250 1253 1259 1297 -1
954 34 1218 1261 1277 -1
959 12 1297 -1
970 11 1297 -1
971 72 1211 1241 1260 1261 1277 1284 -1
973 2 1232 -1
974 36 1297 -1
978 65 1222 1234 1279 1296 1297 -1
982 47 1220 1222 1241 -1
984 7 1261 -1
986 77 1201 1203 1211 1240 1241 1266 1270 1277 1286 1287 1297 -1
988 292 1250 1267 1291 1297 -1
993 238 1200 1201 1203 1211 1222 1230 1234 1236 1239 1243 1261 1279 1284 1285 1286 1297 -1
994 45 1259 1297 -1
996 297 1203 1211 1234 1243 1247 1250 1267 1291 1296 1297 -1
998 30 1248 -1
1005 5 1234 -1
1000 60 1253 -1
1006 138 1200 1203 1220 1221 1222 1234 1248 1286 1297 -1
1003 18 1230 -1
1012 7 1218 -1
1013 23 1260 -1
1009 44 1203 -1
1023 9 1201 -1
1024 41 1279 1291 -1
1029 135 1201 1211 1218 1220 1222 1261 1279 1297 -1
1031 19 1297 -1
1032 39 1243 1267 -1
1034 33 1201 1218 1253 1297 -1
1037 86 1297 -1
1042 41 1267 1297 -1
1044 9 1218 -1
1046 24 1222 1234 -1
1050 44 1203 1284 -1
1055 196 1201 1211 1236 1247 1248 1261 1279 1297 -1
1062 156 1201 1203 1221 1230 1243 1250 1259 1266 1267 1282 1286 1291 1296 -1
1064 16 1200 1201 -1
1065 7 1218 -1
872 29 1279 -1
1074 95 1222 -1
1075 74 1203 -1
1097 88 1201 1211 1239 1247 1297 -1
1098 305 1291 -1
1103 9 1211 -1
1099 8 1297 -1
1111 60 1241 1243 1247 -1
1114 39 1201 1211 1220 1221 1222 1261 1270 1286 -1
1125 37 1211 1287 -1
1128 13 1279 -1
1127 62 1297 -1
1129 62 1211 1234 1241 1248 1261 1286 1297 -1
1133 399 1211 1222 1239 1240 1248 1266 1282 1296 1297 -1
1134 3 1297 -1
1135 115 1201 1203 1211 1234 1253 1267 1279 1284 1286 -1
1137 135 1200 1203 1221 1230 1261 1284 1286 1297 -1
1142 48 1201 1248 1297 -1
1144 7 1218 -1
1151 472 1200 1201 1211 1230 1234 1236 1239 1243 1248 1250 1279 1284 1285 1297 -1
922 149 1200 1201 1203 1211 1220 1222 1230 1234 1236 1241 1243 1248 1253 1261 1266 1279 1284 1286 1296 1297 -1
1160 24 1201 -1
1164 39 1211 1261 1266 -1
1165 13 1261 -1
1166 599 1200 1211 1230 1243 1250 1284 1285 1291 1297 -1
1167 158 1200 1201 1211 1220 1230 1234 1241 1253 1261 1270 1277 1286 -1
1182 7 1222 1240 -1
1193 31 1259 1260 1261 1297 -1
1195 5 1218 -1
1197 3 1201 1222 -1
1200 107 1267 -1
1201 35 1200 1222 1253 1259 1260 1261 -1
1202 66 1200 1201 1250 1253 1284 1291 1297 -1
1203 22 1291 -1
1204 61 1201 1220 1222 1234 1259 1261 1267 1286 -1
1207 26 1211 1277 -1
1210 218 1203 1222 1230 1243 1284 1286 1297 -1
1211 79 1253 1261 1267 1279 1286 -1
1212 4 1211 -1
1215 65 1211 1297 -1
1219 1 1220 -1
1221 77 1203 1222 1236 1253 1259 1282 1284 1296 -1
1230 33 1234 1243 1286 1297 -1
1234 16 1277 1297 -1
1235 20 1203 -1
1236 103 1201 1203 1211 1221 1230 1234 1253 1261 1279 1291 1297 -1
1237 6 1232 1260 -1
1243 5 1201 -1
1241 35 1201 1234 1261 1286 1297 -1
1242 11 1201 1241 1261 1286 -1
1245 10 1221 1241 1259 1286 -1
1246 8 1266 1286 -1
1247 77 1201 1253 1297 -1
1248 21 1221 1236 1241 1266 1297 -1
1253 51 1297 -1
1252 2 1241 -1
1259 45 1221 1296 1297 -1
1260 2 1241 1261 -1
1264 1 1241 -1
1267 61 1211 1250 1259 1285 -1
1268 1 1259 -1
1269 1 1259 -1
1271 2 1282 -1
1272 1 1277 -1
1273 1 1277 -1
1274 1 1277 -1
1275 1 1277 -1
1278 69 1201 1203 1211 1230 1234 1253 1277 1279 1286 1287 1297 -1
1276 1 1277 -1
1279 124 1201 1211 1234 1236 1248 1253 1267 1277 1286 1297 -1
1280 4 1277 -1
1281 10 1282 -1
1286 65 1230 1284 1285 -1
1284 20 1285 1286 -1
1285 31 1286 -1
1290 16 1234 1297 -1
1291 34 1203 1261 -1
1293 33 1297 -1
1297 76 1211 1234 1248 1261 -1
1301 3 1203 -1
1305 290 1201 1211 1234 1239 1291 1296 1297 -1
1306 20 1203 1234 1253 -1
1314 1 1296 -1
1315 6 1296 -1
1316 7 1296 -1
1317 1 1296 -1
1318 2 1296 -1
1319 181 1200 1201 1203 1211 1236 1253 1261 1267 1279 1296 -1
1322 12 1267 -1
1335 62 1250 1253 1285 1297 -1
1344 2 1260 -1
1350 117 1201 1211 1230 1248 1253 1261 1279 1285 1297 -1
1352 121 1200 1201 1211 1230 1234 1236 1248 1253 1261 1284 1285 1297 -1
1354 8 1297 -1
1357 91 1201 1203 1230 1234 1236 1253 1279 1291 -1
1367 40 1297 -1
1368 33 1261 -1
1373 4 1248 -1
1374 462 1247 1253 1267 1285 1297 -1
1382 17 1211 1297 -1
1377 33 1234 1253 1279 1297 -1
1378 14 1284 -1
1380 63 1201 1203 1234 1253 1297 -1
1381 52 1253 1297 -1
1386 61 1203 1211 1236 1248 1253 -1
1390 32 1211 1297 -1
1395 199 1200 1201 1236 1243 1248 1250 1253 1267 1284 1285 1291 1297 -1
1419 41 1291 -1
1424 52 1201 1234 1236 1291 1297 -1
1426 1 1203 -1
1427 2 1203 -1
1428 183 1200 1203 1211 1248 1279 1284 1291 1297 -1
1429 3 1203 -1
1430 2 1203 -1
1431 1 1203 -1
1184 79 1211 1284 -1
1439 9 1234 1236 -1
1441 41 1201 1253 1261 1297 -1
1442 20 1234 1297 -1
1447 7 1234 -1
1462 48 1261 -1
1463 26 1279 1284 -1
1468 20 1201 -1
1466 24 1211 -1
1467 11 1230 1261 -1
1470 156 1211 1234 1243 1247 1261 1297 -1
1471 72 1211 1234 1248 1253 1279 1297 -1
1473 91 1211 1279 1284 -1
1480 44 1230 1253 1284 -1
1482 26 1200 1297 -1
1483 52 1211 1234 1261 1279 1297 -1
1488 1 1297 -1
1487 117 1201 1211 1248 1253 1279 1297 -1
1489 64 1201 1234 1236 1253 1279 1297 -1
1492 157 1200 1201 1211 1230 1236 1253 1279 1284 1297 -1
1495 10 1201 -1
1496 210 1200 1201 1211 1230 1248 1253 1261 1267 1279 1297 -1
1497 28 1201 1234 1297 -1
1500 48 1297 -1
1501 38 1261 -1
1506 41 1297 -1
1502 2 1234 -1
1510 16 1234 -1
1520 3 1253 -1
1521 99 1201 1211 1230 1261 1267 1279 -1
1522 139 1211 1261 1297 -1
1525 35 1248 1253 1261 1279 -1
1526 4 1279 -1
1538 81 1201 1236 1248 1253 1297 -1
1537 68 1211 1234 1291 -1
1542 244 1234 -1
1552 81 1239 1284 1285 1291 1297 -1
1549 587 1201 1211 1230 1243 1247 1248 1261 1267 1279 1284 1285 1291 1297 -1
1555 79 1230 1234 1236 1261 1297 -1
1565 8 1211 -1
1568 1 1277 -1
1582 13 1211 1253 1279 -1
1583 87 1211 1236 -1
1587 5 1248 -1
1585 102 1211 1243 1248 1279 1284 1297 -1
1589 13 1201 1236 1261 -1
1594 114 1211 1230 1236 1248 1253 1279 1297 -1
1596 29 1201 -1
1603 16 1243 -1
1571 24 1200 1279 1297 -1
1604 4 1253 -1
1605 10 1253 -1
1608 355 1201 1211 1230 1243 1248 1250 1253 1261 1267 1279 1284 1291 1297 -1
1609 1 1201 -1
1610 12 1201 1211 1236 1253 1297 -1
1612 68 1211 -1
1613 15 1236 -1
1614 73 1211 1236 1267 1279 -1
1615 162 1200 1211 1230 1248 1253 1279 1285 1297 -1
1619 4 1297 -1
1621 80 1211 -1
1622 50 1279 1297 -1
1628 12 1297 -1
1630 2 1279 -1
1639 36 1284 -1
1644 48 1297 -1
1661 66 1211 1297 -1
1647 19 1211 1279 -1
1674 8 1250 1279 -1
1675 2 1279 -1
1676 1 1279 -1
1677 2 1279 -1
1678 3 1211 -1
1697 70 1247 -1
1700 93 1297 -1
1711 9 1211 -1
1705 47 1297 -1
1707 34 1211 1267 1285 1297 -1
1709 6 1297 -1
1717 96 1211 1261 1284 1297 -1
1720 14 1285 -1
1688 25 1285 -1
1729 19 1200 -1
1730 45 1211 -1
1733 42 1247 -1
1734 55 1211 -1
1744 8 1297 -1
1749 68 1297 -1
1754 23 1211 -1
1756 89 1200 1230 1250 1261 1297 -1
1766 27 1250 1297 -1
1767 97 1200 -1
1769 67 1211 1261 1284 -1
1772 141 1243 1261 1297 -1
1792 31 1261 1284 -1
1811 43 1267 1297 -1
1808 129 1230 1284 1285 -1
1812 4 1261 -1
1813 41 1261 -1
1814 105 1261 1291 -1
1820 90 1211 1267 1291 1297 -1
1822 11 1230 -1
1835 73 1200 1211 -1
1836 16 1211 1297 -1
1838 57 1239 1285 -1
1849 1 1211 -1
1848 16 1211 -1
1857 8 1230 -1
1872 5 1297 -1
1885 44 1297 -1
1886 4 1211 -1
1888 36 1243 -1
1891 36 1211 1230 1250 -1
1896 51 1211 1297 -1
1899 6 1230 1284 -1
1918 20 1211 1297 -1
1919 112 1200 1211 1243 1284 -1
1921 1 1230 -1
1922 204 1230 1267 1291 -1
1962 31 1200 1284 -1
1966 18 1285 -1
1965 9 1284 1285 -1
1967 31 1267 1285 -1
1972 181 1211 1239 1247 1267 1291 1297 -1
1975 1 1284 -1
1976 6 1284 1285 -1
1977 34 1243 1284 -1
1978 1 1284 -1
1982 29 1211 1250 1267 -1
1990 36 1239 -1
1991 66 1267 1291 -1
1997 88 1285 1297 -1
2009 63 1211 1267 -1
2014 10 1267 -1
2053 1 1200 -1
2062 121 1243 1267 1285 1297 -1
2063 21 1285 -1
2065 50 1297 -1
2069 17 1250 -1
2072 121 1250 1285 1291 1297 -1
2085 28 1250 -1
2093 55 1250 -1
2099 22 1297 -1
2102 45 1211 1243 1291 -1
2109 47 1211 -1
2114 39 1291 -1
2115 16 1211 1285 -1
2118 113 1239 1285 -1
2133 129 1211 1243 1250 1291 1297 -1
2135 146 1247 1267 1297 -1
2138 1 1285 -1
2160 26 1297 -1
2169 32 1211 -1
2171 16 1297 -1
2172 29 1250 -1
2176 17 1211 -1
2186 61 1291 -1
2193 12 1211 1297 -1
2215 15 1211 -1
2234 14 1267 -1
2230 49 1297 -1
2231 66 1250 -1
2229 143 1250 1267 -1
2233 36 1250 -1
2236 75 1267 1291 -1
2237 241 1291 1297 -1
2240 108 1243 1297 -1
2255 31 1243 1291 -1
2256 247 1291 1297 -1
2258 95 1297 -1
2274 48 1250 1267 -1
2286 6 1297 -1
2290 120 1297 -1
2297 164 1267 1297 -1
2298 48 1211 -1
2314 3 1297 -1
2322 19 1297 -1
2323 111 1243 1297 -1
2326 252 1239 1297 -1
2328 215 1211 1239 1297 -1
2332 36 1250 -1
2342 5 1211 -1
2343 7 1250 -1
2272 31 1211 1297 -1
2357 12 1267 -1
2365 77 1297 -1
2371 124 1211 1250 1267 1291 1297 -1
2375 49 1250 -1
2381 71 1297 -1
2382 1 1297 -1
2398 62 1250 -1
2411 141 1297 -1
2416 37 1211 1291 -1
2435 35 1211 1297 -1
2462 4 1250 -1
2472 75 1267 -1
2473 103 1267 1291 -1
2476 35 1291 -1
2482 3 1250 -1
2485 324 1239 1267 1291 -1
2497 38 1211 -1
2507 69 1297 -1
2510 68 1250 1267 1297 -1
2541 37 1211 1297 -1
2542 93 1267 1297 -1
2549 70 1211 -1
2551 2 1211 -1
2567 5 1211 -1
2559 82 1211 1291 1297 -1
2560 180 1211 1239 1291 1297 -1
2565 893 1211 1239 1247 1267 1291 1297 -1
2576 146 1211 1297 -1
2594 45 1297 -1
2595 49 1297 -1
2474 142 1267 1291 -1
2605 64 1297 -1
2612 29 1291 1297 -1
2618 53 1267 -1
2623 108 1297 -1
2646 39 1291 -1
2647 18 1291 -1
2651 269 1297 -1
2653 113 1267 1297 -1
2655 49 1211 -1
2657 44 1297 -1
2674 103 1267 1291 1297 -1
2700 168 1239 1297 -1
2686 156 1267 1297 -1
2688 618 1239 1247 1267 1297 -1
2704 75 1267 -1
2660 164 1267 -1
2689 38 1297 -1
2690 26 1267 -1
2691 44 1297 -1
2693 149 1239 -1
2696 64 1267 -1
2697 45 1297 -1
2727 33 1211 -1
2747 79 1297 -1
2768 40 1291 -1
2774 46 1297 -1
2778 22 1211 -1
2789 3 1211 -1
2790 173 1297 -1
2791 15 1297 -1
2796 8 1211 -1
2815 11 1291 -1
2822 43 1211 1291 -1
2654 104 1267 1291 1297 -1
2838 21 1211 1297 -1
2845 3 1211 -1
2859 139 1239 -1
2866 6 1211 -1
2871 282 1211 1239 1267 1297 -1
2872 87 1211 1297 -1
2883 28 1211 -1
2900 29 1267 1297 -1
2904 18 1211 -1
2919 2 1211 -1
2923 35 1211 1297 -1
2925 19 1211 -1
2932 62 1211 1297 -1
2933 6 1211 -1
2939 7 1211 -1
2938 1 1211 -1
2940 123 1211 -1
2941 11 1211 -1
2936 8 1211 -1
2947 10 1291 -1
2958 47 1267 -1
2964 70 1239 1267 -1
2967 238 1239 1297 -1
2972 357 1239 1247 -1
3006 31 1267 1291 -1
3010 123 1291 1297 -1
2707 103 1239 -1
3017 3 1291 -1
3020 52 1267 -1
3024 52 1291 1297 -1
3026 175 1247 1297 -1
3031 50 1267 1297 -1
3032 216 1239 1297 -1
3034 38 1297 -1
2713 200 1239 1297 -1
3039 14 1297 -1
3053 9 1297 -1
3055 52 1297 -1
3062 42 1267 -1
3084 62 1297 -1
3088 37 1297 -1
3095 37 1267 -1
3108 8 1267 -1
3110 21 1297 -1
2003 63 1267 1297 -1
3180 24 1267 -1
3188 20 1297 -1
3189 10 1297 -1
3191 68 1247 -1
3197 4 1267 -1
3199 13 1267 -1
3209 41 1267 -1
3225 13 1267 -1
3226 1 1267 -1
3227 19 1267 -1
3228 1 1267 -1
3252 37 1297 -1
3258 95 1297 -1
3275 14 1297 -1
3301 15 1297 -1
3309 4 1297 -1
3315 13 1247 -1
3340 4 1297 -1
3343 13 1297 -1
3352 273 1239 1247 1297 -1
3306 7 1297 -1
3378 41 1297 -1
3392 33 1239 1297 -1
3394 156 1297 -1
3404 89 1297 -1
3439 88 1239 -1
3449 314 1247 -1
3453 319 1247 -1
3454 148 1239 -1
3457 166 1297 -1
3461 101 1247 -1
3481 17 1297 -1
3482 24 1297 -1
3483 20 1247 -1
3478 42 1239 1297 -1
3518 6 1297 -1
3523 28 1297 -1
3525 16 1297 -1
3527 64 1297 -1
3541 81 1239 -1
3508 11 1297 -1
3560 16 1297 -1
3562 40 1297 -1
3568 147 1239 -1
3569 42 1297 -1
3528 13 1297 -1
3611 22 1297 -1
3614 205 1247 1297 -1
3615 144 1297 -1
3624 64 1247 -1
3625 4 1239 -1
3630 32 1297 -1
3642 362 1239 -1
3645 40 1239 -1
3658 39 1239 -1
3666 144 1247 -1
3682 75 1239 -1
3714 15 1239 -1
3723 7 1297 -1
3724 93 1239 1297 -1
3722 2 1297 -1
3733 1 1297 -1
3571 45 1297 -1
3725 4 1297 -1
3726 3 1297 -1
3727 1 1297 -1
3728 85 1297 -1
3729 11 1297 -1
3735 3 1297 -1
3730 1 1297 -1
3731 15 1297 -1
3798 23 1239 -1
3814 47 1239 -1
3949 30 1239 -1
3985 32 1239 -1
4036 147 1239 1247 -1
4041 68 1247 -1
4042 21 1239 -1
4077 77 1247 -1
4078 2 1239 -1
4065 131 1239 -1
4073 115 1239 -1
4119 6 1239 -1
4120 3 1239 -1
4076 86 1239 -1
4123 25 1239 -1
4124 50 1239 -1
4128 9 1239 -1
4138 64 1239 -1
4155 5 1239 -1
4169 9 1239 -1
4276 52 1247 -1
4353 80 1247 -1
4441 202 1247 -1
4550 100 1247 -1
4829 78 1247 -1
4967 361 1247 -1
5020 139 1247 -1
5079 271 1247 -1
5110 84 1247 -1
5176 139 1247 -1
5184 68 1247 -1
5189 312 1247 -1
5243 19 1247 -1
5250 14 1247 -1
5384 2 1247 -1
5391 37 1247 -1
5431 1 1247 -1
5432 4 1247 -1