6 302 5697 -1
36 227 5605 5697 -1
53 39 5640 -1
59 94 5624 -1
66 44 5614 -1
72 164 5683 -1
71 109 5671 -1
87 195 5630 5683 5684 5697 -1
103 68 5671 -1
68 275 5605 5620 5637 5639 5655 5671 5680 5697 -1
109 190 5626 5697 -1
122 213 5651 -1
136 99 5683 -1
178 63 5684 -1
199 17 5671 -1
310 230 5651 -1
315 77 5683 -1
432 157 5651 5693 -1
457 732 5614 5623 5626 5630 5631 5637 5638 5639 5640 5651 5663 5680 5683 5684 5693 5697 -1
546 142 5605 5697 -1
580 30 5651 -1
583 26 5671 -1
608 3 5605 -1
689 47 5637 -1
737 232 5605 5697 -1
749 66 5637 -1
759 77 5673 -1
763 68 5620 5651 -1
766 773 5623 5624 5626 5637 5650 5651 5671 5684 5693 -1
788 113 5620 5638 5684 -1
789 317 5683 -1
805 90 5605 -1
825 165 5620 5623 5640 -1
854 99 5684 -1
988 292 5605 5614 -1
996 297 5637 5650 5651 5683 -1
1000 60 5624 -1
1018 5 5623 -1
1027 6 5631 -1
1032 39 5683 -1
1037 86 5671 -1
1041 49 5638 5693 5697 -1
1055 196 5683 -1
1063 29 5671 5680 -1
1074 95 5626 -1
1075 74 5624 -1
1098 305 5614 5697 -1
1111 60 5683 -1
1133 399 5605 5624 5630 5635 5637 5638 5640 5680 -1
1151 472 5650 5693 -1
1166 599 5626 5638 5697 -1
1207 26 5620 5626 5640 -1
1285 31 5684 -1
1335 62 5651 5680 5683 -1
1374 462 5605 5637 5671 5683 5693 5697 -1
1385 35 5614 -1
1470 156 5626 -1
1471 72 5697 -1
1480 44 5614 -1
1506 41 5683 -1
1524 4 5683 -1
1542 244 5624 5697 -1
1549 587 5637 5683 5693 5697 -1
1621 80 5655 -1
1639 36 5693 -1
1644 48 5680 -1
1661 66 5605 5651 -1
1667 55 5605 5614 5620 -1
1701 112 5638 5671 5680 -1
1734 55 5697 -1
1737 9 5624 -1
1769 67 5680 -1
1796 38 5684 5697 -1
1799 48 5684 5693 -1
1808 129 5683 -1
1823 49 5651 -1
1972 181 5626 -1
2001 39 5651 -1
2102 45 5683 -1
2118 113 5605 -1
2120 122 5638 -1
2135 146 5651 5683 -1
2174 65 5626 -1
2186 61 5680 -1
2217 11 5631 -1
2237 241 5640 -1
2240 108 5605 -1
2256 247 5638 -1
2257 49 5651 -1
2258 95 5693 -1
2276 32 5638 -1
2328 215 5697 -1
2365 77 5671 -1
2369 189 5605 5624 5638 5664 5673 5680 -1
2381 71 5697 -1
2379 45 5631 -1
2384 72 5637 5651 5693 -1
2440 50 5605 -1
2456 31 5671 -1
2485 324 5637 5640 5651 5683 5693 -1
2507 69 5624 -1
2516 44 5605 5683 5697 -1
2535 47 5683 -1
2545 7 5671 -1
2547 105 5638 -1
2549 70 5651 -1
2560 180 5671 -1
2564 50 5637 -1
2565 893 5605 5614 5637 5640 5650 5651 5671 5683 5693 5697 -1
2576 146 5605 -1
2587 12 5684 -1
2605 64 5624 5637 5650 5651 5693 -1
2623 108 5605 5630 -1
2655 49 5624 5684 -1
2677 40 5697 -1
2702 80 5683 -1
2688 618 5620 5624 5626 5630 5637 5638 5639 5640 5651 5683 5693 5697 -1
2704 75 5693 -1
2660 164 5683 -1
2689 38 5650 -1
2667 126 5620 5624 5630 5635 5638 5684 -1
2694 18 5605 -1
2744 39 5639 5640 5683 -1
2774 46 5624 -1
2778 22 5683 -1
2790 173 5697 -1
2544 11 5624 -1
2831 39 5605 -1
2855 16 5697 -1
2871 282 5651 -1
2883 28 5640 -1
2909 57 5640 5651 -1
2913 11 5697 -1
2940 123 5626 -1
2972 357 5626 5637 5638 5639 5663 5693 5694 5697 -1
2988 55 5651 5684 -1
3007 15 5683 -1
2707 103 5637 -1
3015 44 5630 5638 -1
3024 52 5697 -1
3027 39 5697 -1
3028 189 5638 5697 -1
3032 216 5626 5650 5651 5697 -1
2003 63 5605 -1
3191 68 5635 5637 5640 5651 5683 5693 -1
3242 6 5697 -1
3274 69 5620 -1
3275 14 5650 5683 -1
3316 3 5605 -1
3366 63 5637 5693 -1
3381 180 5697 -1
3392 33 5605 -1
3393 10 5683 -1
3390 60 5637 5640 5651 5693 -1
3447 271 5605 5620 5637 5640 5680 5683 5697 -1
3449 314 5624 5637 5638 5640 5650 5651 5680 5683 5684 5693 -1
3452 131 5620 5651 5693 -1
3453 319 5605 5637 5638 5650 5651 5680 5693 -1
3456 241 5605 5639 5640 5684 5697 -1
3459 92 5624 5635 5638 -1
3461 101 5620 5651 5680 5683 5693 -1
3479 102 5637 5693 -1
3498 114 5637 5651 5683 5693 -1
3522 71 5630 5639 5640 5683 5697 -1
3568 147 5620 -1
3586 156 5605 5624 5638 5684 -1
3593 26 5680 -1
3601 52 5680 -1
3607 24 5684 -1
3614 205 5637 5680 5684 5693 -1
3624 64 5637 5684 -1
3634 82 5683 -1
3641 212 5605 5693 5697 -1
3642 362 5624 5626 5630 5638 5640 5663 5680 5683 5693 -1
3658 39 5651 -1
3666 144 5650 5683 5694 -1
3752 15 5605 -1
3785 18 5693 -1
3786 99 5624 5630 5651 5663 5683 -1
3787 232 5683 5684 -1
3796 113 5683 5693 -1
3806 45 5639 -1
3812 53 5684 -1
3813 94 5683 -1
3835 35 5650 -1
3854 82 5637 5651 -1
3877 13 5683 -1
3916 42 5605 5630 5639 -1
3932 4 5626 -1
3956 85 5697 -1
3958 15 5605 -1
3960 23 5640 -1
3965 89 5605 -1
3976 145 5623 5635 5639 5664 5697 -1
4036 147 5605 5614 5637 5650 5651 5680 5683 5693 -1
4037 15 5693 -1
4040 104 5693 -1
4041 68 5624 5650 -1
4045 257 5624 5680 5684 -1
4063 27 5697 -1
4065 131 5624 -1
4070 111 5683 5693 -1
4071 17 5684 -1
4073 115 5637 5651 -1
4082 15 5680 -1
4099 155 5605 5624 5637 5671 5680 5684 5697 -1
4076 86 5640 -1
4138 64 5637 5650 5651 -1
4140 12 5605 5614 -1
4144 76 5626 -1
4151 84 5637 -1
3995 57 5637 5680 -1
4212 53 5635 -1
4273 23 5626 -1
4276 52 5637 5651 -1
4335 32 5671 -1
4353 80 5637 5683 5693 -1
4437 70 5697 -1
4441 202 5630 5671 5684 -1
4456 4 5671 -1
4483 153 5614 5620 5684 -1
4486 20 5620 -1
4488 50 5655 -1
4534 19 5623 -1
4536 81 5650 5655 5694 -1
4550 100 5637 5639 5650 5651 5683 -1
4586 9 5683 -1
4598 71 5697 -1
4632 228 5671 5683 5684 5693 -1
4653 114 5620 5623 5630 5635 5637 5650 5663 5680 -1
4662 46 5693 -1
4673 96 5626 5638 5684 -1
4686 57 5683 -1
4709 25 5684 -1
4717 62 5624 5650 5697 -1
4718 46 5620 5630 -1
4712 121 5638 5651 -1
4748 38 5640 -1
4781 27 5624 -1
4792 62 5605 -1
4813 46 5626 -1
4824 101 5639 5650 5651 5680 5693 -1
4843 24 5651 -1
4856 3 5651 -1
4894 79 5620 5640 -1
4899 169 5626 5637 5680 5693 -1
4948 214 5605 5620 5671 -1
4966 25 5683 -1
4967 361 5620 5623 5624 5637 5650 5651 5663 5680 5684 5693 5697 -1
4974 44 5638 -1
4976 23 5680 -1
4980 16 5637 5639 5651 -1
4981 53 5605 5671 -1
4989 7 5697 -1
5012 14 5640 -1
5017 9 5683 -1
5022 172 5624 5626 5638 5684 5697 -1
5020 139 5620 5630 5638 5640 5651 5697 -1
5028 43 5605 5614 5671 -1
5037 18 5605 5680 -1
5053 52 5671 -1
5061 13 5684 -1
5079 271 5624 5637 5638 5664 5684 5693 5697 -1
5080 3 5651 -1
5096 14 5683 -1
5099 14 5640 -1
5106 33 5664 -1
5102 54 5605 -1
5103 127 5605 5624 5671 -1
5110 84 5684 -1
4828 168 5623 5663 5665 5697 -1
5118 13 5683 -1
5123 69 5624 5671 5684 -1
5125 54 5680 -1
5150 13 5680 -1
5166 48 5697 -1
5171 41 5637 -1
5173 122 5640 5683 -1
5175 35 5650 5651 -1
5176 139 5637 5639 5640 5650 5651 5683 5693 -1
5177 101 5630 5697 -1
4310 278 5620 5624 5637 5651 5673 5680 5683 5684 5697 -1
5179 217 5620 5637 5640 5683 5684 5693 5697 -1
5180 49 5680 5693 -1
5181 41 5651 5680 5693 -1
5184 68 5623 5637 5650 5651 5693 -1
5185 152 5605 5614 5683 5684 5697 -1
5187 31 5637 5640 5651 5680 -1
5188 211 5626 5637 5640 5650 5651 5680 5684 5693 5697 -1
5189 312 5620 5624 5626 5630 5637 5638 5639 5640 5651 5680 5683 5684 5693 5697 -1
5190 80 5620 5623 5635 5637 5639 5640 5650 5651 5683 5693 -1
5226 17 5605 5671 5680 -1
5246 44 5620 -1
5250 14 5620 -1
5255 8 5640 -1
5262 59 5680 -1
5263 75 5620 5637 5640 5650 5693 -1
5276 9 5614 -1
5285 21 5637 5651 -1
5296 16 5680 -1
5301 61 5624 5630 5680 -1
5321 32 5624 5683 5693 -1
5324 16 5637 5638 -1
5339 10 5683 -1
5342 30 5693 -1
5391 37 5640 5683 5684 5697 -1
5400 4 5683 -1
5423 48 5638 5684 -1
5427 37 5640 -1
5437 26 5680 -1
5439 66 5626 -1
5445 63 5643 -1
5447 2 5623 -1
5452 17 5680 -1
5454 19 5605 5680 -1
5457 44 5620 5624 5637 5638 5683 5697 -1
5478 9 5650 -1
5479 28 5683 5693 -1
5485 21 5673 -1
5487 30 5683 -1
5462 19 5620 -1
5511 3 5693 -1
5515 7 5650 -1
5524 389 5605 5614 5626 5671 5684 5697 -1
5531 243 5624 5637 5683 -1
5528 6 5640 -1
5534 14 5637 5638 -1
5543 137 5624 5684 5697 -1
5553 46 5637 5693 -1
5562 13 5683 -1
5577 8 5620 -1
5582 105 5624 5626 -1
5589 11 5697 -1
5591 27 5684 -1
5596 30 5697 -1
5604 7 5623 -1
5606 28 5680 5683 -1
5608 16 5638 5651 5664 5683 -1
5612 66 5680 5693 5697 -1
5622 2 5623 -1
5396 12 5623 5680 -1
5624 28 5626 -1
5639 4 5640 -1
5646 2 5639 -1
5648 1 5650 -1
5649 2 5650 5683 -1
5655 139 5684 5697 -1
5661 3 5683 -1
5662 4 5663 -1
5647 8 5683 -1
5678 1 5679 -1
5680 4 5694 -1
5682 1 5683 -1
5689 1 5693 -1
5690 1 5693 -1
5691 49 5693 -1
5692 21 5693 -1
5696 50 5624 5626 -1
5697 230 5605 5620 5626 5638 5684 -1
5708 7 5697 -1
5714 44 5684 -1
5773 75 5643 -1
5787 32 5624 -1
5796 191 5605 5655 5684 -1
5798 12 5638 5684 -1
5799 23 5626 5638 -1
5800 222 5655 5671 5697 -1
5802 385 5605 5614 5638 5671 5697 -1
5808 6 5684 -1
5809 21 5697 -1
5812 41 5626 5697 -1
5814 144 5605 -1
5816 84 5697 -1
5817 75 5697 -1
5818 67 5624 5626 -1
5827 15 5605 5680 -1
5829 12 5680 -1
5836 11 5624 -1
5846 3 5680 -1
5852 1 5680 -1
5853 1 5680 -1
5854 1 5680 -1
5855 8 5624 -1
5872 27 5605 -1
5890 5 5697 -1
5871 50 5697 -1
5932 33 5624 5684 -1
5934 42 5620 5630 -1
5952 14 5697 -1
5961 11 5626 -1
5999 20 5620 -1
6006 68 5684 -1
6020 25 5624 5671 -1
6023 30 5638 -1
6043 39 5624 -1
6072 54 5614 -1
6068 32 5624 -1
6075 18 5624 -1
6119 3 5624 -1
6127 3 5671 -1
6151 13 5624 -1
6156 22 5624 5671 5697 -1
6168 1 5624 -1
6169 3 5624 -1
6170 14 5624 -1
6204 12 5697 -1
6216 5 5626 -1
6217 31 5626 -1
6218 53 5605 5626 -1
6219 4 5626 -1
6221 31 5605 5643 -1
6223 17 5684 -1
6241 75 5671 -1
6270 88 5697 -1
6272 76 5697 -1
6299 78 5697 -1
6305 190 5605 5614 5697 -1
6323 44 5614 5697 -1
6359 81 5697 -1
6327 108 5697 -1
6422 11 5697 -1
6421 23 5697 -1
6443 70 5697 -1
6523 33 5655 5697 -1
6460 58 5643 -1
6123 24 5697 -1
6596 177 5605 5643 5671 -1
6618 91 5697 -1
6615 160 5671 5697 -1
6616 18 5697 -1
6624 135 5605 5614 5671 -1
6665 29 5697 -1
6712 11 5671 -1
3293 10 5605 5614 -1
6736 33 5655 5697 -1
4401 9 5605 -1
6780 6 5671 -1
6781 8 5697 -1
6620 93 5697 -1
6885 19 5671 -1
6900 31 5605 -1
6902 28 5614 -1
6914 95 5605 5671 -1
6907 191 5605 -1
6951 47 5643 5697 -1
6959 5 5697 -1
6692 6 5697 -1
6958 2 5697 -1
6960 1 5697 -1
6961 2 5697 -1
6962 1 5697 -1
6963 1 5697 -1
6976 41 5605 -1
6993 81 5643 5655 -1
7052 142 5605 -1
7045 36 5671 -1
7053 31 5671 -1
7047 161 5605 5614 5643 5671 -1
7055 98 5605 5671 -1
7056 37 5671 -1
7049 27 5671 -1
7086 123 5605 5614 -1
7092 93 5671 -1
7153 12 5671 -1
7225 47 5655 -1
7231 101 5671 -1
7280 89 5605 -1
7294 39 5605 5655 -1
7281 12 5671 -1
7378 38 5605 -1
7390 24 5671 -1
7394 5 5643 -1
7405 18 5605 -1
7424 4 5605 -1
7449 39 5614 5643 -1
7490 27 5605 -1
7511 16 5614 -1
7544 11 5671 -1
7564 31 5605 5614 -1
7578 28 5605 -1
7679 26 5605 5643 -1
7682 36 5643 -1
7706 2 5671 -1
7733 45 5605 -1
7737 1 5671 -1
7738 6 5671 -1
7774 35 5605 -1
7818 23 5643 -1
7856 7 5605 -1
7862 11 5605 -1
7885 6 5605 -1
7900 27 5605 -1
7901 30 5605 -1
7902 21 5605 -1
7945 5 5605 -1
8036 19 5605 5614 -1
8041 3 5605 -1
8053 20 5614 -1
8085 16 5614 -1
8152 10 5605 -1
8153 1 5605 -1