3 23 604 611 -1
25 90 600 604 611 645 650 659 664 667 673 675 696 -1
4 29 606 611 645 650 659 -1
6 302 600 604 609 611 613 616 617 619 643 656 659 665 668 673 691 694 -1
8 182 600 604 606 607 609 611 613 616 617 622 624 627 628 631 636 637 645 650 656 657 658 659 664 665 667 668 673 674 675 677 681 687 -1
9 81 611 626 658 664 -1
10 86 600 609 617 619 622 627 628 631 636 656 657 658 659 664 665 667 668 673 675 681 -1
11 743 600 607 608 609 611 613 617 622 624 627 628 631 636 637 643 644 647 658 659 664 667 668 673 674 675 677 681 684 687 694 -1
12 65 609 631 644 663 668 675 677 697 -1
14 114 609 611 613 616 617 619 626 631 650 656 665 -1
15 50 600 667 -1
16 15 637 -1
17 45 624 656 658 667 675 -1
18 12 643 -1
20 187 600 606 609 611 624 626 631 636 650 656 657 658 667 673 675 677 681 697 -1
21 76 611 613 637 656 657 664 667 -1
23 74 601 616 617 656 664 667 670 673 674 -1
24 309 600 626 633 636 643 644 647 663 667 681 696 697 -1
28 133 600 613 616 627 631 636 645 656 658 659 667 670 673 675 677 681 687 -1
36 227 600 626 636 637 643 644 656 663 665 667 681 697 -1
35 65 644 647 -1
37 20 608 609 656 -1
38 14 609 -1
39 41 611 613 628 631 659 -1
26 95 636 673 675 681 684 687 -1
41 30 681 -1
42 89 656 658 -1
46 59 609 624 656 664 681 -1
47 146 609 644 656 664 667 675 -1
48 21 664 -1
49 15 664 -1
51 24 609 611 656 -1
29 150 600 604 611 627 656 659 665 667 668 670 673 674 677 681 684 -1
55 64 673 682 696 697 -1
56 24 622 -1
57 13 656 673 675 -1
59 94 600 643 -1
62 17 606 607 609 611 -1
27 102 604 606 609 613 616 624 627 628 631 636 645 656 664 667 668 670 673 681 684 687 -1
66 44 600 607 665 -1
72 164 600 636 637 659 663 667 697 -1
75 31 600 -1
78 41 659 -1
79 53 600 637 659 697 -1
77 25 604 624 644 -1
80 59 600 619 631 636 643 656 657 658 664 675 681 684 -1
86 122 600 626 674 696 -1
71 109 600 631 -1
87 195 600 608 647 656 658 667 696 -1
89 29 682 -1
90 72 600 644 -1
94 80 613 616 628 631 656 659 663 668 -1
98 8 664 -1
103 68 600 656 657 665 667 681 687 -1
104 30 664 667 -1
105 3 677 -1
68 275 608 650 -1
110 95 613 616 617 622 643 656 658 665 667 670 674 677 682 -1
111 29 600 611 636 668 -1
121 9 659 -1
122 213 608 -1
113 89 686 -1
130 13 650 656 657 -1
126 25 696 697 -1
127 132 601 607 616 650 656 -1
132 29 656 -1
134 2 601 -1
135 7 656 -1
138 72 600 637 656 659 663 668 673 681 -1
139 37 611 681 -1
140 30 606 -1
142 25 682 -1
143 94 633 644 647 697 -1
147 58 682 -1
145 18 626 -1
151 74 637 643 659 663 682 -1
152 21 656 665 667 677 -1
154 61 609 617 636 -1
157 44 626 663 696 697 -1
161 32 677 -1
168 9 663 -1
171 70 644 663 -1
173 334 600 626 644 647 665 691 697 -1
74 69 626 637 643 665 682 -1
176 39 647 -1
177 19 677 -1
178 63 600 606 616 673 -1
179 17 673 -1
180 54 677 -1
182 79 600 644 647 650 656 659 667 694 -1
166 93 647 659 673 -1
187 37 600 601 657 658 664 -1
201 21 681 -1
203 31 600 -1
204 12 611 -1
205 12 600 613 616 658 659 -1
208 6 626 -1
209 10 626 686 696 697 -1
192 19 600 -1
125 29 637 -1
215 100 636 663 684 687 -1
221 10 604 -1
223 19 607 636 -1
240 5 637 -1
231 50 600 611 613 617 650 656 657 673 686 -1
232 23 600 619 665 -1
236 39 600 611 622 636 656 684 -1
237 41 636 -1
254 25 677 682 -1
255 86 600 606 607 608 624 627 628 631 633 636 637 643 656 657 658 659 667 668 673 675 677 681 697 -1
256 10 626 644 -1
261 8 606 607 609 -1
259 56 600 626 -1
265 31 600 675 677 -1
266 13 665 -1
269 30 609 697 -1
275 56 604 619 650 656 657 664 667 -1
241 8 626 -1
280 76 626 667 677 697 -1
282 39 604 606 607 609 656 664 675 -1
296 10 663 -1
290 71 633 -1
304 79 682 696 -1
306 244 600 609 613 619 636 637 643 656 659 664 667 670 673 675 677 681 682 684 687 697 -1
308 142 600 626 643 644 647 663 673 697 -1
310 230 600 626 633 637 659 665 674 677 682 686 697 -1
311 321 626 637 643 647 663 674 697 -1
312 227 600 624 626 628 631 636 643 644 647 656 657 658 664 667 668 670 673 674 675 677 681 682 684 686 687 691 696 697 -1
313 54 644 697 -1
315 77 637 643 659 663 673 674 677 -1
305 7 659 -1
317 140 626 637 643 644 647 663 677 682 686 696 697 -1
319 199 600 622 627 633 637 647 656 659 670 673 675 -1
326 12 616 -1
328 13 626 -1
150 28 601 606 607 609 -1
336 31 600 636 -1
339 80 600 609 611 613 616 624 627 628 631 643 644 647 659 665 668 673 675 -1
340 30 627 628 656 663 -1
341 47 659 663 686 -1
343 4 656 -1
348 21 665 686 697 -1
345 9 600 -1
346 86 659 682 -1
349 1 613 -1
350 2 696 -1
353 6 684 -1
193 21 656 -1
364 14 658 670 -1
366 14 606 645 656 -1
371 117 600 627 643 658 659 664 677 686 -1
376 37 636 643 697 -1
381 2 622 -1
387 11 600 -1
383 45 601 611 622 631 659 -1
400 12 606 686 -1
405 19 637 658 677 697 -1
406 34 636 667 668 670 675 677 681 684 687 -1
407 145 673 696 697 -1
414 3 656 -1
325 25 601 606 607 -1
425 79 663 -1
432 157 618 637 664 665 675 691 697 -1
412 21 681 -1
439 8 644 -1
457 732 608 633 643 663 696 697 -1
164 8 628 677 -1
479 8 686 -1
499 14 626 -1
501 10 664 -1
513 4 636 -1
545 24 644 647 -1
546 142 665 -1
553 22 600 626 -1
556 121 600 611 617 624 626 627 628 631 643 645 650 656 657 658 659 665 667 668 675 686 697 -1
564 15 604 656 673 -1
574 5 673 -1
579 4 626 -1
583 26 628 633 -1
584 5 604 -1
586 13 616 667 673 677 -1
592 12 606 611 619 624 628 657 -1
591 2 673 -1
601 9 600 -1
600 214 601 626 637 647 665 677 -1
604 8 600 636 -1
602 1 604 -1
606 3 607 611 -1
608 3 609 -1
610 1 611 -1
612 1 613 -1
614 10 600 616 659 682 -1
615 35 616 617 622 624 627 628 636 645 650 656 657 664 668 673 675 677 684 687 694 -1
618 11 600 619 673 -1
495 6 622 665 -1
620 14 622 628 643 673 -1
624 2 627 628 -1
625 3 624 -1
626 31 600 627 673 -1
633 55 600 626 636 644 656 -1
634 150 608 626 644 647 686 697 -1
635 66 600 643 656 659 665 -1
636 11 663 -1
647 32 600 626 -1
640 4 644 -1
641 2 686 -1
642 3 656 657 -1
643 46 600 673 -1
644 27 636 677 -1
645 16 659 -1
649 40 600 643 650 659 673 -1
650 98 637 657 663 667 677 682 -1
651 2 656 -1
655 1 656 -1
652 2 656 -1
653 2 656 -1
654 1 656 -1
658 6 664 667 -1
661 2 658 -1
662 2 658 -1
663 158 600 618 636 637 643 664 667 675 677 682 684 696 697 -1
667 19 665 -1
665 7 667 -1
666 2 665 667 -1
639 31 668 674 696 -1
669 1 670 -1
672 1 673 -1
674 16 675 -1
676 1 677 -1
678 1 681 -1
683 1 684 -1
682 3 636 684 -1
686 83 644 663 687 -1
689 47 644 -1
691 24 696 -1
693 1 694 -1
695 118 600 691 -1
699 8 647 -1
704 81 647 663 673 -1
705 28 674 -1
706 95 600 626 659 663 -1
707 123 626 663 682 696 697 -1
708 51 696 -1
710 105 644 663 686 697 -1
715 23 644 647 -1
722 264 608 637 643 -1
727 32 665 -1
728 5 600 -1
730 34 600 696 -1
737 232 659 -1
742 93 643 659 663 682 697 -1
697 100 600 643 663 665 682 691 696 -1
749 66 600 697 -1
321 27 696 -1
760 1 600 -1
759 77 600 626 643 659 -1
763 68 637 665 -1
764 34 600 -1
766 773 600 608 633 644 659 673 -1
762 50 600 626 644 659 663 691 697 -1
767 1 600 -1
768 2 600 -1
769 146 600 626 -1
770 3 600 -1
771 7 600 626 -1
772 3 600 -1
788 113 643 644 696 697 -1
781 8 673 -1
782 9 659 673 677 -1
784 224 647 663 665 697 -1
789 317 608 637 663 673 697 -1
791 41 647 -1
795 60 643 -1
796 6 644 -1
797 5 644 -1
801 6 659 665 -1
803 6 659 -1
805 90 644 -1
810 34 647 -1
813 272 608 691 -1
816 29 644 -1
334 41 643 697 -1
823 15 626 677 686 697 -1
824 2 677 -1
826 249 633 665 -1
836 26 665 -1
838 36 643 -1
844 45 637 663 682 -1
848 8 643 -1
853 16 663 674 697 -1
860 8 643 -1
862 3 637 -1
863 5 637 -1
865 97 626 663 665 682 -1
869 11 674 -1
870 38 674 -1
871 59 697 -1
873 5 643 -1
879 122 608 -1
886 3 643 -1
469 10 608 -1
896 26 696 -1
911 27 626 697 -1
912 9 682 -1
918 17 665 -1
932 1 665 -1
931 2 665 -1
937 46 682 -1
940 1 682 -1
941 80 647 682 691 697 -1
946 110 663 697 -1
947 27 697 -1
948 29 633 -1
954 34 626 -1
956 42 663 686 696 697 -1
960 22 626 663 696 697 -1
967 16 697 -1
970 11 626 -1
971 72 663 -1
978 65 644 -1
981 16 626 696 697 -1
982 47 663 -1
984 7 644 -1
986 77 626 -1
988 292 633 -1
993 238 626 663 697 -1
994 45 663 696 697 -1
996 297 608 633 644 647 -1
998 30 663 686 696 697 -1
1006 138 686 696 -1
1003 18 663 -1
1013 23 626 644 -1
1022 14 663 -1
1024 41 626 697 -1
1027 6 697 -1
1028 7 626 697 -1
1029 135 626 686 691 697 -1
1032 39 647 663 -1
1033 6 626 -1
1037 86 686 -1
1046 24 647 663 -1
1050 44 697 -1
1051 46 644 -1
1055 196 691 697 -1
1062 156 644 647 663 -1
872 29 686 -1
1074 95 686 -1
1075 74 665 686 -1
1084 5 626 -1
1078 5 626 -1
1085 4 626 -1
1086 8 626 665 -1
1089 8 626 -1
1087 2 626 -1
1088 1 626 -1
1114 39 663 665 -1
1124 20 696 -1
1125 37 608 663 696 -1
1126 2 696 -1
1127 62 665 691 -1
1129 62 691 -1
1132 57 665 -1
1133 399 608 633 663 -1
1135 115 644 647 -1
1137 135 644 -1
1146 1 663 -1
1147 3 663 -1
1151 472 608 -1
922 149 647 691 -1
1164 39 665 -1
1166 599 608 633 665 -1
1185 43 665 -1
1200 107 633 -1
1201 35 644 -1
1210 218 633 644 -1
1211 79 665 -1
1221 77 633 -1
1245 10 644 -1
1246 8 644 -1
1247 77 633 -1
1267 61 665 -1
1278 69 644 -1
1279 124 644 -1
1297 76 647 -1
1305 290 608 633 647 691 -1
1308 4 644 -1
1309 1 644 -1
1313 1 644 -1
1310 2 644 -1
1311 2 644 -1
1312 1 644 -1
1319 181 691 -1
1320 6 647 -1
1328 2 665 -1
1336 8 665 -1
1340 3 665 -1
1374 462 608 633 665 -1
1428 183 665 -1
1473 91 665 -1
1492 157 691 -1
1496 210 633 -1
1500 48 608 633 -1
1522 139 608 -1
1525 35 665 -1
1538 81 691 -1
1549 587 633 -1
1550 42 608 -1
1596 29 633 -1
1605 10 691 -1
1608 355 633 665 -1
1614 73 665 -1
1615 162 665 -1
1674 8 633 -1
1701 112 608 -1
1697 70 608 633 -1
1717 96 665 -1
1767 97 608 -1
1751 35 608 665 -1
1919 112 665 -1
1922 204 608 633 -1
1927 2 665 -1
1967 31 665 -1
1968 2 665 -1
1972 181 608 -1
1991 66 633 -1
1997 88 665 -1
2008 1 665 -1
2009 63 665 -1
2040 1 665 -1
2010 27 665 -1
2011 3 665 -1
2012 3 665 -1
2013 1 665 -1
2042 2 665 -1
2014 10 665 -1
2015 1 665 -1
2016 13 665 -1
2017 1 665 -1
2018 2 665 -1
2019 1 665 -1
2020 1 665 -1
2021 1 665 -1
2044 2 665 -1
2023 1 665 -1
2024 1 665 -1
2025 1 665 -1
2026 1 665 -1
2027 1 665 -1
2045 1 665 -1
2029 2 665 -1
2030 1 665 -1
2031 1 665 -1
2032 1 665 -1
2033 22 665 -1
2034 1 665 -1
2035 1 665 -1
2036 2 665 -1
2037 8 665 -1
698 11 665 -1
2038 5 665 -1
2065 50 633 -1
2229 143 633 -1
2236 75 633 -1
2237 241 608 -1
2297 164 608 -1
2323 111 608 -1
2326 252 608 -1
2332 36 633 -1
2472 75 633 -1
2473 103 633 -1
2507 69 633 -1
2559 82 633 -1
2564 50 608 -1
2565 893 633 -1
2595 49 608 -1
2474 142 633 -1
2651 269 608 -1
2653 113 608 -1
2674 103 633 -1
2699 74 608 633 -1
2700 168 608 -1
2686 156 633 -1
2703 61 633 -1
2688 618 608 633 -1
2704 75 633 -1
2660 164 633 -1
2667 126 633 -1
2690 26 633 -1
2696 64 633 -1
2790 173 633 -1
2859 139 608 -1
2871 282 608 633 -1
2872 87 608 -1
2964 70 633 -1
2972 357 608 -1
3010 123 608 -1
3020 52 633 -1
3024 52 633 -1
3026 175 608 -1
3028 189 608 -1
3055 52 608 -1
3057 48 608 -1
3062 42 633 -1
3092 81 633 -1
3098 37 633 -1
3095 37 633 -1
3192 56 608 -1
3246 2 633 -1
3247 2 633 -1
3248 1 633 -1
3249 3 633 -1
3252 37 608 -1
3258 95 608 -1
3352 273 608 -1
3402 122 608 -1
3449 314 608 -1
3453 319 608 -1
3454 148 608 -1
3456 241 608 -1
3457 166 608 -1
3488 16 608 -1
3498 114 608 -1
3527 64 608 -1
3568 147 608 -1
3614 205 608 -1
3633 48 608 -1
3635 63 608 -1
3643 44 608 -1
3724 93 608 -1
3786 99 608 -1
3806 45 608 -1
3842 15 608 -1
3648 9 608 -1
3943 1 608 -1
3944 1 608 -1
3960 23 608 -1
2981 44 608 -1
4077 77 608 -1
4138 64 608 -1
4308 7 608 -1
4338 40 608 -1
4363 22 608 -1
4550 100 608 -1
4813 46 608 -1
4824 101 608 -1
4899 169 608 -1
4948 214 608 -1
4967 361 608 -1
4982 43 608 -1
4988 23 608 -1
5008 27 608 -1
5029 26 608 -1
4828 168 608 -1
5176 139 608 -1
5184 68 608 -1
5189 312 608 -1
5190 80 608 -1
5285 21 608 -1
5317 18 608 -1
5324 16 608 -1
5360 15 608 -1
5405 4 608 -1
5475 2 608 -1
5476 1 608 -1