11 743 4510 4528 4531 4547 4578 -1
15 50 4561 -1
24 309 4510 -1
36 227 4574 4578 -1
66 44 4588 -1
87 195 4510 -1
103 68 4536 -1
68 275 4536 4574 4584 4587 4588 -1
109 190 4536 -1
122 213 4530 4531 4578 -1
136 99 4530 4536 -1
154 61 4531 -1
178 63 4578 -1
302 13 4557 -1
311 321 4534 4578 -1
319 199 4527 4551 4587 -1
335 46 4551 -1
150 28 4536 -1
425 79 4530 -1
432 157 4551 4578 4587 -1
457 732 4507 4510 4527 4530 4534 4536 4547 4574 4587 -1
445 4 4547 -1
546 142 4536 4578 -1
582 34 4536 4562 4584 -1
600 214 4510 -1
633 55 4534 -1
695 118 4587 -1
697 100 4574 -1
766 773 4500 4510 4527 4528 4529 4530 4531 4534 4547 4551 4557 4578 4583 4587 4588 -1
789 317 4527 4530 4551 4587 -1
813 272 4578 -1
825 165 4530 4551 4578 -1
856 91 4584 -1
879 122 4528 4531 4550 4578 -1
988 292 4578 -1
996 297 4510 4530 4574 -1
1000 60 4527 -1
1006 138 4510 -1
1024 41 4510 -1
1037 86 4510 -1
1041 49 4587 -1
1055 196 4530 4536 -1
1062 156 4531 -1
1074 95 4507 -1
1097 88 4530 -1
1125 37 4578 -1
1127 62 4587 -1
1133 399 4500 4510 4527 4528 4529 4531 4534 4551 4557 4558 4562 4574 4578 4584 4587 4588 -1
1151 472 4510 4530 4531 4534 4551 -1
1166 599 4510 4527 4530 4536 4547 -1
1200 107 4534 -1
1204 61 4529 -1
1241 35 4536 -1
1247 77 4534 -1
1253 51 4510 -1
1286 65 4529 -1
1305 290 4529 4578 4588 -1
1319 181 4528 -1
1335 62 4536 -1
1374 462 4530 4534 4536 -1
1471 72 4536 -1
1522 139 4510 4588 -1
1537 68 4528 4536 4551 4578 -1
1542 244 4527 4534 4547 4578 4587 -1
1549 587 4527 4528 4530 4536 4574 4578 4587 -1
1608 355 4530 4531 -1
1612 68 4507 -1
1621 80 4578 -1
1622 50 4578 -1
1661 66 4580 -1
1667 55 4536 4547 -1
1687 6 4528 -1
1701 112 4527 4551 4574 4578 -1
1697 70 4530 -1
1707 34 4578 -1
1748 76 4500 4588 -1
1796 38 4536 -1
1811 43 4536 4574 -1
1813 41 4531 4552 4578 -1
1823 49 4587 -1
1896 51 4536 4547 -1
1915 33 4587 -1
1982 29 4536 -1
2033 22 4510 -1
2109 47 4510 4536 -1
2115 16 4574 -1
2120 122 4536 -1
2129 44 4510 4528 4531 4547 4578 -1
2135 146 4530 4534 4536 -1
2145 145 4574 4587 -1
2186 61 4574 -1
2237 241 4510 4528 4551 4574 4578 -1
2240 108 4528 4536 -1
2258 95 4510 -1
2264 58 4510 4530 -1
2297 164 4510 4528 4578 -1
2299 67 4587 -1
2323 111 4510 4531 -1
2326 252 4500 4578 -1
2365 77 4510 4528 4530 4536 -1
2369 189 4507 4530 4536 4547 4587 -1
2375 49 4500 4528 -1
2381 71 4547 -1
2379 45 4552 4557 -1
2384 72 4536 -1
2387 66 4574 4587 -1
2398 62 4528 4578 -1
2411 141 4500 4531 4547 -1
2456 31 4531 -1
2473 103 4528 4531 -1
2480 7 4536 -1
2481 8 4536 -1
2485 324 4510 4536 4574 4578 -1
2506 46 4510 -1
2516 44 4574 -1
2542 93 4510 -1
2549 70 4531 4536 4587 -1
2557 77 4551 -1
2560 180 4507 -1
2565 893 4500 4507 4510 4528 4530 4531 4536 4547 4551 4557 4558 4562 4578 4583 4587 4588 -1
2576 146 4536 -1
2585 60 4528 4574 -1
2592 13 4587 -1
2596 13 4536 -1
2474 142 4510 -1
2623 108 4527 4529 -1
2651 269 4530 4536 4547 4551 4578 -1
2653 113 4510 4578 -1
2657 44 4500 -1
2658 307 4510 4529 4531 4588 -1
2677 40 4536 -1
2680 6 4530 -1
2683 13 4587 -1
2702 80 4547 4574 -1
2688 618 4500 4510 4527 4528 4529 4530 4531 4534 4536 4547 4551 4552 4557 4558 4574 4578 4583 4587 4588 -1
2704 75 4574 -1
2660 164 4510 4528 4574 -1
2691 44 4510 4527 -1
2693 149 4547 -1
2696 64 4578 -1
2727 33 4551 -1
2737 16 4510 -1
2744 39 4574 -1
2746 25 4528 -1
2778 22 4510 -1
2790 173 4536 4558 4578 -1
2811 19 4500 4583 -1
2819 18 4536 -1
2831 39 4531 4578 -1
2832 50 4529 4588 -1
2859 139 4500 4510 4528 4531 4552 4557 4588 -1
2867 3 4536 -1
2871 282 4510 4529 4534 4547 4551 4587 4588 -1
2909 57 4528 4534 4587 -1
2923 35 4547 -1
2935 36 4588 -1
2951 19 4531 -1
2958 47 4528 4530 -1
2967 238 4510 4551 4574 4578 -1
2972 357 4500 4507 4527 4528 4529 4534 4536 4547 4551 4562 4578 4587 -1
3009 51 4510 4528 4529 4578 -1
2707 103 4534 -1
3015 44 4534 4536 -1
3024 52 4578 -1
3026 175 4510 4531 4536 4547 4578 4587 -1
3027 39 4536 4574 -1
3028 189 4507 4510 4529 4550 4551 4552 4557 4578 4584 -1
3032 216 4510 4528 4530 4536 4588 -1
3033 45 4510 -1
3034 38 4510 4528 4531 -1
2713 200 4510 -1
3057 48 4587 -1
2356 57 4528 -1
3092 81 4534 4536 4587 -1
3103 5 4552 -1
3109 9 4584 -1
3110 21 4587 -1
2003 63 4531 -1
3137 4 4578 -1
3144 88 4531 4578 -1
3168 79 4510 -1
3175 41 4529 -1
3188 20 4528 -1
3191 68 4530 4587 -1
3209 41 4587 -1
3227 19 4536 -1
3238 28 4562 -1
3258 95 4510 4531 -1
3274 69 4547 4562 4574 4578 -1
3284 20 4557 -1
3291 58 4531 4578 -1
3315 13 4587 -1
3290 36 4531 4587 -1
3346 5 4507 -1
3350 55 4510 4528 4587 -1
3352 273 4510 4528 4531 4536 4547 4551 4587 -1
3366 63 4500 4574 -1
3374 4 4534 -1
3375 43 4528 4536 -1
3378 41 4510 -1
3381 180 4536 -1
3388 15 4510 -1
3392 33 4583 -1
3394 156 4528 4536 4578 -1
3402 122 4547 4578 -1
3404 89 4527 -1
3390 60 4530 -1
3406 4 4587 -1
3435 4 4510 -1
3443 20 4531 -1
3439 88 4510 4531 4536 -1
3447 271 4529 4530 4547 4551 4574 4587 4588 -1
3448 3 4578 -1
3449 314 4527 4528 4530 4531 4534 4536 4547 4551 4574 4587 -1
3450 27 4528 4531 4578 -1
3451 98 4557 -1
3452 131 4527 4528 4530 4534 4551 4588 -1
3453 319 4528 4530 4531 4536 4547 4551 4574 4578 4587 -1
3454 148 4510 4528 4531 4551 4557 4578 -1
3455 68 4547 4551 4588 -1
3456 241 4510 4531 4536 4557 4574 4578 4587 4588 -1
3457 166 4510 4529 4536 4552 4557 4558 4562 4583 -1
3458 69 4547 4551 -1
3459 92 4574 -1
3461 101 4529 4536 4578 4587 -1
3462 54 4510 -1
3463 56 4510 4528 4531 4551 4578 -1
3472 15 4534 -1
3479 102 4574 -1
3478 42 4527 -1
3496 10 4531 -1
3498 114 4530 4534 4536 4587 -1
3519 48 4587 -1
3522 71 4510 4551 4552 4558 4584 -1
3541 81 4578 -1
3557 10 4558 4562 -1
3568 147 4530 4536 4547 4551 4578 -1
3591 13 4578 -1
3601 52 4530 4578 -1
3614 205 4500 4510 4527 4530 4534 4551 4574 4587 -1
3615 144 4531 4547 4578 4587 -1
3624 64 4528 4529 4587 -1
3630 32 4510 4531 -1
3631 91 4510 4550 -1
3634 82 4530 4574 4587 -1
3641 212 4536 4547 4587 -1
3642 362 4527 4530 4534 4536 4574 -1
3643 44 4530 4578 -1
3645 40 4510 4528 4531 -1
3660 87 4510 4528 4531 -1
3665 20 4507 4536 -1
3666 144 4530 4534 4536 4547 -1
3673 5 4547 -1
3724 93 4510 -1
3725 4 4528 -1
3728 85 4536 4587 -1
3748 30 4557 -1
3767 16 4510 4529 -1
3786 99 4530 4536 4574 -1
3787 232 4530 4536 4551 4578 -1
3792 27 4578 -1
3796 113 4528 4531 4534 4547 4562 4574 4578 4587 -1
3803 10 4551 -1
3812 53 4578 4587 -1
3813 94 4534 4536 -1
3835 35 4588 -1
3854 82 4510 4530 4547 4578 -1
3897 9 4551 -1
3916 42 4536 -1
3917 29 4500 -1
3919 15 4547 4587 -1
3956 85 4528 4531 4578 -1
3958 15 4531 -1
3962 4 4557 -1
3965 89 4578 -1
3969 90 4536 4587 -1
3976 145 4500 4529 4536 4547 4551 4558 4562 4583 4584 4588 -1
3977 14 4578 -1
3983 4 4534 -1
3985 32 4578 -1
4001 28 4536 -1
4036 147 4530 4574 -1
4040 104 4529 4531 4578 4584 -1
4041 68 4530 -1
4044 89 4529 4531 4551 4552 4557 4562 4578 4583 4588 -1
4045 257 4500 4510 4521 4527 4528 4534 4536 4547 4551 4552 4574 4578 4588 -1
4046 89 4558 -1
4051 1 4510 -1
4062 4 4578 -1
4077 77 4528 4529 4547 -1
4065 131 4510 4529 4531 4536 4551 4578 -1
4068 6 4528 -1
4070 111 4530 4534 4536 4547 4587 -1
4072 29 4578 4588 -1
4073 115 4530 4547 4551 -1
4074 33 4547 -1
4099 155 4530 4536 4547 -1
4123 25 4578 -1
4127 41 4528 4531 4578 -1
4138 64 4500 4530 -1
4142 37 4558 -1
4150 16 4531 -1
4151 84 4531 4558 4562 4578 4587 -1
4152 43 4531 4562 -1
4187 9 4531 -1
4189 11 4557 -1
4191 20 4531 4557 4558 -1
4197 7 4551 -1
3995 57 4547 4574 4587 -1
4212 53 4529 4547 4551 4587 -1
4219 112 4528 4529 4547 4578 -1
4222 41 4510 4528 4536 4578 -1
4221 42 4536 4547 -1
4232 3 4561 -1
4261 24 4531 -1
4273 23 4578 -1
4276 52 4527 4547 -1
4282 6 4588 -1
4290 2 4531 -1
4295 17 4500 4536 -1
4297 38 4528 -1
4312 5 4578 -1
4313 5 4510 -1
4327 2 4528 -1
4335 32 4529 4578 -1
4347 55 4507 -1
4351 4 4510 4531 -1
4353 80 4587 -1
4355 50 4530 4531 -1
4364 39 4528 4578 -1
4371 6 4557 -1
4415 17 4557 4588 -1
4429 12 4531 4557 -1
4433 24 4529 4531 4551 4552 4557 4558 4562 -1
4437 70 4536 4578 -1
4441 202 4547 4551 4574 -1
4448 36 4529 4531 4536 4547 4578 4587 -1
4451 9 4510 -1
4455 22 4529 4536 4539 4578 -1
4460 2 4531 -1
4465 4 4552 -1
4468 18 4557 -1
4482 7 4587 -1
4483 153 4500 4547 4587 -1
4486 20 4536 4587 -1
4488 50 4530 -1
4492 2 4510 -1
4524 9 4500 -1
4526 5 4528 4529 -1
4527 14 4528 4536 -1
4531 14 4578 4583 4584 4588 -1
4530 9 4531 -1
4533 3 4531 -1
4534 19 4531 -1
4535 5 4531 4578 -1
4536 81 4529 4530 4531 4557 4578 -1
4540 1 4541 -1
4542 9 4544 -1
4543 2 4544 -1
4547 45 4557 -1
4550 100 4530 -1
4557 16 4527 -1
4553 3 4557 -1
4554 1 4557 -1
4555 1 4557 -1
4556 1 4557 -1
4560 3 4561 -1
4564 33 4578 -1
4565 2 4578 -1
4574 40 4578 -1
4575 2 4578 -1
4576 10 4530 4536 4578 -1
4577 2 4578 -1
4582 5 4583 -1
4598 71 4536 -1
4487 31 4551 4587 -1
4632 228 4534 4574 4588 -1
4652 8 4530 -1
4653 114 4530 4536 4547 4574 4587 -1
4661 19 4547 -1
4662 46 4536 -1
4663 10 4588 -1
4673 96 4587 -1
4669 13 4529 -1
4681 20 4588 -1
4682 14 4551 -1
4686 57 4534 4587 -1
4687 23 4588 -1
4688 59 4551 -1
4717 62 4536 4587 -1
4712 121 4534 4574 -1
4725 36 4547 4551 -1
4726 15 4587 -1
4756 34 4588 -1
4748 38 4500 4507 4527 -1
4764 53 4536 4547 -1
4765 4 4588 -1
4781 27 4574 -1
4796 4 4534 -1
4788 20 4551 -1
4792 62 4507 -1
4813 46 4587 -1
4824 101 4500 4534 4574 -1
4829 78 4587 -1
4859 30 4547 4551 -1
4846 34 4587 -1
4853 5 4588 -1
4881 4 4530 -1
4889 2 4588 -1
4890 1 4588 -1
4891 7 4588 -1
4899 169 4534 4547 4574 4587 -1
4924 10 4536 -1
4929 9 4536 -1
4948 214 4547 4587 -1
4963 13 4547 -1
4964 60 4574 -1
4966 25 4536 -1
4967 361 4500 4527 4530 4534 4536 4547 4574 4587 -1
4974 44 4574 4587 -1
4976 23 4574 4587 -1
4981 53 4587 -1
4982 43 4536 -1
4988 23 4551 -1
4864 4 4587 -1
5002 115 4536 -1
5006 28 4536 4547 -1
5008 27 4587 -1
5009 14 4547 -1
5013 7 4587 -1
5022 172 4507 4574 -1
5020 139 4500 4530 -1
5037 18 4530 4536 -1
5061 13 4527 -1
5079 271 4527 4530 4534 4536 4547 4574 4587 -1
5099 14 4587 -1
5102 54 4507 -1
5103 127 4536 -1
5111 7 4536 -1
5110 84 4547 -1
4828 168 4530 -1
5119 18 4547 -1
5123 69 4534 4536 4574 -1
5125 54 4507 4534 -1
5050 11 4587 -1
5136 1 4536 -1
5139 11 4547 -1
5140 51 4547 4574 -1
5150 13 4530 4536 4547 -1
5171 41 4574 -1
5173 122 4536 -1
5175 35 4530 4534 4536 -1
4795 73 4500 4536 -1
5176 139 4527 4530 4534 4536 4587 -1
5177 101 4536 -1
4310 278 4527 4530 4534 4536 4574 4587 -1
5179 217 4530 4534 4536 -1
5180 49 4527 4534 4536 4574 -1
5181 41 4574 -1
5182 14 4534 -1
5184 68 4587 -1
5187 31 4530 4536 4574 -1
5188 211 4530 4534 4536 4574 -1
5189 312 4500 4534 4574 4587 -1
5190 80 4587 -1
5200 15 4587 -1
5203 15 4587 -1
5217 21 4536 -1
5243 19 4587 -1
5254 33 4536 -1
5255 8 4587 -1
5262 59 4527 4574 -1
5263 75 4527 4530 4536 4587 -1
5285 21 4530 4536 4587 -1
5295 22 4530 4536 -1
5299 1 4587 -1
5300 1 4587 -1
5301 61 4527 4574 -1
5316 24 4574 -1
5317 18 4536 -1
5264 7 4536 -1
5378 17 4507 -1
5391 37 4530 4536 -1
5404 40 4536 -1
5419 9 4534 -1
5421 4 4500 -1
5437 26 4527 4574 -1
5452 17 4530 -1
5454 19 4530 -1
5472 16 4574 -1
5479 28 4574 -1
5524 389 4507 4536 -1
5531 243 4530 4534 4536 -1
5528 6 4500 -1
5543 137 4527 -1
5562 13 4530 -1
5582 105 4536 -1
5600 8 4500 -1
5603 3 4500 -1
5605 11 4536 -1
5606 28 4534 4574 -1
5612 66 4530 4536 -1
5396 12 4500 4536 -1
5652 1 4500 -1
5653 1 4500 -1
5655 139 4507 -1
5661 3 4530 -1
5667 5 4507 -1
5675 8 4530 4574 -1
5680 4 4530 -1
5691 49 4534 -1
5692 21 4536 -1
5697 230 4527 4536 4574 -1
5738 14 4536 -1
5768 13 4534 -1
5772 15 4536 -1
5783 23 4527 4574 -1
5796 191 4527 4536 -1
5802 385 4507 4536 -1
5804 33 4574 -1
5811 79 4536 -1
5814 144 4536 -1
5816 84 4536 -1
5818 67 4536 -1
5819 61 4527 -1
5824 41 4536 -1
3788 2 4574 -1
5855 8 4574 -1
5856 1 4574 -1
5857 92 4574 -1
5871 50 4536 -1
5998 81 4536 -1
6072 54 4507 -1
6093 5 4536 -1
6218 53 4536 -1
6241 75 4507 -1
6248 10 4536 -1
6270 88 4507 -1
6272 76 4536 -1
6299 78 4536 -1
6305 190 4507 -1
6359 81 4536 -1
6327 108 4536 -1
6398 29 4507 -1
6501 17 4507 -1
6522 29 4536 -1
6523 33 4507 4536 -1
6525 17 4536 -1
6541 1 4507 -1
6542 1 4507 -1
5273 12 4536 -1
6563 58 4536 -1
6596 177 4507 -1
6619 104 4536 -1
6615 160 4536 -1
6616 18 4536 -1
6627 50 4536 -1
6609 7 4536 -1
6736 33 4536 -1
6772 77 4507 -1
6790 11 4536 -1
6829 4 4536 -1
6620 93 4536 -1
6900 31 4536 -1
6913 44 4536 -1
6916 54 4507 -1
6941 57 4507 -1
6945 18 4536 -1
6951 47 4507 -1
6959 5 4536 -1
6984 7 4536 -1
6991 18 4536 -1
7011 3 4536 -1
7035 2 4536 -1
7036 2 4536 -1
7037 1 4536 -1
7047 161 4507 -1
7092 93 4507 -1
7280 89 4507 -1
7449 39 4507 -1
7490 27 4507 -1
7682 36 4507 -1
7743 13 4507 -1
7877 6 4507 -1
7900 27 4507 -1
8126 1 4507 -1