30 5 3352 -1
11 743 3309 3321 3334 3352 3394 -1
12 65 3371 -1
15 50 3334 -1
20 187 3371 -1
24 309 3351 3352 -1
36 227 3334 3352 3394 -1
42 89 3352 -1
47 146 3352 -1
53 39 3352 -1
66 44 3352 -1
72 164 3334 3352 -1
86 122 3310 -1
71 109 3334 3352 -1
87 195 3334 3352 -1
90 72 3309 3352 -1
99 24 3371 -1
68 275 3307 3313 3334 3351 3352 3371 3376 -1
109 190 3310 3334 -1
122 213 3309 3321 3352 3393 -1
127 132 3351 3352 -1
136 99 3346 -1
172 123 3307 3338 3371 -1
203 31 3352 -1
237 41 3334 -1
291 35 3352 -1
306 244 3352 -1
310 230 3352 -1
311 321 3334 -1
319 199 3334 -1
150 28 3334 -1
346 86 3309 -1
371 117 3352 -1
383 45 3352 -1
407 145 3334 -1
325 25 3352 -1
425 79 3351 -1
432 157 3310 3352 -1
447 15 3321 3352 -1
457 732 3321 3324 3334 3352 3371 3376 3394 -1
511 3 3321 -1
521 5 3352 -1
445 4 3309 -1
546 142 3334 3352 -1
556 121 3352 3371 -1
580 30 3346 -1
583 26 3334 -1
582 34 3321 -1
600 214 3352 -1
633 55 3310 -1
634 150 3394 -1
635 66 3307 -1
643 46 3338 -1
689 47 3371 3393 -1
695 118 3309 3352 -1
701 4 3334 -1
710 105 3376 -1
722 264 3371 3393 -1
742 93 3334 3352 -1
697 100 3371 3393 -1
749 66 3352 -1
763 68 3352 3393 -1
766 773 3307 3309 3310 3319 3320 3321 3324 3334 3348 3351 3352 3381 3393 3394 -1
769 146 3371 -1
788 113 3307 3338 -1
784 224 3307 3338 3351 3352 3371 -1
789 317 3334 3352 3393 -1
805 90 3309 3352 -1
813 272 3352 3394 -1
826 249 3307 3320 3338 3351 3371 -1
825 165 3321 3334 3352 -1
844 45 3352 -1
842 30 3320 3352 -1
854 99 3393 -1
856 91 3307 3334 3338 3348 3371 -1
865 97 3393 -1
879 122 3321 3334 3352 3394 -1
909 12 3334 -1
946 110 3320 -1
986 77 3307 3348 -1
988 292 3307 3324 3338 3348 3351 3352 3371 3376 -1
993 238 3352 -1
996 297 3309 3393 -1
1000 60 3334 -1
1011 6 3321 -1
1012 7 3301 -1
1031 19 3351 -1
1032 39 3352 -1
1037 86 3334 -1
1043 21 3338 3351 -1
1062 156 3307 3351 3352 3394 -1
1075 74 3321 3352 -1
1097 88 3309 3352 3393 -1
1098 305 3310 3346 3351 -1
1111 60 3352 -1
1113 6 3352 -1
1127 62 3352 -1
1132 57 3352 -1
1133 399 3309 3321 3334 3346 3352 3376 3394 -1
1151 472 3309 3310 3338 3352 3381 -1
1166 599 3307 3309 3320 3334 3338 3348 3352 3371 3393 3394 -1
1167 158 3334 3352 -1
1169 29 3307 3338 -1
1185 43 3309 -1
1196 9 3346 -1
1204 61 3338 -1
1210 218 3351 -1
1215 65 3334 3376 -1
1221 77 3351 -1
1247 77 3352 3393 -1
1253 51 3393 -1
1286 65 3309 3352 -1
1297 76 3376 -1
1305 290 3307 3324 3338 3351 3352 3371 -1
1319 181 3307 3338 -1
1342 4 3352 -1
1353 30 3352 -1
1356 20 3346 -1
1367 40 3348 3371 -1
1368 33 3307 -1
1374 462 3307 3310 3334 3338 3348 3351 3352 3371 3381 3393 -1
1385 35 3319 3346 -1
1416 13 3309 -1
1184 79 3309 3352 -1
1446 3 3371 -1
1470 156 3346 3376 3393 -1
1471 72 3334 -1
1487 117 3307 3338 3348 3351 3371 3376 -1
1492 157 3307 3338 -1
1496 210 3371 -1
1521 99 3307 -1
1522 139 3346 -1
1537 68 3334 -1
1542 244 3310 3321 3334 3381 -1
1552 81 3324 -1
1549 587 3307 3334 3338 3351 3352 3393 3394 -1
1550 42 3352 3394 -1
1583 87 3351 -1
1585 102 3348 -1
1596 29 3352 -1
1608 355 3307 3338 3351 3352 3371 3394 -1
1612 68 3346 -1
1639 36 3371 -1
1644 48 3334 -1
1691 50 3309 3338 3352 -1
1717 96 3321 3338 3352 -1
1732 18 3307 -1
1733 42 3334 3352 -1
1737 9 3376 -1
1748 76 3310 3334 3376 3394 -1
1749 68 3307 -1
1754 23 3371 -1
1767 97 3334 3338 3352 -1
1769 67 3352 3376 -1
1751 35 3307 3338 3371 -1
1783 57 3307 -1
1795 44 3352 3393 -1
1811 43 3307 -1
1808 129 3320 3352 -1
1812 4 3371 -1
1813 41 3321 -1
1814 105 3334 -1
1835 73 3352 -1
1896 51 3309 -1
1922 204 3307 3324 3338 3351 3352 -1
1924 5 3352 -1
1935 7 3352 -1
1951 29 3352 -1
1972 181 3307 3338 3352 3371 -1
1980 47 3321 3352 -1
1985 56 3307 -1
2001 39 3393 -1
2009 63 3334 3352 -1
2010 27 3310 3352 -1
2033 22 3352 -1
2093 55 3351 -1
2109 47 3393 3394 -1
2118 113 3351 3352 -1
2120 122 3320 3324 -1
2135 146 3321 3338 3352 3371 3393 -1
2145 145 3320 3334 3338 3376 3393 -1
2171 16 3307 3319 3338 3351 -1
2174 65 3351 -1
2176 17 3307 -1
2186 61 3321 3351 3352 -1
2210 17 3394 -1
2215 15 3334 -1
2226 28 3352 -1
2234 14 3313 3321 -1
2230 49 3320 -1
2229 143 3307 3319 3320 3324 3338 3346 3348 3351 3371 3376 3394 -1
2236 75 3320 -1
2237 241 3307 3309 3321 3334 3338 3352 3394 -1
2041 6 3352 -1
2249 38 3346 3348 -1
2256 247 3301 3324 3338 3352 3371 3376 -1
2257 49 3321 3352 -1
2258 95 3321 3334 -1
2264 58 3352 -1
2269 2 3348 -1
2276 32 3334 -1
2285 17 3321 3371 -1
2290 120 3301 -1
2289 14 3352 -1
2297 164 3307 3338 3352 -1
2298 48 3352 -1
2299 67 3351 -1
2309 3 3321 -1
2323 111 3352 3371 -1
2326 252 3307 3313 3338 3346 3348 3351 3352 3371 3376 -1
2328 215 3352 3394 -1
2332 36 3319 3320 3324 -1
2368 17 3307 3351 3352 3371 -1
2338 6 3348 -1
2369 189 3334 3393 -1
2375 49 3394 -1
2381 71 3334 3352 3394 -1
2384 72 3321 -1
2398 62 3352 -1
2411 141 3307 3319 3324 3338 3376 -1
2416 37 3338 3348 3371 -1
2440 50 3321 3334 3352 -1
2480 7 3320 -1
2485 324 3309 3319 3321 3324 3351 3352 3371 3393 -1
2497 38 3324 -1
2507 69 3307 3351 -1
2510 68 3394 -1
2535 47 3309 3352 -1
2541 37 3307 3348 -1
2542 93 3301 3371 -1
2547 105 3352 -1
2566 32 3320 3348 3394 -1
2559 82 3307 3371 3394 -1
2560 180 3310 3346 3394 -1
2564 50 3371 -1
2565 893 3307 3309 3310 3313 3319 3320 3321 3324 3334 3338 3346 3348 3351 3352 3371 3381 3393 3394 -1
2576 146 3307 -1
2585 60 3351 3394 -1
2594 45 3321 -1
2595 49 3352 -1
2605 64 3376 -1
2618 53 3307 -1
2623 108 3320 3324 -1
2645 7 3394 -1
2646 39 3307 -1
2651 269 3301 3309 3321 3334 3346 3351 3352 3394 -1
2653 113 3301 -1
2655 49 3321 3334 3352 -1
2658 307 3309 3334 3346 3352 3394 -1
2665 6 3351 -1
2674 103 3320 3371 -1
2699 74 3320 3348 3352 -1
2700 168 3307 3313 3319 3320 3324 3338 3352 3394 -1
2701 19 3338 -1
2686 156 3307 3319 3334 3338 3348 3351 3371 3376 -1
2687 13 3307 3319 3324 3348 3371 -1
2702 80 3307 3319 3338 3351 3371 -1
2703 61 3307 3319 3320 3324 3338 3351 3371 3376 -1
2688 618 3307 3309 3319 3320 3321 3324 3334 3338 3351 3352 3376 3393 3394 -1
2704 75 3307 3320 3324 3348 -1
2660 164 3320 3324 3352 3394 -1
2667 126 3393 -1
2691 44 3352 -1
2692 19 3307 3324 3338 -1
2693 149 3351 3352 3371 -1
2706 18 3307 3324 3352 -1
2694 18 3334 -1
2696 64 3320 3324 3338 3352 -1
2719 21 3307 3351 -1
2737 16 3309 -1
2747 79 3320 3352 3394 -1
2774 46 3309 -1
2775 35 3352 3394 -1
2787 4 3307 -1
2790 173 3301 3307 3324 3334 3348 3352 3376 -1
2544 11 3352 -1
2654 104 3313 3352 -1
2832 50 3352 -1
2839 5 3334 -1
2859 139 3320 3321 3352 -1
2871 282 3309 3313 3338 3352 3393 -1
2872 87 3313 3338 -1
2875 6 3307 3351 -1
2906 6 3352 -1
2907 6 3352 -1
2909 57 3352 -1
2923 35 3394 -1
2932 62 3321 3394 -1
2935 36 3321 -1
2940 123 3307 3351 -1
2947 10 3352 -1
2958 47 3352 3394 -1
2964 70 3307 3309 3320 3321 3351 3394 -1
2967 238 3309 3321 3334 3346 3351 3352 3394 -1
2968 55 3338 3394 -1
2972 357 3320 3321 3334 3352 3376 -1
3000 43 3301 3307 3320 -1
3001 7 3352 -1
3005 28 3319 -1
3006 31 3338 3351 -1
3010 123 3307 3338 3351 3352 3371 -1
2707 103 3351 -1
3018 19 3371 -1
3020 52 3338 3363 3371 3376 -1
3024 52 3307 3351 -1
3026 175 3313 3324 3352 -1
3028 189 3319 3351 3352 -1
3031 50 3351 -1
3032 216 3301 3346 3352 3393 3394 -1
3034 38 3309 3321 -1
2713 200 3307 3338 3351 3352 3371 3394 -1
3056 44 3307 3338 -1
3055 52 3320 -1
3057 48 3352 -1
2356 57 3352 -1
3084 62 3334 3352 3381 -1
3095 37 3307 3371 3376 -1
2842 124 3320 3346 3351 3394 -1
3110 21 3352 -1
2003 63 3324 3352 3371 -1
3120 8 3324 -1
3144 88 3338 3351 3352 -1
3145 18 3309 3352 -1
3148 26 3371 -1
3168 79 3309 3334 3346 3352 3394 -1
3190 10 3352 -1
3188 20 3319 -1
3189 10 3371 -1
3191 68 3393 -1
3199 13 3307 -1
3208 6 3321 -1
3209 41 3319 3351 -1
3238 28 3334 -1
3252 37 3352 -1
3258 95 3307 3351 3352 -1
3280 3 3307 -1
3274 69 3352 -1
3276 79 3338 3376 3394 -1
3285 1 3307 -1
3291 58 3334 3351 3352 -1
3296 2 3307 -1
3297 51 3307 3351 3371 -1
3298 1 3307 -1
3299 1 3307 -1
3300 5 3307 3338 3351 -1
3301 15 3307 -1
3302 1 3307 -1
3303 1 3307 -1
1529 2 3307 -1
3304 31 3307 3371 -1
3305 5 3307 -1
3290 36 3351 3352 -1
2325 2 3320 3321 -1
3333 15 3371 -1
3334 13 3394 -1
3348 25 3334 3351 -1
3349 9 3351 -1
3350 55 3321 3334 3351 3352 -1
3352 273 3309 3313 3346 3394 -1
3354 5 3371 -1
3355 3 3348 -1
3360 1 3348 -1
3356 1 3348 -1
3357 2 3348 -1
3358 1 3348 -1
3359 1 3348 -1
3306 7 3348 3376 -1
3361 2 3348 -1
3362 1 3348 -1
3368 1 3371 -1
3369 1 3371 -1
3370 1 3371 -1
3366 63 3334 3352 3371 -1
3367 3 3371 -1
3374 4 3376 -1
3375 43 3334 3376 -1
3378 41 3321 3352 -1
3379 19 3334 -1
3381 180 3346 -1
3388 15 3352 -1
3394 156 3301 3334 3352 -1
3402 122 3321 3334 3352 3394 -1
3404 89 3352 -1
3390 60 3321 3393 -1
3406 4 3352 -1
3417 30 3321 -1
3433 9 3321 3352 -1
3439 88 3334 -1
3447 271 3309 3321 3334 3352 3376 -1
3449 314 3309 3321 3334 3352 -1
3451 98 3309 3321 3346 -1
3452 131 3321 3352 -1
3453 319 3309 3321 3334 3352 3393 -1
3454 148 3313 3321 3334 3352 3394 -1
3455 68 3321 3334 -1
3456 241 3321 3352 -1
3457 166 3352 -1
3458 69 3301 -1
3461 101 3321 -1
3462 54 3352 -1
3463 56 3321 3334 3352 -1
3472 15 3352 -1
3479 102 3321 3334 3352 -1
3480 18 3352 -1
3483 20 3393 -1
3478 42 3394 -1
3490 2 3321 -1
3498 114 3309 3352 3393 -1
3519 48 3352 -1
3521 29 3334 -1
3522 71 3334 3393 3394 -1
3527 64 3352 -1
3541 81 3394 -1
3560 16 3320 -1
3568 147 3321 3334 3352 3394 -1
3569 42 3352 -1
3586 156 3334 -1
3591 13 3334 3352 -1
3601 52 3334 -1
3607 24 3352 -1
3614 205 3309 3352 3393 3394 -1
3615 144 3352 3394 -1
3622 22 3352 -1
3624 64 3334 -1
3631 91 3313 3352 -1
3634 82 3352 3393 3394 -1
3635 63 3352 3394 -1
3639 12 3309 -1
3641 212 3334 3352 3393 -1
3642 362 3334 3346 -1
3643 44 3321 -1
3647 13 3352 -1
3658 39 3352 -1
3659 38 3352 3394 -1
3660 87 3352 3394 -1
3661 36 3352 -1
3662 10 3352 -1
3663 1 3352 -1
3664 1 3352 -1
3665 20 3352 -1
3666 144 3352 3393 3394 -1
3667 6 3352 -1
3682 75 3394 -1
3689 2 3352 -1
3691 95 3301 3352 3394 -1
3719 14 3394 -1
3724 93 3313 3346 -1
3728 85 3352 -1
3747 4 3334 -1
3762 8 3394 -1
3767 16 3394 -1
3770 22 3346 -1
3775 12 3394 -1
3786 99 3334 -1
3787 232 3309 3321 3334 3346 3352 3393 3394 -1
3796 113 3321 3352 -1
3806 45 3352 -1
3812 53 3320 3352 -1
3813 94 3313 3334 3346 3352 3394 -1
3814 47 3313 3320 3346 -1
3830 20 3321 -1
3835 35 3321 3334 -1
3854 82 3352 -1
3871 5 3321 -1
3872 15 3321 -1
3902 43 3321 3352 -1
3910 33 3334 3352 -1
3917 29 3352 -1
3956 85 3320 -1
3965 89 3321 3334 3352 3394 -1
3969 90 3334 3346 3352 -1
3973 33 3394 -1
3976 145 3334 3352 -1
3982 20 3352 -1
3991 7 3320 -1
4001 28 3321 3394 -1
4007 15 3394 -1
4026 2 3313 -1
4036 147 3352 -1
4040 104 3321 3334 3352 3381 -1
2981 44 3309 3321 3381 -1
4044 89 3321 3334 3352 -1
4045 257 3309 3321 3352 -1
4046 89 3334 3346 3352 -1
4077 77 3334 3352 -1
4065 131 3309 3346 -1
4066 5 3352 -1
4068 6 3346 -1
4072 29 3334 3352 -1
4074 33 3346 -1
4089 3 3309 -1
4099 155 3334 -1
4104 3 3352 -1
4119 6 3352 -1
4076 86 3321 3334 3352 3394 -1
4123 25 3394 -1
4124 50 3352 3394 -1
4136 26 3394 -1
4142 37 3309 3352 3394 -1
4144 76 3393 3394 -1
4150 16 3334 3352 -1
4151 84 3321 3352 -1
4152 43 3352 -1
4186 6 3334 -1
4189 11 3394 -1
4191 20 3334 -1
3995 57 3394 -1
4211 65 3321 3334 3352 -1
4219 112 3309 3321 3334 3352 -1
4222 41 3352 -1
4224 17 3309 3352 -1
4261 24 3334 -1
4266 11 3352 -1
4276 52 3352 -1
4282 6 3334 -1
4290 2 3394 -1
4297 38 3334 -1
4324 8 3309 -1
4338 40 3352 -1
4355 50 3352 -1
4364 39 3309 3346 -1
4363 22 3321 3352 -1
4377 11 3334 -1
4433 24 3321 -1
4437 70 3309 3321 -1
4441 202 3309 3310 3334 3381 3393 -1
4443 7 3352 -1
4448 36 3321 -1
4451 9 3334 -1
4455 22 3334 -1
4483 153 3352 -1
4486 20 3352 -1
4488 50 3352 -1
4531 14 3352 -1
4534 19 3352 -1
4536 81 3334 3393 -1
4542 9 3334 -1
4550 100 3393 -1
4553 3 3334 -1
4564 33 3334 3352 -1
4574 40 3334 -1
4586 9 3352 -1
4588 11 3352 -1
4598 71 3334 3352 -1
4623 2 3352 -1
4632 228 3393 -1
4649 1 3309 -1
4653 114 3393 -1
4655 2 3321 -1
4659 3 3321 -1
4660 1 3321 -1
4661 19 3321 -1
4662 46 3321 3334 -1
4663 10 3321 -1
4669 13 3334 -1
4681 20 3334 -1
4688 59 3334 3352 -1
4705 3 3334 -1
4717 62 3334 -1
4712 121 3334 -1
4725 36 3334 -1
4742 2 3352 -1
4739 11 3310 -1
4746 18 3352 -1
4751 4 3352 -1
4756 34 3334 -1
4760 7 3352 -1
4761 1 3352 -1
4762 1 3352 -1
4763 1 3352 -1
4764 53 3352 -1
4765 4 3352 -1
4771 3 3352 -1
4766 1 3352 -1
4818 28 3334 -1
4855 2 3334 -1
4879 28 3334 -1
4881 4 3334 -1
4882 3 3334 -1
4883 5 3334 -1
4884 4 3334 -1
4885 4 3334 -1
4899 169 3393 -1
4948 214 3393 -1
4964 60 3393 -1
4967 361 3376 3393 -1
4982 43 3393 -1
5012 14 3393 -1
5020 139 3334 3393 -1
5032 2 3334 -1
5037 18 3334 -1
5059 26 3346 -1
5079 271 3334 3346 -1
5111 7 3334 -1
4828 168 3346 -1
5173 122 3334 3346 -1
5175 35 3393 -1
5176 139 3393 -1
5184 68 3393 -1
5185 152 3334 -1
5188 211 3393 -1
5189 312 3334 -1
5233 24 3393 -1
5263 75 3393 -1
5324 16 3393 -1
5361 6 3393 -1
5391 37 3334 -1
5404 40 3334 -1
5427 37 3393 -1
5445 63 3334 3381 -1
5487 30 3393 -1
5524 389 3310 3334 3346 3381 -1
5531 243 3393 -1
5193 18 3376 -1
5543 137 3334 -1
5605 11 3334 -1
5620 7 3346 -1
5633 1 3393 -1
5655 139 3334 -1
5697 230 3334 -1
5714 44 3334 -1
5761 9 3334 -1
5775 42 3334 -1
5773 75 3334 -1
5796 191 3334 -1
5798 12 3346 -1
5800 222 3310 3346 3381 -1
5802 385 3310 3334 3346 3381 -1
5807 27 3334 -1
5811 79 3334 -1
5816 84 3334 -1
5820 20 3381 -1
5822 98 3334 3346 -1
5857 92 3334 -1
5873 6 3376 -1
5908 19 3334 -1
5915 52 3310 3381 -1
5871 50 3334 -1
5984 10 3334 -1
5998 81 3381 -1
5999 20 3334 -1
6024 17 3334 -1
6026 3 3334 -1
6043 39 3310 -1
6045 7 3334 -1
6218 53 3334 -1
6270 88 3334 3346 -1
6272 76 3334 -1
6280 52 3334 -1
6299 78 3334 -1
6305 190 3310 -1
6323 44 3334 -1
6360 35 3346 -1
6327 108 3346 -1
6443 70 3310 3334 -1
6494 101 3381 -1
6501 17 3334 -1
6510 54 3346 -1
6523 33 3334 -1
6460 58 3334 -1
6555 35 3381 -1
5273 12 3334 -1
6123 24 3334 -1
6552 29 3334 -1
6596 177 3310 3334 3381 -1
6619 104 3334 3346 -1
6615 160 3310 3334 3346 3381 -1
6622 5 3346 -1
6624 135 3310 3381 -1
6627 50 3346 -1
6655 7 3346 -1
6702 10 3334 -1
6714 100 3334 3346 -1
6772 77 3346 -1
6620 93 3346 -1
6885 19 3334 -1
6900 31 3334 -1
6902 28 3334 -1
6914 95 3346 -1
6906 49 3346 -1
6907 191 3310 3346 3381 -1
6916 54 3334 -1
6918 29 3334 -1
6934 65 3334 -1
6975 10 3334 -1
6976 41 3334 -1
6993 81 3310 3381 -1
7023 8 3346 -1
7045 36 3381 -1
7046 21 3334 -1
7047 161 3381 -1
7055 98 3381 -1
7056 37 3381 -1
7049 27 3310 3381 -1
7057 118 3334 -1
7080 70 3381 -1
7086 123 3346 -1
7092 93 3310 3346 -1
7113 12 3334 -1
7120 18 3381 -1
7225 47 3310 -1
7231 101 3310 3381 -1
7241 21 3346 -1
7262 11 3381 -1
7277 4 3334 -1
7280 89 3310 3381 -1
7294 39 3334 -1
7343 12 3334 -1
7352 15 3310 3334 -1
7378 38 3334 -1
7402 5 3334 -1
7409 10 3334 -1
7424 4 3334 -1
7425 7 3334 -1
7426 2 3334 -1
7427 1 3334 -1
7428 2 3334 -1
7429 1 3334 -1
7430 1 3334 -1
7431 1 3334 -1
7490 27 3310 3381 -1
7579 9 3310 -1
7614 39 3310 -1
7661 4 3381 -1
7695 3 3381 -1
7726 3 3310 -1
7744 50 3310 3381 -1
7766 13 3310 -1