72 164 8042 -1
68 275 8051 -1
109 190 8042 -1
166 93 8079 8083 -1
280 76 8083 -1
311 321 8083 -1
319 199 8037 -1
457 732 8037 8044 8050 8051 -1
580 30 8037 -1
600 214 8042 -1
737 232 8051 -1
697 100 8044 -1
766 773 8037 8042 8073 -1
967 16 8037 8042 8044 -1
988 292 8037 8042 8051 8073 8083 -1
1098 305 8002 8050 -1
1133 399 8002 8051 -1
1166 599 8083 -1
1374 462 8002 8037 8083 -1
1385 35 8002 -1
1473 91 8002 -1
1612 68 8037 8042 8044 8050 -1
1667 55 8019 -1
1717 96 8083 -1
1762 47 8002 -1
2001 39 8042 -1
2223 15 8033 -1
2240 108 8083 -1
2258 95 8083 -1
2299 67 8083 -1
2365 77 8002 -1
2369 189 8002 8083 -1
2452 42 8044 -1
2565 893 8037 8042 8044 8051 8068 8073 8083 -1
2658 307 8024 8037 8042 8044 -1
2983 28 8051 -1
3032 216 8083 -1
3142 49 8042 8051 -1
3297 51 8037 8044 8073 8083 -1
3310 18 8051 -1
3348 25 8044 -1
3355 3 8044 -1
3380 42 8042 8051 -1
3381 180 8083 -1
3453 319 8042 -1
3498 114 8044 8083 -1
3586 156 8042 8051 -1
3665 20 8044 -1
3751 11 8037 -1
3752 15 8073 -1
3787 232 8083 -1
3809 2 8042 -1
3812 53 8042 -1
3873 4 8038 -1
4036 147 8037 8042 8073 -1
4040 104 8051 -1
4347 55 8042 8079 8090 -1
4441 202 8051 -1
4483 153 8042 -1
4542 9 8083 -1
4632 228 8073 -1
4666 24 8002 8042 8043 8044 8073 8083 -1
4792 62 8079 -1
4824 101 8042 -1
4899 169 8042 8044 -1
4934 6 8028 -1
4948 214 8037 8042 8044 8051 -1
5028 43 8073 8083 -1
5079 271 8002 -1
5103 127 8002 8051 8083 -1
5173 122 8051 -1
5179 217 8044 8083 -1
5226 17 8058 -1
5241 2 8051 -1
5378 17 8042 8044 -1
5445 63 8038 -1
5446 26 8050 -1
5489 12 8051 -1
5524 389 8037 8042 8044 -1
5550 11 8037 -1
5655 139 8079 -1
5708 7 8042 -1
5800 222 8002 8024 8042 8083 8090 -1
5802 385 8002 8037 8042 8044 8051 8083 8090 -1
5806 83 8002 8073 -1
5814 144 8002 8058 -1
5815 5 8002 -1
5819 61 8037 -1
5859 16 8042 8044 -1
5920 10 8042 -1
5927 10 8051 -1
6032 80 8042 -1
6043 39 8037 -1
6072 54 8002 8037 8042 8044 8068 8073 8083 -1
6241 75 8042 8051 -1
6272 76 8051 8073 -1
6305 190 8037 8043 8044 -1
6314 10 8002 -1
6398 29 8073 -1
6494 101 8019 8025 -1
6460 58 8019 8042 -1
6596 177 8002 8050 8051 8073 8083 8090 -1
6624 135 8037 8042 8044 -1
6634 3 8042 -1
6665 29 8028 -1
4401 9 8033 8073 -1
6766 22 8051 -1
6772 77 8019 8021 8083 -1
6855 14 8042 -1
6859 11 8037 -1
6902 28 8073 -1
6907 191 8042 8044 8083 8090 -1
6916 54 8002 8090 -1
6924 16 8050 -1
6938 4 8019 -1
6945 18 8028 -1
6951 47 8002 8007 8037 8042 8079 -1
7026 13 8083 -1
7053 31 8043 8083 -1
7047 161 8002 8033 8037 8042 8044 8051 8073 8079 -1
7055 98 8051 -1
7057 118 8051 8083 -1
6946 68 8007 8019 8025 8090 -1
7086 123 8037 8042 8044 8051 8073 8083 -1
7092 93 8033 8068 -1
7233 22 8083 -1
7237 15 8051 -1
7280 89 8002 8042 -1
7301 27 8044 8079 -1
7171 9 8043 -1
7378 38 8051 -1
7391 52 8019 8051 -1
7449 39 8042 8073 8090 -1
7490 27 8007 8025 8083 -1
7511 16 8044 -1
7564 31 8042 8044 8051 8073 -1
7594 4 8083 -1
7675 25 8002 -1
7677 12 8038 -1
7682 36 8038 -1
7685 13 8037 -1
7696 4 8019 -1
7697 19 8079 -1
7727 30 8002 8024 -1
7733 45 8051 -1
7744 50 8051 -1
7772 20 8073 -1
7774 35 8037 8042 8051 8073 -1
7818 23 8007 8024 8025 8042 8083 -1
7862 11 8024 8042 8043 -1
7865 24 8042 8051 -1
7882 11 8033 -1
7900 27 8037 8042 8044 8083 -1
7901 30 8037 8042 8051 -1
7902 21 8042 8051 -1
7907 12 8002 8083 -1
7964 11 8024 -1
7980 15 8044 8068 -1
7998 1 8002 -1
7999 1 8002 -1
8000 1 8002 -1
8001 1 8002 -1
8006 1 8007 -1
8010 2 8042 -1
8012 7 8042 8044 -1
8014 1 8015 -1
8021 1 8051 -1
8020 1 8021 -1
8027 1 8028 -1
8036 19 8037 -1
8040 1 8042 -1
8041 3 8042 -1
8046 16 8051 -1
8047 20 8051 -1
8074 1 8076 -1
8075 1 8076 -1
8077 2 8079 -1
8080 1 8083 -1
8081 1 8083 -1
8088 2 8089 -1
8211 11 8051 -1
8215 1 8051 -1
8216 1 8051 -1