11 743 3607 3615 3631 3635 3645 3650 3660 3661 3680 -1
20 187 3614 -1
24 309 3607 3643 3660 3661 -1
36 227 3680 -1
47 146 3631 -1
53 39 3646 3650 -1
29 150 3643 -1
27 102 3643 -1
66 44 3680 -1
72 164 3607 -1
86 122 3681 -1
71 109 3635 3681 -1
68 275 3607 3614 3634 3635 3643 3661 3691 -1
109 190 3614 3634 -1
122 213 3615 3635 3645 3646 3661 3681 -1
127 132 3615 3680 -1
128 80 3680 -1
143 94 3631 -1
147 58 3643 -1
172 123 3614 3670 -1
173 334 3643 -1
178 63 3634 -1
180 54 3681 -1
166 93 3650 -1
216 8 3634 -1
266 13 3680 -1
275 56 3650 -1
291 35 3635 -1
302 13 3635 -1
306 244 3680 -1
310 230 3634 3643 3664 -1
319 199 3607 3643 3691 -1
346 86 3646 -1
371 117 3645 -1
383 45 3615 3680 -1
395 42 3634 -1
405 19 3680 -1
406 34 3631 -1
407 145 3645 -1
432 157 3635 3680 -1
457 732 3614 3615 3634 3643 3646 3660 3661 3680 3691 -1
546 142 3614 3650 -1
556 121 3661 -1
580 30 3664 -1
600 214 3681 -1
633 55 3607 -1
663 158 3635 3661 -1
695 118 3607 3631 3680 -1
704 81 3680 -1
710 105 3671 -1
722 264 3609 3680 3681 -1
737 232 3631 -1
697 100 3631 3635 -1
749 66 3607 3634 -1
759 77 3680 -1
763 68 3664 3691 -1
766 773 3607 3614 3615 3616 3631 3634 3635 3643 3645 3646 3664 3681 3691 -1
788 113 3614 3631 -1
784 224 3615 3631 3650 3661 3680 -1
789 317 3607 3631 3664 -1
798 16 3660 3661 -1
813 272 3615 3646 3650 3681 -1
825 165 3614 3631 3635 3650 3660 -1
841 61 3664 -1
844 45 3645 -1
856 91 3670 3680 -1
861 16 3680 -1
879 122 3607 3635 3643 3650 3661 3680 -1
787 12 3635 -1
946 110 3629 -1
947 27 3615 -1
964 4 3634 -1
982 47 3615 3670 -1
988 292 3645 3670 3680 3681 -1
1031 19 3650 -1
1034 33 3680 -1
1062 156 3645 -1
1074 95 3634 -1
1075 74 3650 -1
1133 399 3607 3615 3631 3635 3643 3645 3660 3661 3664 3691 -1
1137 135 3615 3643 -1
1142 48 3680 -1
1151 472 3643 3680 -1
1166 599 3607 3615 3631 3635 3643 3650 -1
1167 158 3650 -1
1168 5 3660 -1
1196 9 3645 -1
1210 218 3634 3670 -1
1236 103 3615 -1
1259 45 3680 -1
1286 65 3643 3680 -1
1305 290 3631 3646 3670 3680 3681 -1
1306 20 3680 -1
1319 181 3650 -1
1367 40 3609 -1
1368 33 3646 -1
1374 462 3631 -1
1382 17 3646 -1
1381 52 3634 -1
1184 79 3635 -1
1468 20 3645 -1
1467 11 3664 -1
1470 156 3607 3614 -1
1473 91 3680 -1
1492 157 3645 -1
1500 48 3615 -1
1522 139 3631 3670 -1
1542 244 3634 3645 -1
1552 81 3607 3631 -1
1549 587 3615 3631 3634 3643 3650 3661 3680 3691 -1
1550 42 3650 3660 3661 -1
1583 87 3650 -1
1585 102 3615 -1
1608 355 3646 -1
1614 73 3680 -1
1621 80 3645 -1
1622 50 3680 -1
1623 39 3629 3634 -1
1626 2 3650 -1
1639 36 3631 3680 -1
1661 66 3635 3645 -1
1697 70 3681 -1
1700 93 3616 -1
1717 96 3607 3614 3680 -1
1733 42 3607 -1
1748 76 3635 3661 -1
1749 68 3670 -1
1767 97 3680 -1
1769 67 3615 -1
1772 141 3650 -1
1796 38 3614 -1
1811 43 3629 3634 -1
1814 105 3645 -1
1820 90 3650 -1
1821 7 3669 -1
1838 57 3631 -1
1848 16 3680 -1
1869 3 3680 -1
1885 44 3650 -1
1922 204 3650 -1
1951 29 3615 -1
1972 181 3650 3680 -1
1980 47 3660 -1
1985 56 3650 -1
1990 36 3646 -1
2009 63 3680 -1
2014 10 3607 -1
2105 11 3681 -1
2114 39 3680 -1
2118 113 3607 -1
2129 44 3645 -1
2135 146 3614 3691 -1
2144 23 3660 -1
2145 145 3631 3645 3664 -1
2172 29 3614 -1
2186 61 3607 -1
2226 28 3607 -1
2230 49 3623 3680 -1
2231 66 3614 -1
2229 143 3645 3660 3661 -1
2237 241 3615 3635 3643 3645 3650 3660 3661 3680 -1
2240 108 3615 -1
2252 22 3629 -1
2256 247 3609 3614 3616 3635 3643 3646 3670 -1
2257 49 3680 -1
2258 95 3631 -1
2264 58 3660 3691 -1
2276 32 3614 -1
2277 8 3643 -1
2290 120 3609 3629 3646 3670 3671 3680 3681 -1
2297 164 3607 3615 3650 3661 -1
2298 48 3660 -1
2299 67 3615 -1
2307 7 3616 3650 -1
2322 19 3645 -1
2326 252 3615 3616 3629 3631 3645 3646 3650 3660 3661 3670 3680 3681 -1
2328 215 3607 3615 3629 3650 3661 3670 -1
2365 77 3680 -1
2369 189 3634 3643 -1
2371 124 3634 -1
2381 71 3607 3631 -1
2379 45 3615 3631 -1
2384 72 3631 -1
2387 66 3643 -1
2398 62 3609 3650 -1
2411 141 3609 3615 3635 3645 3650 3669 3680 3681 -1
2440 50 3643 3664 -1
2456 31 3607 -1
2485 324 3615 3645 3650 3660 3680 -1
2488 21 3607 -1
2493 6 3634 -1
2497 38 3629 -1
2504 100 3607 3650 -1
2506 46 3631 -1
2516 44 3664 3680 -1
2535 47 3607 3643 -1
2547 105 3650 -1
2548 12 3645 -1
2549 70 3615 3650 -1
2557 77 3607 3643 -1
2559 82 3629 3680 -1
2560 180 3615 3646 3650 3661 3670 3681 -1
2564 50 3635 3680 -1
2565 893 3607 3609 3615 3631 3635 3643 3645 3646 3650 3660 3661 3664 3670 3680 3681 3691 -1
2576 146 3643 3670 -1
2585 60 3615 3645 -1
2593 32 3650 -1
2595 49 3615 3650 -1
2474 142 3631 -1
2605 64 3643 3660 -1
2614 5 3680 -1
2623 108 3615 -1
2619 46 3671 -1
2646 39 3645 -1
2651 269 3607 3609 3615 3629 3631 3635 3645 3650 3661 3680 3681 3691 -1
2653 113 3609 3615 3634 3645 3650 3680 -1
2657 44 3645 -1
2658 307 3609 3643 3646 3660 3661 3664 3681 3691 -1
2659 12 3670 -1
2674 103 3650 -1
2699 74 3650 3681 -1
2700 168 3609 3615 3631 3646 3661 3680 3681 -1
2686 156 3614 3643 3646 3670 3671 3681 -1
2688 618 3607 3609 3614 3615 3616 3631 3634 3635 3643 3645 3646 3661 3664 3670 3680 3681 3691 -1
2704 75 3650 -1
2660 164 3607 3670 -1
2667 126 3614 3643 3691 -1
2693 149 3607 3615 3643 3660 3664 -1
2696 64 3661 -1
2697 45 3615 3635 3650 -1
2724 10 3629 -1
2747 79 3650 3670 3680 3681 -1
2765 29 3634 -1
2790 173 3609 3650 3670 3680 3681 -1
2811 19 3607 -1
2544 11 3615 -1
2819 18 3623 -1
2654 104 3650 3670 3681 -1
2799 8 3680 -1
2831 39 3631 -1
2832 50 3645 3650 -1
2851 44 3643 -1
2859 139 3615 3645 3650 -1
2871 282 3615 3643 3650 3661 -1
2872 87 3681 -1
2900 29 3650 -1
2909 57 3643 -1
2923 35 3629 3646 3680 -1
2932 62 3615 3635 3646 3661 -1
2935 36 3607 -1
2939 7 3669 -1
2940 123 3681 -1
2941 11 3609 -1
2951 19 3615 -1
2958 47 3645 3650 -1
2964 70 3615 -1
2967 238 3607 3609 3615 3631 3635 3643 3660 3680 3691 -1
2968 55 3650 -1
2972 357 3607 3615 3634 3635 3645 3650 3661 3664 3691 -1
2988 55 3615 -1
2991 7 3615 -1
2999 7 3635 -1
3009 51 3614 3643 3650 -1
3010 123 3609 3629 3650 3670 3680 -1
2707 103 3645 3650 -1
3018 19 3680 -1
3024 52 3650 -1
3026 175 3607 3615 3635 3643 3645 3650 3680 -1
3028 189 3614 3616 3629 3634 3635 3650 3661 3670 -1
3032 216 3615 3635 3645 3670 3681 -1
3033 45 3650 -1
3034 38 3615 3661 -1
2713 200 3615 3629 3645 3646 3650 3660 3661 3670 -1
3046 10 3646 -1
3055 52 3629 3650 -1
2356 57 3615 3650 -1
3081 20 3607 -1
3084 62 3646 3680 -1
3086 8 3607 -1
3107 10 3660 -1
2842 124 3617 3645 3681 -1
3110 21 3615 3635 -1
2003 63 3607 3681 -1
3127 15 3646 -1
3142 49 3681 -1
3144 88 3650 3660 3661 3670 3680 3681 -1
3148 26 3650 -1
3168 79 3615 3631 3650 -1
3172 13 3664 -1
3180 24 3670 -1
3188 20 3623 3629 -1
3192 56 3615 3650 -1
3191 68 3691 -1
3196 22 3646 3650 -1
3200 8 3615 -1
3209 41 3691 -1
3225 13 3615 -1
3252 37 3650 -1
3256 19 3650 -1
3258 95 3615 3643 3646 3660 -1
3274 69 3635 -1
3276 79 3615 3650 3661 3681 -1
3292 8 3631 -1
3301 15 3680 -1
3304 31 3646 -1
3282 5 3635 -1
3290 36 3650 -1
3317 15 3661 -1
3321 18 3691 -1
3333 15 3681 -1
3334 13 3645 -1
3350 55 3615 3635 3660 -1
3352 273 3607 3615 3631 3635 3643 3645 3650 3660 3661 3664 3670 3680 3691 -1
3306 7 3645 -1
3373 12 3615 -1
3375 43 3615 3629 3645 3680 -1
3378 41 3635 -1
3380 42 3615 3623 -1
3381 180 3631 3634 -1
3388 15 3645 -1
3392 33 3650 -1
3394 156 3615 3629 3634 3635 3645 3650 3660 3671 3681 -1
3402 122 3607 3635 3645 3660 3664 -1
3404 89 3643 3650 3680 -1
3439 88 3631 3650 3670 -1
3447 271 3635 3664 -1
3449 314 3607 3614 3635 3643 3645 3664 -1
3450 27 3645 -1
3451 98 3635 3645 3660 -1
3452 131 3635 3643 -1
3453 319 3607 3635 3643 3691 -1
3454 148 3615 3635 3643 3645 3660 3680 -1
3455 68 3643 -1
3456 241 3607 3635 3645 3660 3661 3664 3691 -1
3457 166 3607 3609 3634 3650 3661 3680 -1
3458 69 3634 -1
3459 92 3643 -1
3461 101 3607 3631 3643 -1
3463 56 3635 3664 -1
3466 17 3680 -1
3469 23 3615 -1
3470 21 3670 -1
3472 15 3635 -1
3479 102 3615 3631 3661 3691 -1
3480 18 3650 3681 -1
3483 20 3634 -1
3477 53 3646 3650 3681 -1
3498 114 3631 -1
3519 48 3615 3661 -1
3522 71 3650 3691 -1
3523 28 3670 3681 -1
3525 16 3680 -1
3527 64 3631 3646 3650 -1
3541 81 3616 3645 3650 3680 -1
3508 11 3680 -1
3544 7 3609 3646 -1
3553 8 3670 -1
3556 14 3680 -1
3557 10 3615 3645 -1
3562 40 3650 -1
3567 18 3670 3671 3680 -1
3568 147 3615 3635 3645 3660 3661 -1
3569 42 3646 3650 3680 -1
3586 156 3634 -1
3589 5 3681 -1
3591 13 3615 3645 -1
3600 12 3650 -1
3601 52 3645 3646 -1
3597 13 3681 -1
3611 22 3680 -1
3613 1 3616 -1
3614 205 3607 3616 3634 3643 3691 -1
3615 144 3607 3616 3635 3645 3650 3660 3664 3691 -1
3622 22 3650 -1
3624 64 3660 -1
3604 2 3629 -1
3628 1 3629 -1
3630 32 3650 3660 3661 -1
3631 91 3615 3650 3660 -1
3632 1 3650 -1
3633 48 3650 3680 -1
3634 82 3635 3643 3650 -1
3635 63 3615 3631 3650 3660 -1
3636 11 3646 3650 -1
3637 4 3650 -1
3638 1 3650 -1
3639 12 3650 -1
3640 1 3650 -1
3641 212 3607 3615 3631 3643 3650 -1
3642 362 3614 3634 3643 3650 -1
3643 44 3634 3645 3650 -1
3645 40 3650 -1
3649 1 3650 -1
3646 9 3650 -1
3647 13 3650 -1
3658 39 3664 -1
3659 38 3660 -1
3660 87 3607 3615 3631 3645 3646 -1
3661 36 3615 3631 -1
3665 20 3691 -1
3666 144 3615 3660 3661 -1
3668 1 3669 -1
3678 17 3680 -1
3682 75 3681 -1
3691 95 3615 3634 -1
3700 2 3645 -1
3719 14 3645 -1
3724 93 3615 3645 3660 3661 -1
3571 45 3634 3643 -1
3731 15 3646 -1
3752 15 3615 -1
3720 11 3615 -1
3771 3 3643 -1
3777 11 3646 -1
3786 99 3631 -1
3787 232 3631 -1
3796 113 3607 3615 3635 3664 3691 -1
3806 45 3643 -1
3813 94 3615 3645 3660 3661 -1
3814 47 3615 -1
3854 82 3607 3643 -1
3855 6 3615 -1
3877 13 3643 -1
3902 43 3635 -1
3911 2 3643 -1
3912 17 3615 -1
3917 29 3645 -1
3919 15 3614 -1
3925 7 3634 -1
3948 26 3631 3645 -1
3956 85 3643 3645 -1
3965 89 3615 3645 -1
3969 90 3607 3615 3635 3661 -1
3971 7 3661 -1
3973 33 3615 -1
3976 145 3643 -1
3977 14 3645 -1
3985 32 3631 3634 3635 -1
3998 2 3664 -1
4001 28 3660 -1
4036 147 3607 3631 -1
4040 104 3615 3635 3643 -1
4041 68 3634 3643 3691 -1
4042 21 3615 3631 -1
4044 89 3607 -1
4045 257 3607 3614 3635 3643 3645 3664 -1
4063 27 3645 -1
4077 77 3635 3645 -1
4065 131 3607 3615 3634 3643 3645 3661 -1
4070 111 3691 -1
4072 29 3643 -1
4073 115 3614 3634 3643 3645 -1
4074 33 3645 3660 3661 3664 -1
4099 155 3634 3635 3643 -1
4111 16 3645 -1
4076 86 3615 3631 -1
4123 25 3615 3631 -1
4124 50 3615 3631 3660 -1
4127 41 3631 -1
4136 26 3615 3631 -1
4138 64 3645 -1
4142 37 3635 3645 3660 3661 -1
4151 84 3615 3643 3645 3660 3664 -1
4152 43 3615 3660 -1
4155 5 3615 -1
3819 10 3631 -1
4189 11 3643 -1
4197 7 3615 -1
3995 57 3634 -1
4211 65 3635 3661 -1
4214 9 3645 -1
4219 112 3607 3635 3643 3691 -1
4222 41 3635 -1
4224 17 3635 -1
4228 3 3615 -1
4231 1 3615 -1
4009 2 3631 -1
4238 1 3631 -1
4266 11 3660 -1
4276 52 3643 3664 -1
4295 17 3645 -1
4297 38 3645 3691 -1
4298 9 3643 -1
4312 5 3645 -1
4315 29 3645 3660 -1
4324 8 3660 -1
4331 2 3634 -1
4338 40 3607 -1
4353 80 3634 -1
4355 50 3634 3661 -1
4357 1 3661 -1
4375 3 3660 -1
4422 15 3645 -1
4437 70 3635 -1
4441 202 3614 3634 3635 3664 3691 -1
4448 36 3664 -1
4454 1 3645 -1
4455 22 3645 -1
4456 4 3645 -1
4457 1 3645 -1
4471 2 3664 -1
4485 12 3635 -1
4483 153 3691 -1
4502 2 3664 -1
4536 81 3643 -1
4557 16 3643 -1
4564 33 3643 -1
4587 27 3634 -1
4632 228 3643 -1
4653 114 3664 3691 -1
4661 19 3635 -1
4662 46 3631 -1
4673 96 3614 3634 -1
4682 14 3635 -1
4686 57 3664 3691 -1
4688 59 3607 3635 3643 -1
4718 46 3691 -1
4712 121 3635 3643 -1
4723 1 3635 -1
4725 36 3664 -1
4756 34 3691 -1
4764 53 3631 -1
4813 46 3614 -1
4829 78 3691 -1
4859 30 3607 -1
4846 34 3664 3691 -1
4899 169 3634 3643 3664 3691 -1
4947 10 3643 -1
4948 214 3607 3664 3691 -1
4963 13 3691 -1
4964 60 3631 3664 -1
4967 361 3614 3631 3634 3643 3664 3691 -1
4977 3 3607 -1
4994 19 3634 -1
5002 115 3631 3634 3643 -1
5003 2 3607 -1
5005 1 3607 -1
5022 172 3614 -1
5020 139 3643 -1
5079 271 3614 3634 3643 3691 -1
5106 33 3643 -1
5102 54 3643 -1
5103 127 3614 3631 3634 -1
5110 84 3614 3664 -1
5119 18 3664 -1
5123 69 3634 -1
5125 54 3634 -1
5139 11 3643 -1
5140 51 3634 3691 -1
5154 3 3664 -1
5155 24 3691 -1
5166 48 3643 -1
5171 41 3634 3643 -1
5173 122 3631 -1
4795 73 3634 -1
5176 139 3643 -1
5177 101 3614 3634 -1
4310 278 3614 3634 3643 3691 -1
5179 217 3614 3631 3643 -1
5180 49 3643 -1
5184 68 3643 -1
5185 152 3614 3634 -1
5188 211 3631 3634 -1
5189 312 3634 -1
5215 8 3634 -1
5217 21 3631 -1
5246 44 3643 -1
5261 2 3691 -1
5262 59 3643 3691 -1
5263 75 3691 -1
5296 16 3634 -1
5301 61 3643 -1
5316 24 3634 3643 -1
5399 8 3643 -1
5423 48 3614 -1
5452 17 3634 -1
5520 2 3643 -1
5524 389 3631 3634 -1
5531 243 3631 3634 -1
5534 14 3643 -1
5193 18 3634 -1
5543 137 3634 3643 -1
5582 105 3631 3634 3643 -1
5596 30 3631 -1
5612 66 3634 3643 -1
5655 139 3643 -1
5691 49 3643 -1
5697 230 3614 3631 3634 -1
5702 10 3634 -1
5714 44 3643 -1
5739 45 3643 -1
5775 42 3631 -1
5796 191 3614 3634 3643 -1
5797 3 3634 -1
5799 23 3614 -1
5802 385 3614 3631 3634 -1
5803 2 3634 -1
5812 41 3614 3634 -1
5816 84 3634 -1
5817 75 3631 -1
5818 67 3614 -1
5819 61 3634 3643 -1
5822 98 3634 -1
5834 6 3643 -1
5857 92 3634 3643 -1
5871 50 3643 -1
5961 11 3614 -1
5980 8 3634 -1
5998 81 3634 -1
6006 68 3631 -1
6024 17 3634 -1
6028 1 3643 -1
6068 32 3634 -1
6146 9 3614 -1
6220 18 3634 -1
6241 75 3634 -1
6248 10 3634 -1
6270 88 3634 -1
6272 76 3634 -1
6305 190 3631 3634 -1
6324 6 3614 -1
6360 35 3614 -1
6327 108 3631 -1
6394 8 3634 -1
6479 13 3634 -1
6488 22 3634 -1
6494 101 3631 -1
6503 4 3634 -1
6518 33 3631 -1
6544 1 3634 -1
6545 5 3634 -1
6546 2 3634 -1
6547 1 3634 -1
6548 10 3634 -1
6615 160 3631 -1
6624 135 3631 -1
6665 29 3631 -1
6714 100 3631 -1
6620 93 3631 -1
6913 44 3631 -1
6906 49 3631 -1
6907 191 3631 -1
6918 29 3631 -1
5529 39 3631 -1
7099 18 3631 -1
7104 15 3631 -1
7184 2 3631 -1
7187 1 3631 -1
7188 14 3631 -1
7189 3 3631 -1