44 44 7092 -1
29 150 7040 7052 -1
72 164 7050 -1
103 68 7074 -1
68 275 7063 7094 -1
109 190 7005 7021 7047 7052 7063 7092 -1
110 95 7005 -1
127 132 7012 -1
136 99 7050 7054 -1
147 58 7092 -1
154 61 7050 -1
173 334 7092 -1
319 199 7021 -1
335 46 7074 -1
406 34 7094 -1
425 79 7047 7054 -1
457 732 7021 7034 7050 7073 7074 7092 7094 -1
580 30 7092 -1
600 214 7050 -1
737 232 7012 7047 7063 7094 -1
766 773 7005 7012 7021 7052 7063 7092 -1
840 7 7063 -1
854 99 7092 -1
896 26 7094 -1
988 292 7050 -1
993 238 7063 -1
996 297 7047 7092 7094 -1
1003 18 7073 -1
1041 49 7052 -1
1042 41 7073 -1
1043 21 7073 -1
1055 196 7047 -1
1063 29 7021 7052 -1
1098 305 7012 7021 7047 7050 7052 7059 7060 7063 7092 7094 -1
1133 399 7040 7092 -1
1142 48 7073 -1
1151 472 7005 7012 7021 7050 7063 7092 -1
1166 599 7047 7052 7059 7092 7094 -1
1185 43 7040 -1
1374 462 7005 7021 7047 7052 7054 7059 7088 7092 7094 -1
1385 35 7092 -1
1428 183 7005 -1
1470 156 7092 -1
1473 91 7092 -1
1496 210 7005 -1
1542 244 7012 7021 7052 7074 -1
1612 68 7040 7042 7052 7074 7094 -1
1621 80 7021 7052 -1
1661 66 7092 -1
1674 8 7005 -1
1762 47 7047 -1
1796 38 7094 -1
1799 48 7012 -1
1811 43 7092 -1
1865 6 7052 -1
2001 39 7012 -1
2010 27 7021 -1
2186 61 7073 -1
2276 32 7059 -1
2299 67 7021 7092 -1
2369 189 7047 7050 7052 7088 7092 -1
2440 50 7050 -1
2452 42 7005 7047 7050 -1
2485 324 7092 -1
2502 30 7054 -1
2504 100 7092 -1
2549 70 7092 -1
2552 5 7005 -1
2560 180 7052 7059 -1
2565 893 7005 7012 7021 7047 7050 7052 7054 7059 7063 7073 7088 7092 7094 -1
2576 146 7052 -1
2619 46 7021 7040 7092 -1
2620 24 7040 -1
2655 49 7063 -1
2658 307 7005 7012 7021 7054 7063 7088 7092 -1
2674 103 7073 -1
2677 40 7040 7052 7060 7073 7074 -1
2660 164 7063 -1
2765 29 7047 -1
2790 173 7040 -1
2793 6 7073 -1
2940 123 7012 -1
2941 11 7054 -1
2972 357 7023 7074 -1
3032 216 7054 -1
3057 48 7073 7092 -1
3092 81 7092 -1
3274 69 7021 7092 -1
3297 51 7021 7059 7063 7092 -1
3310 18 7063 -1
3348 25 7092 -1
3381 180 7021 7052 7073 7088 7094 -1
3404 89 7092 -1
3447 271 7012 7021 7052 7092 -1
3466 17 7088 -1
3498 114 7054 -1
3586 156 7012 7021 7050 7063 7092 -1
3614 205 7092 -1
3635 63 7054 -1
3641 212 7092 -1
3642 362 7040 7047 7050 7052 7054 7092 7094 -1
3662 10 7021 -1
3691 95 7042 7047 7054 -1
3752 15 7063 -1
3787 232 7047 7054 -1
3792 27 7073 -1
3877 13 7092 -1
3910 33 7047 7094 -1
3916 42 7063 -1
3956 85 7063 -1
3969 90 7040 7062 -1
4040 104 7005 -1
4045 257 7073 -1
4046 89 7088 7092 -1
4065 131 7052 7094 -1
4071 17 7092 -1
4099 155 7092 -1
4116 12 7050 -1
4076 86 7063 -1
4192 7 7094 -1
4221 42 7063 -1
4335 32 7021 -1
4347 55 7021 7063 -1
4353 80 7092 -1
4398 9 7092 -1
4437 70 7052 7073 -1
4441 202 7005 7012 7021 -1
4451 9 7092 -1
4483 153 7012 7021 7092 -1
4488 50 7021 7050 -1
4534 19 7005 -1
4536 81 7054 -1
4632 228 7005 7021 7052 7073 7092 7094 -1
4662 46 7073 -1
4666 24 7012 7063 -1
4681 20 7092 -1
4712 121 7047 7054 7088 7092 -1
4764 53 7092 -1
4781 27 7012 -1
4788 20 7021 -1
4792 62 7092 -1
4829 78 7012 -1
4926 7 7050 -1
4943 31 7063 7092 -1
4948 214 7005 7052 7054 7092 -1
4964 60 7023 -1
4966 25 7047 -1
4967 361 7021 -1
4981 53 7021 7063 7092 -1
5002 115 7052 7092 -1
5016 10 7092 -1
5020 139 7050 -1
5024 4 7092 -1
5028 43 7047 7052 7092 -1
5053 52 7088 -1
5059 26 7040 7052 7074 7094 -1
5079 271 7047 -1
5103 127 7005 7052 7073 7074 7092 -1
4828 168 7040 7052 7074 -1
5125 54 7062 7094 -1
5166 48 7021 7063 7092 -1
5172 29 7092 -1
5173 122 7040 7050 7052 7054 7060 7073 7074 7092 -1
4795 73 7012 7023 7074 -1
4310 278 7012 7021 7052 7054 7063 7073 7094 -1
5179 217 7047 7054 7088 7092 -1
5188 211 7063 7073 7092 -1
5189 312 7021 7050 7052 7059 7092 7094 -1
5199 22 7012 -1
5200 15 7021 -1
5201 15 7021 -1
5233 24 7092 -1
5289 6 7092 -1
5306 1 7092 -1
5316 24 7021 -1
5342 30 7012 7021 7063 -1
5378 17 7050 -1
5391 37 7040 7073 -1
5439 66 7060 -1
5445 63 7021 7047 7059 7088 -1
5446 26 7047 7088 -1
5452 17 7073 -1
5472 16 7073 -1
5484 22 7092 -1
5485 21 7092 -1
5489 12 7092 -1
5524 389 7005 7012 7021 7040 7047 7050 7052 7054 7059 7063 7073 7074 7088 7092 7094 -1
5531 243 7052 7054 7073 7088 7094 -1
5543 137 7040 7063 7092 -1
5582 105 7073 -1
5596 30 7052 -1
5620 7 7092 -1
5655 139 7047 7050 7063 -1
5697 230 7052 7094 -1
5738 14 7040 -1
5771 9 7054 -1
5773 75 7021 7040 7047 7059 7092 7094 -1
5796 191 7005 7021 7063 7092 -1
5800 222 7040 7047 7050 7052 7060 7063 7073 7092 -1
5802 385 7005 7012 7021 7040 7052 7059 7060 7063 7073 7088 7092 7094 -1
5806 83 7092 -1
5804 33 7021 -1
5807 27 7094 -1
5810 29 7054 -1
5814 144 7012 7021 7063 7092 -1
5816 84 7094 -1
5817 75 7023 -1
5822 98 7063 -1
5824 41 7052 -1
5839 41 7092 -1
5857 92 7063 -1
5896 10 7047 -1
4767 14 7092 -1
5908 19 7050 -1
5915 52 7005 7012 7052 7092 -1
5966 7 7052 -1
5969 5 7092 -1
5998 81 7052 7092 -1
5999 20 7054 -1
6006 68 7052 7092 -1
6016 10 7092 -1
6020 25 7052 7092 -1
6032 80 7050 7063 7092 -1
6043 39 7092 -1
6072 54 7047 7092 -1
6068 32 7092 -1
6097 26 7063 -1
6218 53 7063 7092 -1
6221 31 7050 7059 7092 -1
6229 19 7092 -1
6241 75 7021 7052 7059 7092 -1
6243 35 7092 -1
6272 76 7052 7092 -1
6280 52 7054 7088 -1
6305 190 7073 -1
6311 1 7047 -1
6320 23 7092 -1
6346 17 7052 -1
6359 81 7073 -1
6360 35 7054 7073 7074 -1
6327 108 7040 7074 7094 -1
6398 29 7040 -1
6414 21 7021 -1
6415 4 7054 -1
6422 11 7063 -1
6443 70 7050 7054 -1
6458 28 7073 -1
6471 5 7040 -1
6484 10 7021 7092 -1
6486 85 7023 -1
6494 101 7023 7047 7052 7054 7059 7092 -1
6510 54 7052 -1
6518 33 7021 7052 7092 -1
6524 8 7063 -1
6460 58 7021 7092 -1
6548 10 7092 -1
6555 35 7092 -1
5273 12 7021 -1
6560 43 7092 -1
6563 58 7052 7054 -1
6552 29 7050 7052 -1
6596 177 7005 7012 7021 7047 7059 7063 7092 7094 -1
6618 91 7040 7073 7094 -1
6619 104 7092 -1
6615 160 7040 7052 7059 7062 7073 -1
6616 18 7040 -1
6624 135 7005 7012 7047 7052 7054 7092 -1
6627 50 7054 7062 7094 -1
6635 9 7047 -1
6648 3 7050 -1
6676 6 7092 -1
6711 7 7063 -1
6713 4 7092 -1
6714 100 7052 7054 7074 7088 -1
6736 33 7021 -1
6770 6 7050 7063 -1
6772 77 7012 7021 -1
6774 24 7005 7021 -1
6784 42 7054 7088 7092 -1
6801 6 7050 -1
6848 14 7074 -1
6855 14 7005 7094 -1
6620 93 7040 7052 7073 7074 7094 -1
6865 19 7021 7074 -1
6885 19 7050 -1
6900 31 7088 7092 -1
6902 28 7092 -1
6913 44 7052 7073 7074 -1
6914 95 7012 7052 7054 7063 7088 7092 -1
6907 191 7005 7012 7021 7052 7054 7063 7092 -1
6918 29 7021 7050 7054 7092 -1
6924 16 7092 -1
6934 65 7052 7054 -1
6941 57 7047 7052 7054 -1
5529 39 7074 7092 -1
6945 18 7052 7054 7094 -1
6951 47 7005 7021 7050 7092 -1
6692 6 7021 7092 -1
6958 2 7060 -1
6316 19 7052 7054 7092 -1
6976 41 7073 7092 -1
6984 7 7040 7052 -1
6991 18 7040 7052 -1
6993 81 7005 7012 7021 7063 7092 -1
7012 10 7021 -1
7014 2 7021 -1
7019 4 7021 -1
7023 8 7052 -1
7026 13 7021 7047 -1
7031 1 7033 -1
7032 1 7033 -1
7036 2 7040 -1
7041 1 7042 -1
7043 14 7059 -1
7044 3 7059 -1
7051 1 7059 -1
7052 142 7005 7012 7021 7047 7054 7059 7063 7088 7092 7094 -1
7045 36 7021 7047 7052 7059 -1
7053 31 7047 7059 -1
7054 40 7052 7059 -1
7046 21 7047 7052 7059 -1
7047 161 7021 7052 7059 7063 7092 -1
7055 98 7005 7012 7021 7047 7052 7059 7063 7088 -1
7048 1 7059 -1
7056 37 7052 7059 -1
7049 27 7005 7059 -1
7057 118 7005 7047 7050 7052 7054 7059 7063 7088 7092 -1
7062 4 7050 -1
7072 1 7073 -1
7070 2 7073 -1
7071 4 7073 7092 -1
7086 123 7021 7047 7088 7094 -1
7090 11 7054 -1
7092 93 7005 7052 -1
7096 5 7054 -1
7110 5 7092 -1
7120 18 7047 -1
7131 24 7021 7092 -1
7132 30 7021 7052 7063 -1
7165 3 7050 -1
7205 1 7023 -1
7206 1 7023 -1
7225 47 7092 -1
7231 101 7005 7047 7052 7054 -1
7236 23 7088 -1
7237 15 7050 -1
7239 21 7054 -1
7262 11 7054 -1
7276 5 7021 7052 -1
7279 19 7012 7054 -1
7280 89 7005 7021 7063 7092 -1
7301 27 7052 7092 -1
7302 2 7092 -1
7171 9 7092 -1
7352 15 7092 -1
7379 7 7088 -1
7378 38 7050 -1
7386 25 7021 -1
7390 24 7047 7063 -1
7391 52 7047 7050 7052 -1
7394 5 7063 -1
7405 18 7050 7063 -1
7409 10 7052 -1
7393 12 7092 -1
7443 10 7092 -1
7449 39 7021 -1
7511 16 7021 -1
7514 3 7088 -1
7515 1 7088 -1
7513 1 7088 -1
7376 4 7063 -1
7531 1 7054 -1
7544 11 7005 7092 -1
7150 10 7005 7021 7052 -1
7578 28 7005 7092 -1
7579 9 7050 -1
7598 33 7047 -1
7614 39 7047 7092 -1
7618 3 7092 -1
7625 6 7050 -1
7634 1 7021 -1
7649 10 7052 -1
7665 6 7047 -1
7666 14 7012 -1
7675 25 7021 -1
7676 5 7047 -1
7677 12 7047 -1
7678 2 7047 -1
7679 26 7021 -1
7682 36 7092 -1
7691 19 7063 7092 -1
7733 45 7005 7021 7050 7063 7092 -1
7743 13 7005 -1
7744 50 7021 7092 -1
7752 2 7005 -1
7753 2 7005 -1
7756 2 7005 -1
7766 13 7005 -1
7768 11 7021 -1
7769 19 7012 7021 -1
7791 4 7005 -1
7792 7 7012 7021 -1
7812 6 7092 -1
7829 4 7092 -1
7830 1 7092 -1
7831 2 7092 -1
7832 1 7092 -1
7833 4 7092 -1
7834 1 7092 -1
7836 1 7092 -1
7835 3 7092 -1
7754 1 7005 -1
7865 24 7021 7063 -1
7875 2 7012 -1
7882 11 7021 -1
7906 10 7050 -1
7910 4 7012 -1
7916 2 7012 -1
7919 3 7012 -1
7937 1 7021 -1
7938 2 7021 -1
7939 1 7021 -1
7940 1 7021 -1
7941 1 7021 -1
7942 1 7021 -1
7944 1 7012 -1
8053 20 7050 -1
8085 16 7050 -1
8244 1 7050 -1
8245 1 7050 -1