36 227 8174 -1
72 164 8128 -1
87 195 8141 8174 -1
99 24 8132 -1
68 275 8178 -1
127 132 8178 -1
166 93 8132 8134 8141 8163 8198 -1
237 41 8121 -1
259 56 8141 -1
319 199 8121 8163 -1
395 42 8163 -1
457 732 8121 8134 8141 8174 8198 -1
600 214 8174 -1
737 232 8134 8141 8163 8168 8192 8198 -1
769 146 8141 8178 -1
854 99 8174 8192 -1
968 5 8174 -1
988 292 8121 8122 8124 8128 8130 8134 8141 8163 8168 8174 8178 8192 8198 -1
1051 46 8174 8192 -1
1098 305 8141 8168 -1
1133 399 8134 -1
1166 599 8122 8134 -1
1179 10 8192 -1
1374 462 8121 8122 8128 8163 8168 8174 8192 8198 -1
1506 41 8134 -1
1612 68 8134 8149 8198 -1
1613 15 8148 -1
1530 11 8141 8178 -1
1621 80 8121 -1
1667 55 8134 8198 -1
1688 25 8174 -1
1814 105 8186 8192 -1
1835 73 8141 -1
1966 18 8149 -1
2001 39 8121 -1
2223 15 8148 -1
2225 34 8168 -1
2226 28 8168 -1
2240 108 8168 -1
2258 95 8198 -1
2277 8 8175 -1
2299 67 8174 8178 8192 -1
2452 42 8174 -1
2485 324 8163 8174 8192 -1
2502 30 8141 8178 -1
2504 100 8174 -1
2516 44 8128 -1
2565 893 8121 8122 8124 8128 8130 8132 8134 8141 8148 8163 8168 8169 8174 8178 8192 8198 -1
2658 307 8134 8163 8168 8169 8178 -1
2660 164 8141 -1
2925 19 8178 -1
2941 11 8141 -1
2936 8 8186 -1
2983 28 8168 8178 8192 8198 -1
3057 48 8174 -1
3088 37 8124 8174 8192 8198 -1
3092 81 8134 8141 -1
2003 63 8192 -1
3142 49 8124 8134 8178 8192 8198 -1
3238 28 8174 -1
3297 51 8122 8141 -1
3381 180 8122 8134 -1
3453 319 8128 -1
3456 241 8174 8192 -1
3498 114 8178 -1
3587 15 8178 -1
3586 156 8121 8128 -1
3634 82 8141 -1
3752 15 8192 -1
3786 99 8134 -1
3787 232 8122 8124 8134 8141 -1
3965 89 8134 8168 8174 -1
4036 147 8128 8198 -1
4040 104 8174 8192 8198 -1
4099 155 8178 -1
4116 12 8168 -1
4140 12 8168 8174 8192 -1
4347 55 8121 8128 8130 8134 8168 8169 8174 8198 -1
4441 202 8174 8192 8198 -1
4476 16 8139 -1
4483 153 8128 8163 8174 -1
4534 19 8178 -1
4632 228 8122 8163 8174 8192 -1
4771 3 8174 -1
4899 169 8128 -1
4926 7 8174 -1
4943 31 8121 8128 8134 8192 -1
4948 214 8122 8124 8128 8163 8168 8178 8186 8192 -1
5028 43 8124 -1
5053 52 8174 -1
5060 3 8174 -1
5068 10 8124 -1
5106 33 8169 -1
5102 54 8141 8163 -1
5103 127 8122 8128 8141 8163 8168 8174 8178 8192 -1
5172 29 8178 8186 -1
5173 122 8128 8134 8174 8178 8198 -1
5179 217 8124 8134 8141 -1
5185 152 8128 -1
5188 211 8192 -1
5189 312 8132 -1
5246 44 8148 -1
5316 24 8168 -1
5342 30 8174 -1
5404 40 8198 -1
5446 26 8174 -1
5479 28 8134 -1
5511 3 8198 -1
5524 389 8121 8122 8124 8128 8134 8141 8163 8168 8169 8174 8178 8192 -1
5553 46 8121 8124 8134 -1
5612 66 8178 -1
5655 139 8121 8132 8169 -1
5667 5 8124 8128 -1
5686 3 8198 -1
5697 230 8121 8124 -1
5738 14 8163 8168 8192 -1
5768 13 8178 -1
5775 42 8122 -1
5771 9 8141 8178 -1
5796 191 8121 -1
5800 222 8121 8122 8124 8134 8163 8168 8178 8192 -1
5802 385 8122 8124 8128 8132 8148 8163 8168 8174 8178 8192 8198 -1
5806 83 8128 -1
5814 144 8134 8192 -1
5819 61 8121 -1
5857 92 8163 8178 -1
5859 16 8141 -1
5872 27 8163 8174 8192 -1
4767 14 8163 -1
5913 5 8128 -1
5920 10 8134 -1
5927 10 8128 -1
5940 13 8174 8192 -1
5946 4 8130 -1
5982 4 8178 -1
5998 81 8168 -1
6000 10 8124 8134 -1
6016 10 8134 8174 -1
6032 80 8121 8192 -1
6043 39 8174 -1
6072 54 8122 8128 8141 8163 8168 -1
6068 32 8134 -1
6151 13 8134 -1
6202 3 8134 -1
6218 53 8121 -1
6305 190 8128 8134 8139 8141 8149 -1
6320 23 8168 -1
6331 3 8134 -1
6347 11 8174 8192 -1
6414 21 8178 -1
6443 70 8134 8141 -1
6458 28 8163 -1
6457 2 8141 -1
6484 10 8174 8192 -1
6494 101 8174 -1
6502 12 8134 8174 -1
6510 54 8134 -1
6524 8 8178 -1
6538 21 8132 8141 8148 -1
6560 43 8192 -1
6552 29 8121 -1
6596 177 8121 8122 8124 8128 8130 8163 8168 8169 8174 8178 8186 8192 8198 -1
6618 91 8121 8130 8169 -1
6624 135 8121 8122 8124 8128 -1
6627 50 8141 8178 -1
6634 3 8163 -1
6657 11 8128 8132 -1
4401 9 8139 -1
6758 10 8121 -1
6772 77 8169 8178 -1
6801 6 8174 -1
6855 14 8128 -1
6859 11 8163 -1
6875 15 8168 8174 -1
6885 19 8168 -1
6900 31 8121 8134 -1
6902 28 8121 -1
6914 95 8134 8141 -1
6907 191 8121 8122 8128 8134 8141 8163 8168 8169 8174 8178 8192 -1
6916 54 8128 8134 8168 8178 -1
6924 16 8174 -1
5529 39 8168 -1
7021 15 8121 8149 -1
7052 142 8163 8168 8178 8192 -1
7053 31 8134 -1
7047 161 8121 8122 8124 8128 8132 8134 8139 8141 8163 8168 8174 8178 8192 8198 -1
7055 98 8174 8192 -1
7057 118 8121 8134 8168 -1
7080 70 8130 8163 8168 8174 -1
6946 68 8121 8128 8130 8169 -1
7086 123 8121 8124 8128 8134 8141 8149 8163 8168 8174 8192 8198 -1
7092 93 8121 8168 -1
5015 14 8122 -1
7132 30 8121 -1
7153 12 8134 8141 8148 -1
7183 9 8186 -1
7189 3 8174 -1
7225 47 8192 -1
7233 22 8121 8134 8174 8192 -1
7237 15 8192 8198 -1
7277 4 8121 -1
7279 19 8163 8192 -1
7280 89 8121 8124 8141 8174 -1
7294 39 8121 -1
7343 12 8134 -1
7378 38 8124 8198 -1
7357 9 8174 -1
7391 52 8122 8174 8192 8198 -1
7405 18 8163 -1
7421 9 8163 8192 -1
7441 3 8168 -1
7443 10 8192 -1
7449 39 8134 8174 8186 -1
4532 8 8174 -1
7490 27 8128 -1
7564 31 8121 8124 8128 8168 -1
7578 28 8122 8163 8165 8174 -1
7588 8 8141 -1
7666 14 8121 -1
7675 25 8192 -1
7676 5 8178 -1
7682 36 8128 8132 8148 8169 -1
7685 13 8124 8174 8198 -1
7697 19 8132 8168 -1
6367 2 8141 -1
7727 30 8122 8174 -1
7733 45 8121 8174 8198 -1
7743 13 8168 8169 -1
7744 50 8121 8174 8178 -1
7772 20 8134 8174 8178 8192 -1
7774 35 8121 8122 8128 8134 8168 8174 8178 8192 -1
7808 12 8124 8174 -1
7810 9 8174 -1
7818 23 8134 -1
7845 2 8121 -1
7853 2 8178 -1
7856 7 8121 8168 8192 -1
7862 11 8174 8192 -1
7865 24 8163 -1
7893 2 8174 -1
7900 27 8121 8122 8128 8134 8163 8168 8169 8192 -1
7901 30 8174 8192 -1
7902 21 8128 8132 8148 8163 8192 -1
7903 4 8174 -1
7907 12 8163 8168 8178 -1
7928 3 8178 -1
7932 2 8168 -1
7945 5 8192 -1
7964 11 8122 -1
7980 15 8132 8134 -1
8036 19 8121 8124 8128 8163 8168 8174 8192 -1
8053 20 8178 -1
8060 5 8121 8168 8192 -1
8063 3 8121 8192 -1
8085 16 8163 8174 8192 8198 -1
8092 5 8192 8198 -1
8112 2 8141 -1
8107 13 8141 8192 -1
8118 1 8121 -1
8119 1 8121 -1
8120 1 8121 -1
8131 2 8132 8148 -1
8135 1 8134 -1
8138 1 8134 -1
8136 1 8134 -1
8097 2 8134 -1
8137 1 8134 -1
8140 1 8141 -1
8142 1 8141 -1
8144 1 8141 -1
8145 2 8141 -1
8146 2 8148 -1
8147 1 8148 -1
8156 5 8192 -1
8161 1 8163 -1
8162 9 8163 8168 8174 8178 8192 8198 -1
8170 1 8174 -1
8171 3 8174 8192 -1
8172 1 8174 -1
8173 7 8174 8192 8198 -1
8177 1 8178 -1
7472 1 8178 -1
8179 1 8178 -1
8184 1 8178 -1
8180 1 8178 -1
8181 1 8178 -1
8182 1 8178 -1
8183 1 8178 -1
8190 4 8192 -1
8193 2 8192 -1
8194 1 8192 -1
8195 1 8192 -1
8196 1 8198 -1
8197 1 8198 -1