3 23 214 271 286 -1
25 90 214 224 226 246 252 255 257 261 271 273 280 282 286 299 -1
4 29 214 232 243 282 299 -1
5 23 299 -1
6 302 216 219 226 227 228 232 236 243 250 252 257 258 259 261 271 273 274 280 285 286 290 298 299 -1
7 24 228 259 271 299 -1
8 182 214 216 219 224 226 232 236 243 250 252 255 258 261 271 273 274 280 282 286 299 -1
9 81 214 226 228 243 250 258 261 271 274 299 -1
10 86 214 216 219 246 250 252 255 257 261 271 274 280 286 -1
11 743 204 214 216 219 224 227 228 230 246 250 252 255 257 259 261 271 274 282 285 286 298 299 -1
12 65 214 219 232 236 250 255 257 259 274 282 286 290 299 -1
13 11 214 216 232 250 252 271 -1
14 114 214 216 219 224 226 236 250 259 261 271 282 299 -1
15 50 214 299 -1
17 45 214 258 261 271 273 282 299 -1
18 12 214 -1
19 39 214 216 219 250 252 257 261 271 274 286 299 -1
20 187 214 216 224 232 243 250 252 255 257 258 261 271 274 282 286 299 -1
21 76 219 236 243 250 252 271 299 -1
23 74 214 236 252 257 271 280 282 299 -1
24 309 214 228 230 243 255 259 271 280 299 -1
54 7 214 299 -1
28 133 214 216 224 226 228 232 236 246 250 252 259 261 271 273 280 282 299 -1
33 24 214 -1
34 5 282 -1
36 227 204 226 228 232 255 271 274 282 299 -1
35 65 214 226 227 243 257 259 261 271 274 299 -1
37 20 216 252 299 -1
38 14 280 -1
39 41 216 252 271 282 299 -1
40 11 214 216 243 252 257 273 274 299 -1
26 95 214 216 219 226 232 236 243 250 252 257 258 261 271 273 274 286 299 -1
41 30 226 227 252 271 299 -1
42 89 214 219 243 250 252 259 271 274 286 298 299 -1
44 44 214 224 259 -1
45 8 299 -1
46 59 204 214 224 252 255 271 280 282 286 -1
47 146 214 216 226 243 250 252 257 271 274 282 286 290 299 -1
48 21 214 250 252 271 282 299 -1
49 15 214 -1
50 14 216 219 250 252 257 261 271 273 299 -1
51 24 214 246 271 280 299 -1
53 39 274 -1
29 150 214 228 243 246 252 259 261 271 273 274 282 286 299 -1
55 64 214 216 243 250 252 271 282 299 -1
56 24 214 -1
57 13 228 271 299 -1
58 38 257 271 274 290 299 -1
59 94 204 214 219 228 252 271 298 -1
62 17 243 280 -1
27 102 216 219 226 243 271 274 280 282 -1
66 44 282 -1
72 164 204 226 232 236 243 261 271 282 299 -1
73 13 214 243 274 299 -1
75 31 246 299 -1
78 41 214 258 261 -1
79 53 214 236 243 252 271 299 -1
77 25 214 219 271 299 -1
80 59 236 252 255 271 280 282 299 -1
81 18 214 273 299 -1
67 17 214 274 282 299 -1
86 122 214 228 243 259 271 282 299 -1
71 109 214 226 228 236 257 271 299 -1
87 195 204 259 271 282 290 299 -1
89 29 243 271 -1
90 72 204 214 243 252 271 290 -1
94 80 214 219 224 243 250 252 257 258 261 271 273 274 282 286 299 -1
99 24 271 -1
100 5 232 -1
98 8 228 -1
31 15 230 -1
103 68 255 271 299 -1
104 30 214 243 252 282 299 -1
106 9 299 -1
68 275 271 290 -1
109 190 204 290 -1
110 95 228 271 282 -1
111 29 271 -1
120 8 214 299 -1
122 213 204 -1
113 89 214 219 228 243 290 -1
130 13 271 -1
126 25 228 271 -1
127 132 204 228 232 252 259 261 271 282 290 -1
128 80 214 216 271 -1
129 4 299 -1
132 29 204 271 299 -1
135 7 255 -1
136 99 204 232 243 258 261 -1
138 72 224 228 236 250 252 255 259 271 274 282 298 -1
139 37 228 246 252 271 282 299 -1
140 30 226 258 282 -1
142 25 243 271 299 -1
143 94 204 214 216 226 250 252 271 274 298 299 -1
147 58 271 -1
145 18 214 271 -1
151 74 228 236 246 271 -1
152 21 214 252 -1
154 61 204 224 243 252 282 -1
155 28 214 -1
156 4 259 -1
157 44 204 243 271 290 -1
161 32 299 -1
162 4 246 -1
163 9 271 -1
168 9 299 -1
171 70 227 230 299 -1
172 123 214 246 285 290 -1
173 334 214 227 230 259 271 298 299 -1
74 69 228 252 257 271 285 299 -1
176 39 271 -1
177 19 214 228 -1
178 63 228 271 282 -1
180 54 216 271 274 299 -1
181 3 214 271 -1
182 79 204 243 271 299 -1
166 93 204 214 243 259 261 271 273 274 290 -1
185 4 214 -1
194 5 214 259 -1
187 37 214 228 243 285 -1
188 3 214 -1
32 4 214 -1
189 1 214 -1
196 1 214 -1
190 2 214 -1
197 11 214 259 -1
195 1 214 -1
198 1 214 -1
199 17 214 -1
191 13 214 259 271 -1
200 1 214 -1
201 21 214 252 271 282 -1
202 6 214 -1
203 31 214 259 299 -1
204 12 214 -1
205 12 214 282 -1
206 1 214 -1
207 1 214 -1
208 6 214 219 -1
209 10 214 259 271 -1
192 19 214 -1
210 1 214 -1
125 29 214 271 299 -1
215 100 216 252 257 271 282 298 299 -1
217 1 219 -1
221 10 282 -1
223 19 226 257 -1
224 13 271 282 -1
226 25 298 -1
227 5 271 -1
228 6 282 299 -1
243 2 250 -1
245 3 243 -1
247 11 232 274 -1
230 6 298 -1
231 50 228 236 255 271 280 299 -1
232 23 228 271 282 -1
235 2 271 -1
236 39 232 257 271 282 -1
237 41 271 282 -1
169 3 257 -1
257 8 271 -1
253 1 257 -1
254 25 228 246 257 -1
255 86 257 259 271 280 282 299 -1
256 10 226 257 282 298 -1
261 8 258 286 -1
258 6 261 271 273 -1
260 6 258 261 285 -1
259 56 227 261 271 299 -1
263 22 271 282 -1
264 1 271 -1
265 31 271 282 -1
266 13 271 -1
267 1 271 -1
268 3 271 -1
269 30 246 271 -1
270 14 271 -1
273 7 258 299 -1
276 7 243 274 -1
277 2 274 -1
275 56 224 274 282 299 -1
241 8 271 282 -1
280 76 271 290 299 -1
282 39 204 224 228 230 236 255 280 286 -1
284 7 286 299 -1
285 6 286 -1
291 35 299 -1
294 1 299 -1
292 6 299 -1
293 3 282 299 -1
295 5 299 -1
296 10 243 246 299 -1
297 1 299 -1
290 71 204 214 271 299 -1
298 2 299 -1
249 15 299 -1
304 79 271 -1
306 244 204 228 246 255 271 282 298 -1
308 142 204 228 243 271 299 -1
320 7 243 299 -1
310 230 204 243 271 299 -1
311 321 243 259 271 299 -1
312 227 224 227 228 255 271 282 -1
313 54 290 -1
315 77 214 259 299 -1
317 140 204 228 271 298 299 -1
318 3 271 -1
319 199 204 214 255 271 280 282 290 299 -1
329 6 228 282 299 -1
326 12 243 282 -1
327 8 232 282 -1
251 8 299 -1
328 13 299 -1
150 28 232 280 -1
336 31 214 271 -1
339 80 224 226 227 236 243 259 271 282 -1
340 30 232 271 282 -1
341 47 259 299 -1
343 4 282 -1
348 21 271 -1
345 9 228 282 -1
346 86 214 290 -1
356 18 214 259 282 299 -1
352 9 243 -1
353 6 243 -1
193 21 204 228 -1
364 14 214 -1
366 14 282 299 -1
367 5 299 -1
371 117 204 228 255 271 282 299 -1
376 37 299 -1
386 3 243 -1
381 2 243 -1
382 1 243 -1
387 11 214 243 259 -1
101 16 243 299 -1
383 45 224 243 246 255 282 -1
384 1 243 -1
395 42 282 -1
399 6 271 -1
400 12 243 271 299 -1
405 19 246 271 290 -1
406 34 236 255 282 -1
407 145 204 214 230 285 298 -1
325 25 232 282 -1
416 2 226 -1
417 9 226 -1
427 6 259 -1
423 7 214 -1
425 79 204 280 285 -1
426 41 232 236 282 299 -1
436 1 232 -1
437 1 232 -1
412 21 290 -1
439 8 271 -1
440 8 236 282 -1
457 732 227 271 290 298 299 -1
458 4 271 -1
467 12 214 259 -1
479 8 243 -1
488 4 271 -1
492 1 299 -1
493 3 299 -1
494 3 299 -1
445 4 271 -1
530 7 243 -1
542 7 228 243 -1
545 24 243 299 -1
546 142 214 290 -1
549 4 243 -1
560 8 271 -1
553 22 259 -1
556 121 224 227 228 230 255 259 271 282 299 -1
561 4 236 282 -1
562 1 282 -1
563 1 282 -1
565 1 282 -1
564 15 255 282 -1
574 5 282 -1
583 26 214 -1
586 13 243 -1
590 8 282 -1
592 12 224 280 282 -1
600 214 227 228 243 246 259 271 282 290 299 -1
605 1 280 -1
606 3 280 -1
616 1 282 -1
615 35 246 255 282 -1
618 11 282 -1
495 6 282 -1
626 31 259 282 299 -1
632 1 282 -1
633 55 255 271 282 298 -1
634 150 214 243 271 282 290 -1
646 17 282 -1
635 66 204 271 282 285 299 -1
636 11 271 282 -1
647 32 243 282 299 -1
637 25 271 282 -1
638 1 282 -1
640 4 214 282 -1
641 2 282 -1
642 3 282 -1
648 2 282 -1
643 46 282 -1
644 27 271 282 -1
645 16 214 271 282 -1
649 40 282 -1
650 98 214 259 271 290 -1
658 6 255 -1
659 14 204 271 -1
663 158 214 243 259 271 290 299 -1
639 31 271 -1
673 5 271 -1
674 16 271 -1
689 47 214 259 299 -1
695 118 204 271 290 -1
701 4 230 -1
704 81 271 -1
706 95 259 299 -1
707 123 227 271 290 299 -1
708 51 204 271 -1
710 105 230 243 271 -1
715 23 227 299 -1
722 264 204 214 246 290 -1
727 32 214 271 -1
730 34 243 271 299 -1
732 4 246 -1
737 232 246 -1
742 93 246 271 298 -1
697 100 271 -1
749 66 290 -1
321 27 271 -1
759 77 259 271 299 -1
761 8 204 -1
763 68 214 -1
766 773 204 271 285 -1
762 50 271 -1
769 146 214 228 259 271 290 298 -1
786 2 227 -1
788 113 204 243 290 -1
784 224 204 214 230 243 290 299 -1
789 317 243 259 271 290 299 -1
791 41 214 271 -1
794 18 230 271 -1
795 60 243 271 290 -1
805 90 271 290 299 -1
808 4 271 -1
810 34 290 299 -1
813 272 204 298 -1
816 29 227 -1
334 41 271 -1
823 15 243 -1
826 249 204 290 -1
837 4 230 -1
838 36 204 230 -1
844 45 299 -1
842 30 290 -1
848 8 228 -1
852 39 243 -1
853 16 230 299 -1
860 8 228 -1
861 16 204 -1
865 97 204 214 228 243 259 271 -1
870 38 243 271 298 299 -1
871 59 214 290 299 -1
879 122 259 -1
882 7 271 -1
895 6 271 -1
897 1 227 -1
900 5 228 -1
904 119 230 259 -1
907 9 259 -1
911 27 243 271 -1
912 9 214 -1
914 7 271 -1
926 6 243 -1
935 22 290 -1
937 46 271 -1
941 80 214 227 290 299 -1
943 30 243 271 299 -1
944 5 271 -1
946 110 204 271 -1
947 27 271 -1
948 29 271 -1
949 8 271 -1
954 34 290 -1
956 42 271 299 -1
959 12 259 -1
960 22 214 -1
967 16 243 -1
971 72 271 290 299 -1
974 36 204 271 -1
978 65 214 271 290 -1
981 16 271 -1
982 47 299 -1
986 77 290 -1
988 292 204 290 -1
993 238 214 298 299 -1
996 297 204 259 290 -1
998 30 243 -1
1000 60 290 -1
1006 138 214 227 230 259 298 -1
1003 18 290 -1
1013 23 243 259 271 -1
1009 44 271 299 -1
1022 14 243 -1
1024 41 290 -1
1028 7 271 -1
1029 135 227 243 271 299 -1
1033 6 271 -1
1034 33 271 -1
1037 86 204 230 -1
1038 6 271 -1
1051 46 290 -1
1055 196 204 214 227 259 290 298 -1
1062 156 227 271 -1
1063 29 243 299 -1
1064 16 243 -1
1067 2 243 -1
1065 7 243 -1
1066 5 243 271 -1
872 29 271 -1
1075 74 227 259 -1
1084 5 271 -1
1078 5 259 271 -1
1079 2 271 -1
1080 5 271 -1
1081 1 271 -1
1082 4 271 -1
1083 2 271 -1
1085 4 214 259 -1
1089 8 259 -1
1097 88 204 -1
1098 305 285 -1
1111 60 259 299 -1
1114 39 230 299 -1
1125 37 214 -1
1126 2 214 -1
1129 62 214 290 -1
1132 57 204 259 -1
1133 399 230 298 299 -1
1135 115 204 299 -1
1137 135 259 285 298 -1
1142 48 299 -1
1151 472 204 214 230 290 -1
922 149 204 259 290 299 -1
1160 24 227 299 -1
1164 39 290 299 -1
1166 599 204 214 222 285 290 -1
1167 158 290 299 -1
1179 10 214 -1
1182 7 299 -1
1193 31 290 -1
1195 5 259 -1
1198 4 285 -1
1200 107 290 -1
1201 35 298 -1
1204 61 290 -1
1210 218 204 230 298 -1
1211 79 285 290 -1
1230 33 290 -1
1234 16 299 -1
1235 20 227 299 -1
1236 103 290 -1
1241 35 230 -1
1247 77 204 298 -1
1253 51 204 -1
1259 45 227 -1
1261 8 298 -1
1278 69 259 290 299 -1
1279 124 204 227 259 290 -1
1280 4 290 -1
1286 65 299 -1
1285 31 290 -1
1292 7 259 299 -1
1297 76 204 290 -1
1305 290 204 214 290 -1
1306 20 298 -1
1319 181 204 230 290 -1
1327 1 299 -1
1328 2 299 -1
1325 1 299 -1
1329 3 299 -1
1326 6 299 -1
1335 62 290 -1
1349 2 259 -1
1350 117 259 -1
1351 1 259 -1
1352 121 230 259 285 298 -1
1359 3 259 -1
1353 30 259 -1
1360 22 259 285 290 -1
1354 8 259 -1
1355 3 259 -1
1361 1 259 -1
1356 20 259 290 -1
1362 4 259 -1
1357 91 259 285 298 -1
1358 18 259 -1
1367 40 204 285 -1
1374 462 204 230 285 290 298 -1
1380 63 214 230 -1
1386 61 298 -1
1390 32 290 -1
1395 199 204 298 -1
1428 183 290 298 -1
1184 79 204 214 -1
1462 48 204 230 -1
1465 8 214 -1
1468 20 290 -1
1469 7 290 -1
1470 156 290 -1
1471 72 204 214 -1
1473 91 204 -1
1483 52 290 -1
1487 117 230 298 -1
1489 64 204 -1
1492 157 230 298 -1
1496 210 230 285 -1
1500 48 204 214 -1
1506 41 290 -1
1521 99 298 -1
1522 139 290 -1
1525 35 298 -1
1538 81 298 -1
1534 2 230 -1
1552 81 285 -1
1549 587 204 214 290 298 -1
1555 79 204 -1
1583 87 290 -1
1585 102 204 214 290 -1
1594 114 285 298 -1
1608 355 214 230 285 290 298 -1
1614 73 204 214 -1
1615 162 230 285 290 298 -1
1644 48 230 -1
1564 27 290 -1
1701 112 214 -1
1697 70 285 -1
1700 93 290 -1
1711 9 230 -1
1703 1 230 -1
1704 1 230 -1
1705 47 214 230 -1
1706 4 230 -1
1707 34 230 -1
1708 1 230 -1
1709 6 230 -1
1710 1 230 -1
1717 96 204 214 -1
1729 19 214 -1
1733 42 298 -1
1734 55 290 -1
1741 9 214 -1
1769 67 214 -1
1772 141 285 -1
1759 5 290 -1
1751 35 204 214 290 -1
1783 57 204 -1
679 3 214 -1
1814 105 290 -1
1820 90 204 290 -1
1836 16 214 -1
1837 28 290 -1
1847 47 285 -1
1848 16 204 -1
1862 2 290 -1
1875 33 204 -1
1896 51 285 290 -1
1919 112 214 290 -1
1922 204 204 285 290 -1
1962 31 285 -1
1966 18 290 -1
1972 181 204 -1
1982 29 214 -1
2062 121 285 -1
2072 121 285 -1
2093 55 285 -1
2102 45 285 -1
2114 39 290 -1
2117 23 204 -1
2130 8 290 -1
2133 129 214 -1
2139 3 285 -1
2145 145 204 -1
2174 65 214 -1
2209 31 204 -1
2230 49 214 -1
2229 143 285 -1
2237 241 204 -1
2240 108 204 285 -1
2256 247 214 -1
2290 120 204 -1
2296 2 214 -1
2297 164 204 214 -1
2323 111 204 290 -1
2326 252 204 285 -1
2368 17 290 -1
2371 124 214 -1
2376 26 290 -1
2417 7 290 -1
2472 75 214 -1
2473 103 290 -1
2476 35 290 -1
2485 324 204 290 -1
2502 30 214 -1
2508 13 214 290 -1
2535 47 204 -1
2541 37 204 290 -1
2542 93 204 -1
2547 105 204 -1
2549 70 290 -1
2557 77 214 -1
2559 82 214 290 -1
2560 180 204 290 -1
2564 50 204 -1
2565 893 204 214 285 290 -1
2474 142 204 290 -1
2623 108 204 -1
2647 18 214 -1
2651 269 204 285 290 -1
2653 113 204 -1
2657 44 204 -1
2658 307 204 -1
2676 7 214 -1
2700 168 204 285 -1
2701 19 204 -1
2686 156 204 -1
2702 80 204 290 -1
2703 61 204 285 -1
2688 618 204 285 290 -1
2704 75 290 -1
2660 164 204 285 -1
2693 149 204 285 -1
2737 16 290 -1
2752 7 290 -1
2778 22 214 -1
2790 173 204 -1
2822 43 214 -1
2654 104 285 -1
2860 5 214 -1
2866 6 214 -1
2867 3 214 -1
2861 1 214 -1
2868 1 214 -1
2869 1 214 -1
2862 4 214 -1
2863 5 214 -1
2870 1 214 -1
2871 282 204 214 290 -1
2864 1 214 -1
2865 2 214 -1
2872 87 214 290 -1
2901 4 290 -1
2900 29 204 285 290 -1
2940 123 285 290 -1
2953 10 290 -1
2972 357 222 -1
3007 15 290 -1
3000 43 285 -1
3009 51 204 -1
3005 28 290 -1
3006 31 290 -1
2707 103 290 -1
3021 7 285 -1
3025 4 290 -1
3026 175 290 -1
3031 50 204 -1
3033 45 204 -1
2713 200 204 285 -1
3053 9 204 -1
3066 1 290 -1
3095 37 285 -1
2842 124 204 285 -1
3120 8 285 -1
3144 88 204 -1
3148 26 204 -1
3180 24 285 -1
3189 10 204 -1
3202 8 204 -1
3304 31 285 -1
3305 5 285 -1
3345 35 204 -1
3352 273 285 -1
3380 42 204 -1
3411 1 285 -1
3412 1 285 -1
3449 314 222 -1
3461 101 222 -1
3513 4 204 -1
3386 12 204 -1
3530 3 204 -1
3666 144 222 -1
4070 111 222 -1
4150 16 291 -1
4186 6 291 -1
4468 18 222 -1
5155 24 222 -1