6 302 6624 -1
99 24 6634 -1
103 68 6624 6665 -1
68 275 6634 6682 -1
109 190 6600 6665 6699 -1
136 99 6628 6634 6670 -1
143 94 6600 6634 -1
155 28 6665 -1
163 9 6691 -1
172 123 6634 -1
173 334 6606 -1
335 46 6634 -1
406 34 6624 -1
425 79 6613 -1
457 732 6600 6606 6613 6632 6634 6663 6665 6668 6682 6685 6686 6699 -1
600 214 6613 -1
663 158 6634 -1
695 118 6634 -1
737 232 6613 6618 6624 6628 6634 6663 6665 -1
742 93 6624 -1
766 773 6600 6624 6632 6665 6699 -1
789 317 6606 -1
825 165 6600 6628 -1
840 7 6618 -1
856 91 6665 -1
988 292 6618 6634 -1
1008 8 6682 -1
1009 44 6665 -1
1037 86 6634 -1
1042 41 6686 -1
1055 196 6665 -1
1074 95 6600 6613 6632 6663 6665 6670 6699 -1
1098 305 6624 6665 -1
1125 37 6665 -1
1151 472 6600 6632 -1
1166 599 6634 6665 -1
1374 462 6624 6634 -1
1542 244 6624 6634 -1
1549 587 6624 6634 -1
1612 68 6624 6634 -1
1661 66 6600 -1
1701 112 6624 -1
1748 76 6634 -1
1762 47 6613 6632 6665 6699 -1
1799 48 6665 -1
1811 43 6699 -1
1835 73 6634 -1
1896 51 6699 -1
1951 29 6632 -1
1964 13 6621 -1
1972 181 6600 -1
1990 36 6613 -1
2009 63 6624 -1
2145 145 6634 -1
2226 28 6634 -1
2237 241 6624 -1
2240 108 6634 -1
2328 215 6665 -1
2369 189 6632 6634 6665 -1
2381 71 6613 6665 -1
2384 72 6624 -1
2417 7 6628 -1
2440 50 6699 -1
2458 6 6600 -1
2481 8 6634 -1
2485 324 6600 -1
2502 30 6634 -1
2506 46 6634 -1
2516 44 6634 -1
2547 105 6699 -1
2560 180 6665 -1
2564 50 6600 -1
2565 893 6613 6618 6624 6634 6665 -1
2605 64 6600 -1
2658 307 6634 6665 -1
2677 40 6624 -1
2688 618 6600 6624 6632 6665 -1
2693 149 6613 -1
2811 19 6634 -1
2905 4 6613 -1
2940 123 6600 6682 -1
2972 357 6600 6611 6632 6670 6699 -1
2983 28 6618 6634 -1
3027 39 6600 -1
3028 189 6668 6670 6685 6686 -1
3032 216 6600 -1
3088 37 6634 6699 -1
3092 81 6600 -1
2003 63 6634 -1
3142 49 6618 6634 -1
3297 51 6618 6634 -1
3310 18 6634 -1
3345 35 6600 6632 -1
3348 25 6634 -1
3381 180 6600 6624 6632 6634 6699 -1
3439 88 6600 6632 6634 6663 6699 -1
3447 271 6600 6606 6618 6634 -1
3453 319 6606 6663 6699 -1
3457 166 6686 -1
3459 92 6606 6665 6699 -1
3462 54 6632 6634 -1
3466 17 6606 -1
3522 71 6634 -1
3586 156 6613 6665 6680 -1
3641 212 6613 -1
3642 362 6600 6613 6624 6628 6632 6634 6663 6665 6699 -1
3658 39 6624 -1
3662 10 6634 -1
3691 95 6665 -1
3787 232 6613 6634 -1
3806 45 6606 -1
3809 2 6634 -1
3814 47 6624 -1
3854 82 6699 -1
3910 33 6628 6634 -1
3919 15 6628 -1
3969 90 6665 -1
4036 147 6665 -1
4045 257 6600 6624 6632 6699 -1
4046 89 6634 -1
4063 27 6634 -1
4065 131 6699 -1
4076 86 6634 -1
4126 2 6624 -1
4134 2 6600 -1
4144 76 6634 -1
4151 84 6600 -1
4169 9 6613 -1
4200 5 6634 -1
4273 23 6613 -1
4297 38 6699 -1
4338 40 6613 -1
4353 80 6634 -1
4364 39 6634 -1
4437 70 6624 6634 -1
4441 202 6634 -1
4483 153 6618 6634 6665 -1
4488 50 6618 6634 -1
4507 2 6634 -1
4550 100 6600 -1
4574 40 6624 -1
4598 71 6634 -1
4604 7 6621 -1
4632 228 6618 6634 6665 -1
4662 46 6624 6665 -1
4673 96 6600 6628 6632 6634 6685 -1
4687 23 6613 -1
4712 121 6606 -1
4764 53 6665 -1
4788 20 6618 -1
4792 62 6634 6665 -1
4829 78 6699 -1
4879 28 6665 -1
4894 79 6686 -1
4926 7 6634 -1
4948 214 6618 6634 6665 -1
4964 60 6682 -1
4967 361 6600 6606 6624 6632 6634 6661 6668 6682 6699 -1
4974 44 6665 -1
2346 4 6661 -1
5002 115 6600 6618 6628 6665 -1
5012 14 6613 -1
5022 172 6600 6628 6632 6634 6661 6663 6665 -1
5028 43 6665 -1
5038 5 6632 -1
5059 26 6634 -1
5079 271 6618 6632 6665 6699 -1
5102 54 6681 -1
5103 127 6600 6624 6634 -1
4828 168 6613 6624 6628 6665 -1
5125 54 6634 -1
5140 51 6600 -1
5166 48 6606 6613 -1
5173 122 6634 6665 6681 -1
4795 73 6628 6634 -1
5177 101 6613 6621 6665 -1
5178 19 6665 6686 -1
4310 278 6613 6665 -1
5179 217 6600 6618 6634 6665 -1
5185 152 6600 6613 6632 6665 6699 -1
5188 211 6600 6613 6624 6632 6665 6699 -1
5189 312 6606 6613 6618 6634 6665 -1
5196 32 6665 -1
5201 15 6665 -1
5217 21 6634 -1
5226 17 6634 -1
5254 33 6628 -1
5321 32 6632 -1
5342 30 6618 -1
5391 37 6624 -1
5432 4 6682 -1
5439 66 6686 -1
5445 63 6665 -1
5454 19 6634 -1
5455 8 6600 -1
5466 2 6634 -1
5524 389 6600 6613 6618 6624 6632 6634 6665 6699 -1
5531 243 6600 6613 6632 6634 6665 6699 -1
5543 137 6624 -1
5551 8 6634 -1
5553 46 6624 6634 -1
5582 105 6613 6624 6634 6665 6699 -1
5596 30 6668 6685 -1
5612 66 6600 -1
5624 28 6600 -1
5630 36 6665 -1
5655 139 6699 -1
5692 21 6624 6634 6661 -1
5696 50 6613 6634 6665 -1
5697 230 6613 6624 6632 6634 6663 6665 6668 6699 -1
5738 14 6624 -1
5739 45 6624 6686 -1
5741 13 6618 -1
5763 4 6699 -1
5769 4 6634 -1
5771 9 6634 -1
5773 75 6624 6634 -1
5796 191 6600 6665 -1
5799 23 6618 -1
5800 222 6618 6624 6628 6632 6634 6665 -1
5802 385 6600 6606 6613 6618 6624 6628 6632 6634 6663 6665 6686 6699 -1
5806 83 6665 6686 -1
5804 33 6600 6634 6661 -1
5810 29 6600 -1
5811 79 6613 6624 6634 -1
5812 41 6618 -1
5814 144 6618 6634 6665 6699 -1
5816 84 6600 6624 6634 -1
5817 75 6606 -1
5818 67 6613 -1
5819 61 6632 -1
5822 98 6613 6632 6634 6663 -1
5824 41 6624 6665 -1
5839 41 6600 6618 6634 6663 -1
5857 92 6632 6634 -1
5862 24 6632 -1
5872 27 6618 6634 6665 -1
5897 2 6634 -1
5871 50 6699 -1
5927 10 6634 -1
5932 33 6665 -1
5934 42 6600 6613 6665 6699 -1
5950 4 6634 -1
5980 8 6634 -1
5998 81 6600 6618 6632 6634 6665 -1
6006 68 6613 6634 6641 -1
6026 3 6682 -1
6032 80 6618 6634 6665 -1
6038 6 6634 -1
6072 54 6634 -1
6151 13 6618 -1
6165 4 6606 -1
6170 14 6628 6663 -1
6217 31 6600 6665 -1
6218 53 6634 -1
6220 18 6634 -1
6221 31 6613 -1
6223 17 6632 -1
6241 75 6665 -1
6243 35 6606 6628 6634 6665 -1
6271 11 6634 -1
6272 76 6606 6634 6665 -1
6299 78 6624 6634 6665 -1
6305 190 6613 6624 6632 6634 6665 6699 -1
6314 10 6663 -1
6346 17 6624 -1
6359 81 6600 6624 6634 6665 6699 -1
6377 17 6665 -1
6327 108 6624 6634 6665 6670 -1
6394 8 6634 -1
6414 21 6634 -1
6422 11 6634 -1
6421 23 6634 6670 -1
6443 70 6600 6634 -1
6458 28 6600 6606 6613 6670 -1
6483 28 6606 6621 6628 6632 6661 6668 -1
6486 85 6600 6606 6624 6634 6665 -1
6488 22 6628 6634 -1
6504 7 6600 -1
6510 54 6665 -1
6518 33 6634 6665 -1
6523 33 6634 -1
6525 17 6613 6634 -1
6460 58 6699 -1
6537 5 6606 -1
6538 21 6665 -1
6545 5 6663 -1
6555 35 6699 -1
6563 58 6634 -1
6577 10 6699 -1
6596 177 6618 6634 -1
6601 1 6600 -1
6602 1 6600 -1
6603 1 6600 -1
6604 1 6600 -1
6605 10 6600 6632 6634 -1
6608 18 6665 -1
6618 91 6634 -1
6619 104 6634 -1
6615 160 6624 -1
6622 5 6623 -1
6624 135 6665 -1
6625 3 6634 -1
6627 50 6634 6663 -1
6626 9 6634 6665 6682 -1
6636 2 6634 -1
6633 1 6634 -1
6635 9 6634 -1
6639 1 6641 -1
6655 7 6624 6665 -1
6660 1 6661 -1
6665 29 6699 -1
6666 6 6699 -1
6683 3 6682 6685 6686 -1
6684 1 6685 -1
6687 1 6691 -1
6688 1 6691 -1
6689 1 6691 -1
6690 1 6691 -1
6697 1 6699 -1
6698 1 6699 -1
3293 10 6665 -1
6714 100 6665 -1
6729 1 6665 -1
6730 1 6665 -1
6731 1 6665 -1
6732 1 6665 -1
6760 2 6618 -1
6768 1 6613 -1
6772 77 6618 -1
6774 24 6618 -1
6784 42 6634 -1
6789 11 6634 -1
6790 11 6624 -1
6855 14 6634 -1
6859 11 6634 -1
6620 93 6624 6634 -1
6865 19 6618 -1
6875 15 6634 -1
6885 19 6634 -1
6913 44 6624 6634 -1
6914 95 6618 6634 6665 -1
6906 49 6634 -1
6907 191 6618 6634 6665 -1
6916 54 6618 -1
6917 3 6634 -1
6934 65 6618 6624 6634 6665 -1
6941 57 6634 6665 -1
6945 18 6634 -1
6316 19 6665 -1
6993 81 6624 -1
7005 13 6634 -1
7035 2 6624 -1
7043 14 6634 -1
7052 142 6665 -1
7053 31 6618 6634 -1
7047 161 6618 6634 -1
7055 98 6634 6665 -1
7057 118 6618 6634 6665 -1
7062 4 6634 -1
7038 7 6634 -1
6946 68 6634 6665 -1
7086 123 6618 6634 6665 -1
7092 93 6618 6665 -1
5015 14 6634 -1
7089 2 6634 -1
7096 5 6634 -1
7095 1 6634 -1
7104 15 6665 -1
6994 19 6634 -1
7183 9 6665 -1
7223 1 6665 -1
7225 47 6665 -1
7226 4 6665 -1
7227 12 6665 -1
7228 7 6665 -1
7229 7 6665 -1
5143 16 6665 -1
7230 4 6665 -1
7231 101 6665 -1
7238 9 6618 -1
7266 6 6634 -1
7279 19 6618 -1
7280 89 6618 -1
7301 27 6634 -1
7294 39 6618 -1
7350 21 6618 -1
7386 25 6618 -1
7391 52 6634 -1
7578 28 6618 -1
7625 6 6634 -1
7050 5 6634 -1
7675 25 6618 -1
7679 26 6634 -1
7685 13 6618 6634 -1
7697 19 6634 -1
7727 30 6634 -1
7733 45 6618 6634 -1
7744 50 6618 6634 -1
7755 13 6634 -1
7790 4 6634 -1
7808 12 6634 -1
7865 24 6618 -1
7882 11 6618 -1
7901 30 6618 6634 -1
7904 6 6634 -1
7924 2 6634 -1
7928 3 6634 -1
7929 4 6634 -1
7938 2 6634 -1
7964 11 6618 -1
7968 3 6634 -1
8042 1 6634 -1
8045 7 6634 -1
8046 16 6618 -1
8047 20 6618 6634 -1
8054 2 6634 -1
8085 16 6618 6634 -1
8107 13 6618 6634 -1
8152 10 6618 -1
8156 5 6618 -1
8157 2 6634 -1
8211 11 6618 -1
8222 6 6634 -1
8050 9 6618 -1
8243 6 6618 6634 -1
8251 1 6618 -1
8252 1 6634 -1
8253 1 6634 -1
8254 1 6634 -1
8255 1 6634 -1
8256 1 6634 -1