6 302 1610 1619 1641 1648 1652 1654 1657 1662 1669 1679 1689 1692 -1
9 81 1618 1652 -1
11 743 1608 1610 1613 1619 1621 1622 1628 1629 1633 1637 1638 1641 1646 1648 1649 1652 1653 1654 1657 1658 1661 1662 1669 1672 1679 1680 1687 1688 1689 1692 1697 -1
12 65 1629 1638 -1
16 15 1672 -1
20 187 1604 1680 1692 -1
23 74 1638 -1
24 309 1608 1622 1633 1641 1646 1658 1669 1697 -1
28 133 1604 1608 1638 -1
36 227 1608 1621 -1
42 89 1604 -1
47 146 1603 -1
58 38 1697 -1
59 94 1604 1633 -1
72 164 1621 1622 1637 -1
78 41 1652 1654 1662 -1
86 122 1672 -1
71 109 1636 -1
87 195 1604 -1
89 29 1612 -1
90 72 1628 1637 1638 -1
103 68 1669 -1
68 275 1633 1637 1646 1680 1688 -1
109 190 1622 1628 1679 -1
122 213 1637 1653 -1
113 89 1633 -1
128 80 1613 1669 -1
132 29 1633 -1
136 99 1622 1633 -1
142 25 1648 1661 -1
147 58 1678 -1
145 18 1633 -1
151 74 1633 1638 1648 1649 1652 1654 1661 1662 -1
154 61 1628 -1
161 32 1633 -1
171 70 1619 1638 1689 1692 -1
172 123 1633 1679 -1
173 334 1603 1604 1613 1618 1619 1621 1628 1629 1633 1638 1641 1649 1652 1654 1658 1661 1662 1672 1689 1692 1697 -1
74 69 1633 -1
176 39 1603 -1
180 54 1622 -1
185 4 1679 -1
187 37 1638 -1
199 17 1603 1633 1662 -1
204 12 1608 -1
215 100 1608 1610 1628 -1
224 13 1633 -1
230 6 1610 -1
236 39 1679 -1
237 41 1646 -1
254 25 1612 -1
259 56 1652 -1
269 30 1661 -1
280 76 1608 -1
282 39 1603 1633 -1
290 71 1622 -1
249 15 1638 1648 1652 1654 -1
304 79 1622 1652 1654 1662 -1
306 244 1633 1646 -1
308 142 1604 1622 1654 1661 1672 -1
310 230 1603 1619 1633 1641 1646 1649 1672 -1
311 321 1603 1608 1618 1622 1633 1638 1641 1649 1658 1697 -1
312 227 1603 1604 1619 1638 1641 1648 1649 1654 1661 1672 1692 -1
317 140 1603 1622 1641 1661 -1
319 199 1622 1669 1680 1697 -1
336 31 1633 -1
371 117 1633 -1
374 3 1652 -1
376 37 1633 -1
383 45 1646 -1
406 34 1648 1661 -1
407 145 1622 1629 1633 1641 1648 1652 1654 1658 1661 1662 -1
325 25 1688 -1
432 157 1608 1621 1622 1628 1648 1661 1669 -1
457 732 1600 1604 1622 1628 1633 1638 1648 1654 1658 1679 1680 -1
546 142 1621 1658 1680 1697 -1
560 8 1638 -1
575 3 1662 -1
582 34 1688 -1
584 5 1600 1638 -1
600 214 1633 1661 -1
613 2 1638 -1
634 150 1688 1689 -1
635 66 1621 -1
650 98 1608 -1
663 158 1603 1661 1688 -1
686 83 1600 1603 1658 -1
689 47 1613 -1
691 24 1622 -1
695 118 1603 1638 1657 1687 -1
704 81 1603 1633 -1
706 95 1636 1649 1652 1654 1661 1662 1669 1672 1680 -1
707 123 1600 1603 1608 1621 1661 1662 -1
710 105 1633 1648 -1
712 19 1603 1604 1622 1697 -1
715 23 1637 -1
722 264 1603 1612 1633 1637 1641 1646 1669 -1
697 100 1636 -1
749 66 1629 1637 -1
759 77 1697 -1
763 68 1633 -1
766 773 1608 1621 1622 1633 1646 1653 1680 1688 -1
762 50 1697 -1
769 146 1604 1629 1633 1637 1652 -1
771 7 1641 -1
784 224 1610 1622 1633 1652 1654 1662 1679 1688 -1
789 317 1633 1638 1646 1653 1657 1658 1678 1680 -1
791 41 1633 -1
794 18 1633 1638 -1
795 60 1603 1653 1692 -1
798 16 1648 -1
805 90 1603 1604 1628 1633 1658 -1
810 34 1679 -1
813 272 1603 1608 1646 1653 1658 1661 -1
816 29 1648 1697 -1
826 249 1600 1604 1613 1618 1619 1622 1633 1636 1638 1641 1653 1661 1672 1679 1680 1687 -1
825 165 1680 -1
836 26 1621 -1
841 61 1653 1680 -1
844 45 1629 -1
842 30 1688 -1
854 99 1637 1672 1679 -1
856 91 1679 -1
852 39 1638 1649 1654 1692 -1
861 16 1608 -1
869 11 1654 -1
870 38 1603 1641 1654 1687 -1
871 59 1612 1633 -1
904 119 1610 1629 1633 1649 1678 -1
918 17 1633 -1
920 10 1669 -1
928 21 1687 -1
937 46 1621 -1
941 80 1621 1622 -1
943 30 1622 1633 -1
946 110 1633 1653 -1
947 27 1679 -1
954 34 1669 -1
956 42 1613 -1
960 22 1633 -1
933 18 1697 -1
971 72 1603 -1
978 65 1641 1661 1680 -1
981 16 1603 -1
986 77 1679 -1
988 292 1608 1633 1679 1688 -1
993 238 1603 1608 1621 1622 1629 1633 1637 1641 1646 1661 1679 1689 1697 -1
994 45 1633 -1
996 297 1608 1613 1621 1633 1637 1638 1646 1648 1653 1678 -1
998 30 1603 1652 1654 1661 1662 -1
1000 60 1600 -1
1006 138 1600 1603 1610 1613 -1
1024 41 1637 1641 -1
1029 135 1654 1661 1662 1679 -1
1031 19 1621 -1
1032 39 1603 1622 1658 1680 -1
1034 33 1603 -1
1037 86 1613 1622 1633 1648 -1
1038 6 1618 -1
1043 21 1658 -1
1051 46 1629 1633 1662 1680 -1
1055 196 1622 1633 1638 1648 1649 1652 1654 1661 1662 1679 1687 -1
1062 156 1621 1633 1658 1688 -1
1063 29 1603 -1
1064 16 1654 1680 -1
872 29 1648 1653 1654 1662 1672 1689 -1
1075 74 1622 -1
1097 88 1633 1637 -1
1098 305 1608 1613 1633 1646 1653 -1
1432 1 1697 -1
1128 13 1641 -1
1127 62 1604 1610 1621 1633 1652 1653 1658 1662 1672 -1
1129 62 1618 1622 1689 -1
1132 57 1637 -1
1133 399 1619 1622 1661 1679 1680 1688 -1
1135 115 1646 1664 -1
1137 135 1608 1637 1646 -1
1142 48 1603 1689 -1
1143 14 1621 -1
1150 8 1622 -1
1151 472 1603 1608 1613 1621 1622 1633 1646 1680 1697 -1
922 149 1610 1618 1621 1622 1633 1654 1661 1687 -1
1164 39 1653 1658 -1
1165 13 1679 -1
1166 599 1622 1633 1637 1653 1678 1679 1680 1688 1697 -1
1167 158 1600 1603 1608 1612 1618 1633 1641 1661 1678 -1
1169 29 1633 -1
1183 9 1653 -1
1185 43 1633 1648 1662 -1
1193 31 1661 1669 -1
1200 107 1633 1637 1679 -1
1201 35 1603 -1
1202 66 1604 1608 1622 1661 1697 -1
1203 22 1633 1679 1692 1697 -1
1204 61 1618 1633 1648 1662 1679 -1
1207 26 1633 1652 1662 1680 -1
1210 218 1608 1658 1678 -1
1211 79 1648 1661 1678 1680 -1
1215 65 1621 1633 -1
1221 77 1603 1608 1688 -1
1230 33 1621 -1
1236 103 1600 1603 1610 1618 1622 1633 1641 1661 -1
1241 35 1618 1633 1661 -1
1247 77 1633 1662 -1
1248 21 1649 -1
1253 51 1600 1610 1636 1652 1679 -1
1259 45 1633 -1
1267 61 1608 1672 -1
1278 69 1618 1622 1633 1648 -1
1279 124 1608 1610 1618 1619 1629 1633 1638 1641 1649 1652 1654 1661 1662 1672 -1
1286 65 1688 -1
1284 20 1688 1697 -1
1285 31 1688 -1
1297 76 1633 1679 -1
1305 290 1600 1603 1604 1608 1633 1637 1646 1648 1653 1679 -1
1319 181 1603 1604 1608 1618 1622 1628 1633 1638 1641 1648 1654 1658 1678 1680 1697 -1
1322 12 1633 -1
1329 3 1633 1638 -1
1335 62 1610 1618 1628 1638 1672 1680 -1
1350 117 1608 1610 1619 1621 1622 1628 1633 1638 1649 1652 1657 1658 1661 1662 1672 1678 1680 -1
1352 121 1603 1608 1618 1622 1628 1629 1638 1649 1658 1661 1679 1697 -1
1356 20 1638 -1
1357 91 1603 1604 1619 1622 1641 1649 1661 1672 1679 -1
1367 40 1679 -1
1368 33 1622 -1
1374 462 1633 1637 1646 1648 1653 1679 1680 -1
1377 33 1652 1661 -1
1380 63 1621 1638 -1
1381 52 1610 1613 1622 1662 1688 -1
1386 61 1622 1641 1649 -1
1390 32 1679 -1
1395 199 1603 1604 1608 1613 1618 1621 1628 1641 1669 1697 -1
1400 3 1633 -1
1416 13 1633 -1
1420 12 1633 1638 1654 -1
1423 8 1648 -1
1424 52 1600 1603 1608 1618 1622 -1
1428 183 1613 1619 1622 1628 1629 1633 1636 1648 1649 1654 1661 1662 1672 1679 1680 1697 -1
1441 41 1610 1612 1638 1662 -1
1447 7 1618 1641 -1
1451 3 1618 -1
1462 48 1633 -1
1463 26 1653 -1
1466 24 1633 -1
1469 7 1603 1608 1672 -1
1470 156 1603 1622 1641 1658 1661 -1
1471 72 1603 1612 1628 1636 1641 1661 1672 -1
1473 91 1608 1646 1679 1688 1692 1697 -1
1480 44 1622 1628 1633 1658 -1
1482 26 1621 1622 1697 -1
1483 52 1633 1649 -1
1487 117 1610 1618 1619 1622 1629 1633 1638 1641 1648 1654 1658 1661 1662 1669 1672 1679 1689 1692 -1
1489 64 1600 1608 1621 1622 1653 1657 1662 1680 -1
1492 157 1600 1603 1618 1619 1621 1622 1633 1641 1649 1652 1654 1658 1661 1689 1692 -1
1496 210 1603 1610 1618 1621 1622 1633 1646 1648 1653 1654 1658 1697 -1
1499 12 1612 1658 -1
1500 48 1612 -1
1501 38 1633 1687 -1
1506 41 1649 1652 1654 1662 1672 1679 1680 -1
1503 3 1638 -1
1504 6 1633 -1
1521 99 1608 1621 1633 1679 -1
1522 139 1628 1637 1688 -1
1524 4 1692 -1
1525 35 1628 1633 1649 1652 1654 1669 -1
1538 81 1610 1618 1622 1697 -1
1535 2 1604 -1
1537 68 1622 -1
1542 244 1608 1628 1648 -1
1552 81 1628 1633 1646 -1
1553 20 1600 1608 1680 -1
1549 587 1603 1608 1613 1618 1619 1621 1622 1628 1633 1641 1646 1648 1653 1658 1661 1672 1678 1679 1680 1688 1697 -1
1555 79 1608 1622 1629 1633 1636 1641 1658 1672 1679 1689 1692 1697 -1
1566 46 1628 -1
1582 13 1654 1679 -1
1583 87 1600 1604 1608 1619 1621 1633 1637 -1
1585 102 1618 1622 1641 1646 1654 1661 1672 1679 1697 -1
1589 13 1600 1603 1612 1638 1679 -1
1594 114 1610 1619 1622 1628 1629 1638 1641 1649 1652 1654 1658 1661 1662 1669 1689 1692 1697 -1
1596 29 1633 -1
1599 3 1600 -1
1571 24 1603 1621 1638 1652 1661 -1
1601 4 1603 -1
1602 1 1603 -1
1604 4 1603 -1
1605 10 1654 1657 -1
1607 2 1661 -1
1608 355 1604 1610 1612 1613 1619 1621 1622 1628 1629 1633 1641 1648 1649 1654 1662 1669 1672 1678 1687 1689 1692 -1
1610 12 1641 -1
1613 15 1610 -1
1614 73 1621 1622 1628 1669 -1
1615 162 1618 1619 1622 1628 1633 1636 1638 1641 1648 1649 1652 1654 1657 1658 1661 1662 1669 1672 1679 1680 1689 1697 -1
1617 1 1618 -1
1621 80 1622 1697 -1
1628 12 1629 1669 -1
1630 2 1633 -1
1631 6 1610 1633 -1
1632 3 1633 1661 -1
1638 3 1637 1661 -1
1637 1 1638 -1
1639 36 1621 1637 1638 -1
1644 48 1661 -1
1645 2 1648 -1
1646 5 1648 -1
1651 1 1652 -1
1653 2 1654 -1
1658 9 1661 1697 -1
1659 1 1661 -1
1660 1 1661 -1
1564 27 1622 1679 1687 -1
1667 55 1628 1669 1680 -1
1668 5 1669 -1
1670 18 1646 -1
1683 2 1641 -1
1685 1 1641 -1
1684 9 1641 1653 -1
1690 2 1692 -1
1691 50 1622 1692 -1
1693 6 1610 -1
1701 112 1621 1648 -1
1696 4 1622 -1
1697 70 1633 -1
1700 93 1622 1697 -1
1711 9 1697 -1
1707 34 1678 1697 -1
1717 96 1622 1658 1697 -1
1719 10 1622 -1
1734 55 1633 -1
1748 76 1637 1646 -1
1749 68 1633 1646 -1
1754 23 1658 -1
1756 89 1608 1622 1628 1658 1697 -1
1757 16 1628 -1
1763 1 1687 -1
1767 97 1628 -1
1769 67 1680 -1
1772 141 1621 1622 1637 1646 -1
1783 57 1621 -1
1789 11 1658 -1
1795 44 1633 -1
1799 48 1628 -1
1800 20 1628 -1
1811 43 1633 1648 -1
1803 19 1613 -1
1808 129 1608 1621 1622 1680 -1
1813 41 1688 -1
1820 90 1621 1633 1646 1653 -1
1821 7 1633 -1
1836 16 1608 1622 -1
1838 57 1622 -1
1855 12 1622 1697 -1
1868 22 1613 -1
1886 4 1697 -1
1888 36 1613 1646 -1
1891 36 1633 1678 -1
1914 2 1658 -1
1915 33 1658 -1
1916 1 1658 -1
1917 1 1658 -1
1919 112 1608 1613 1622 1697 -1
1922 204 1633 1679 -1
1925 22 1633 -1
1948 14 1608 1621 -1
1962 31 1622 1697 -1
1972 181 1633 -1
1977 34 1608 1621 -1
1952 3 1622 -1
1980 47 1622 -1
1985 56 1621 1622 1633 -1
1988 1 1622 -1
1989 1 1622 -1
1990 36 1622 -1
1991 66 1622 1633 1637 1646 1653 -1
1992 16 1622 -1
1993 3 1622 -1
1997 88 1608 1613 1621 1697 -1
1794 26 1633 -1
2049 3 1697 -1
2050 4 1697 -1
2051 1 1697 -1
2052 14 1697 -1
2061 4 1646 -1
2062 121 1613 1621 1633 1678 -1
2065 50 1633 -1
2069 17 1608 -1
2072 121 1608 1621 1637 1646 1653 -1
2085 28 1608 -1
2093 55 1608 -1
2102 45 1633 -1
2111 4 1688 -1
2118 113 1633 1646 -1
2120 122 1608 1621 -1
2130 8 1646 -1
2133 129 1608 1621 1637 1646 1653 -1
2135 146 1633 -1
2145 145 1608 1637 1653 1679 -1
2156 41 1608 1621 1678 -1
2169 32 1621 -1
2171 16 1679 -1
2172 29 1608 -1
2174 65 1621 -1
2206 14 1608 -1
2209 31 1633 1646 1653 -1
2221 1 1613 -1
2222 1 1613 -1
2223 15 1613 -1
2230 49 1608 1633 -1
2231 66 1608 1637 -1
2229 143 1679 -1
2233 36 1608 -1
2236 75 1679 -1
2237 241 1633 1637 1688 -1
2241 14 1621 -1
2240 108 1608 1633 -1
2249 38 1608 -1
2251 25 1679 -1
2256 247 1608 1637 1646 1653 -1
2258 95 1648 -1
2264 58 1653 -1
2274 48 1608 -1
2280 1 1664 -1
2286 6 1621 -1
2285 17 1633 1679 -1
2297 164 1633 -1
2322 19 1621 -1
2323 111 1633 -1
2326 252 1621 1633 1688 -1
2328 215 1608 1621 1637 1646 1653 -1
2272 31 1633 1653 -1
2359 2 1621 -1
2360 3 1621 -1
2364 14 1679 -1
2375 49 1608 1637 1653 1688 -1
2381 71 1680 -1
2379 45 1688 -1
2387 66 1648 1680 -1
2407 4 1608 -1
2411 141 1633 1680 -1
2416 37 1633 -1
2427 11 1608 -1
2435 35 1633 1637 1646 -1
2462 4 1608 -1
2472 75 1637 -1
2473 103 1637 1646 1653 1688 -1
2480 7 1608 -1
2481 8 1608 -1
2482 3 1608 -1
2485 324 1637 1648 1688 -1
2488 21 1633 -1
2507 69 1633 1646 -1
2510 68 1633 1648 1653 -1
2542 93 1637 -1
2546 34 1633 -1
2547 105 1679 -1
2549 70 1648 -1
899 24 1637 1646 1653 -1
2555 12 1653 -1
2557 77 1637 1646 -1
2565 893 1633 1637 1646 1653 1679 1680 1688 -1
2576 146 1633 1679 1680 1688 -1
2578 12 1646 1653 -1
2596 13 1646 -1
2474 142 1646 -1
2605 64 1688 -1
2617 22 1646 1653 -1
2623 108 1633 -1
2647 18 1646 -1
2651 269 1688 -1
2653 113 1688 -1
2658 307 1680 1688 -1
2700 168 1633 1679 -1
2701 19 1633 -1
2686 156 1679 1688 -1
2687 13 1633 -1
2702 80 1633 1680 -1
2703 61 1633 1679 -1
2688 618 1633 1648 1679 1680 1688 -1
2660 164 1633 -1
2690 26 1679 -1
2692 19 1633 -1
2693 149 1633 -1
2696 64 1688 -1
2697 45 1633 -1
2698 15 1633 -1
2719 21 1637 -1
2740 28 1637 1646 1653 -1
2744 39 1637 -1
2748 1 1637 -1
2749 1 1637 -1
2757 5 1653 -1
2764 1 1646 -1
2765 29 1646 -1
2766 1 1646 -1
2767 1 1646 -1
2768 40 1646 -1
2775 35 1633 -1
2790 173 1633 -1
2815 11 1633 -1
2819 18 1633 -1
2654 104 1679 -1
2758 2 1679 -1
2838 21 1633 -1
2871 282 1679 1680 1688 -1
2872 87 1679 -1
2900 29 1633 -1
2903 8 1679 -1
2932 62 1648 1688 -1
2939 7 1633 -1
2940 123 1633 -1
2953 10 1688 -1
2967 238 1688 -1
2968 55 1633 1679 -1
2972 357 1680 1688 -1
2999 7 1633 -1
3000 43 1633 -1
3010 123 1633 -1
2707 103 1633 1679 -1
3020 52 1633 1679 -1
3026 175 1633 1688 -1
3028 189 1633 1679 -1
3031 50 1633 -1
3032 216 1680 -1
2713 200 1633 1679 -1
3039 14 1633 -1
3046 10 1633 -1
3053 9 1633 -1
3055 52 1633 -1
3081 20 1633 -1
3098 37 1679 -1
3095 37 1679 -1
3103 5 1688 -1
2842 124 1633 1679 -1
2003 63 1633 1679 -1
3123 3 1679 -1
3144 88 1633 1679 1688 -1
3145 18 1688 -1
3180 24 1633 -1
3189 10 1633 -1
3209 41 1679 -1
3225 13 1633 -1
3238 28 1688 -1
3258 95 1688 -1
3271 2 1688 -1
3278 2 1633 -1
3279 2 1679 -1
3291 58 1633 1679 -1
3292 8 1679 -1
3294 1 1679 -1
3297 51 1633 -1
3304 31 1633 -1
3290 36 1688 -1
3326 18 1688 -1
3338 3 1633 -1
3345 35 1633 -1
3352 273 1633 1680 1688 -1
3379 19 1633 -1
3388 15 1633 -1
3389 2 1633 -1
3391 4 1633 -1
3392 33 1633 -1
3393 10 1633 -1
3394 156 1633 1688 -1
3402 122 1688 -1
3404 89 1688 -1
3417 30 1688 -1
3447 271 1688 -1
3448 3 1688 -1
3449 314 1648 1680 1688 -1
3450 27 1688 -1
3452 131 1688 -1
3453 319 1680 1688 -1
3454 148 1688 -1
3455 68 1680 -1
3456 241 1688 -1
3457 166 1688 -1
3463 56 1688 -1
2524 7 1688 -1
3556 14 1680 -1
3568 147 1688 -1
3614 205 1648 -1
3615 144 1688 -1
3641 212 1680 1688 -1
3642 362 1648 -1
3665 20 1680 -1
3666 144 1648 1680 -1
3571 45 1688 -1
3748 30 1688 -1
3787 232 1680 -1
3796 113 1648 1688 -1
3798 23 1688 -1
3854 82 1688 -1
3919 15 1680 -1
3965 89 1688 -1
3969 90 1680 -1
3976 145 1648 -1
4013 21 1680 -1
4036 147 1648 -1
4040 104 1688 -1
4044 89 1688 -1
4045 257 1648 1680 1688 -1
4065 131 1688 -1
4070 111 1648 1680 -1
4142 37 1688 -1
4144 76 1680 -1
4150 16 1680 -1
4151 84 1688 -1
4152 43 1688 -1
4219 112 1680 -1
4222 41 1648 1688 -1
4261 24 1688 -1
4315 29 1680 -1
4379 5 1688 -1
4429 12 1688 -1
4433 24 1688 -1
4468 18 1688 -1
4483 153 1648 -1
4509 11 1688 -1
4535 5 1688 -1
4545 1 1688 -1
4547 45 1688 -1
4487 31 1680 -1
4632 228 1680 -1
4653 114 1680 -1
4686 57 1680 -1
4718 46 1680 -1
4726 15 1680 -1
4756 34 1680 -1
4818 28 1680 -1
4824 101 1648 -1
4829 78 1680 -1
4859 30 1680 -1
4899 169 1648 1680 -1
4909 2 1648 -1
4948 214 1680 -1
4966 25 1680 -1
4967 361 1648 -1
5002 115 1680 -1
5006 28 1680 -1
5020 139 1680 -1
5079 271 1680 -1
5106 33 1680 -1
5110 84 1680 -1
5155 24 1680 -1
5177 101 1648 -1
5180 49 1648 -1
5187 31 1648 -1
5188 211 1648 -1
5190 80 1648 -1
5195 4 1680 -1
5233 24 1680 -1
5232 2 1680 -1
5321 32 1648 -1
5606 28 1648 -1
5691 49 1648 -1
5697 230 1648 -1
5787 32 1648 -1
5819 61 1648 -1
5824 41 1648 -1