3 23 300 348 349 371 -1
25 90 300 302 306 308 310 322 325 339 348 349 356 358 363 370 371 373 377 379 -1
4 29 341 363 370 -1
6 302 300 301 304 306 317 319 322 325 339 348 349 356 358 359 362 363 370 371 373 377 378 379 390 391 392 394 396 -1
8 182 300 301 308 310 319 322 339 341 348 349 356 358 362 363 370 371 373 377 378 379 389 390 391 392 394 396 -1
9 81 325 339 348 356 363 370 377 378 379 390 391 392 394 -1
10 86 300 301 306 310 319 -1
11 743 306 308 310 313 317 319 322 325 332 334 338 350 372 -1
12 65 349 356 362 390 -1
13 11 302 341 -1
14 114 324 325 338 356 363 368 371 377 378 390 391 394 396 -1
15 50 368 -1
17 45 339 356 359 377 378 391 -1
18 12 308 -1
19 39 371 -1
20 187 306 308 310 321 322 325 339 348 350 363 368 370 371 377 378 379 391 -1
21 76 308 334 356 370 -1
23 74 300 302 304 308 313 325 -1
24 309 310 311 321 334 348 370 373 378 391 -1
54 7 356 373 394 -1
28 133 301 302 304 310 313 319 322 325 356 370 391 396 -1
33 24 396 -1
36 227 304 308 310 313 322 325 332 334 348 356 370 373 377 391 394 396 -1
35 65 300 339 348 356 362 370 373 377 378 379 390 391 394 -1
37 20 325 370 -1
38 14 302 -1
39 41 319 325 341 -1
26 95 300 301 306 310 325 339 341 348 349 356 358 359 362 363 370 371 373 377 378 379 389 390 391 394 396 -1
41 30 322 339 356 358 377 -1
42 89 302 348 356 377 378 391 396 -1
44 44 372 390 391 -1
46 59 300 301 325 348 368 370 371 377 378 379 391 394 396 -1
47 146 300 302 304 317 322 324 334 356 389 -1
48 21 310 356 391 -1
49 15 363 370 396 -1
51 24 325 -1
29 150 300 308 313 317 322 348 356 358 362 389 391 394 396 -1
55 64 302 304 308 313 317 321 325 348 356 370 373 379 -1
56 24 368 -1
58 38 310 322 325 -1
59 94 370 371 372 377 378 391 -1
62 17 363 370 -1
27 102 301 302 306 310 319 325 348 362 370 371 373 377 379 390 394 396 -1
66 44 302 338 359 394 -1
72 164 313 321 322 325 341 356 370 371 -1
73 13 363 378 394 -1
75 31 370 -1
78 41 300 302 368 377 378 379 390 391 392 396 -1
79 53 302 311 313 341 356 370 391 -1
77 25 363 -1
80 59 304 310 311 319 322 325 339 356 370 -1
83 8 371 -1
67 17 356 391 -1
86 122 304 308 313 325 332 391 -1
71 109 319 356 370 391 -1
87 195 304 313 317 348 363 372 396 -1
89 29 310 -1
90 72 308 321 338 -1
92 5 300 302 -1
94 80 301 302 304 322 324 325 348 349 356 370 389 -1
100 5 378 -1
31 15 322 -1
103 68 302 306 370 391 -1
104 30 302 308 356 368 377 396 -1
68 275 368 379 -1
110 95 304 306 310 313 317 322 -1
111 29 300 306 308 373 377 378 -1
121 9 350 368 -1
113 89 339 370 -1
130 13 356 -1
126 25 321 -1
127 132 325 332 346 379 -1
128 80 348 356 372 379 -1
132 29 310 325 370 -1
133 10 348 349 362 370 373 391 -1
135 7 310 394 -1
136 99 349 356 389 -1
138 72 308 317 370 373 -1
139 37 302 322 -1
140 30 339 341 348 349 356 358 359 363 370 379 389 390 396 -1
142 25 300 301 302 349 359 363 370 371 389 -1
143 94 301 313 317 334 339 363 370 373 377 378 379 390 391 394 396 -1
147 58 304 310 311 319 -1
145 18 391 -1
151 74 308 322 338 -1
154 61 304 306 308 310 322 348 370 377 -1
157 44 311 313 325 396 -1
161 32 334 -1
162 4 300 -1
168 9 302 -1
172 123 391 -1
173 334 304 311 313 314 317 321 322 334 346 372 -1
74 69 304 317 321 334 356 -1
176 39 334 -1
177 19 372 -1
178 63 313 371 396 -1
179 17 301 304 306 308 348 349 -1
180 54 349 370 -1
182 79 310 -1
166 93 304 -1
185 4 321 -1
194 5 368 -1
187 37 322 348 373 394 -1
32 4 368 -1
190 2 370 -1
197 11 324 -1
191 13 372 -1
202 6 300 301 -1
192 19 308 379 -1
125 29 302 313 317 321 -1
216 8 321 -1
215 100 306 310 321 332 348 350 368 -1
221 10 339 341 348 390 -1
222 4 348 -1
223 19 301 325 341 348 356 358 -1
226 25 322 -1
228 6 391 -1
247 11 300 341 -1
231 50 300 321 379 391 396 -1
236 39 300 306 308 310 319 325 348 349 356 -1
237 41 373 391 -1
238 3 358 -1
257 8 302 377 -1
254 25 313 -1
255 86 306 310 317 319 325 371 -1
261 8 339 356 -1
259 56 356 -1
263 22 339 -1
269 30 321 339 348 396 -1
273 7 302 348 392 -1
275 56 356 -1
241 8 325 -1
280 76 304 308 317 372 -1
282 39 300 -1
284 7 358 389 -1
291 35 346 -1
295 5 300 -1
290 71 372 -1
301 1 362 -1
302 13 349 359 363 370 389 -1
249 15 302 -1
303 3 302 -1
304 79 313 317 322 -1
306 244 308 310 311 313 317 319 322 325 332 371 -1
307 5 322 377 -1
308 142 304 311 313 317 321 322 350 -1
320 7 317 322 -1
309 1 322 -1
310 230 304 308 313 317 322 324 332 338 350 -1
311 321 304 313 317 321 322 324 -1
312 227 304 306 308 310 311 313 317 319 321 322 325 332 334 338 -1
313 54 322 -1
314 1 322 -1
315 77 308 317 322 -1
316 3 322 -1
305 7 322 -1
317 140 304 308 311 313 321 322 334 -1
318 3 322 -1
319 199 306 310 311 317 322 325 370 371 379 -1
326 12 348 -1
327 8 311 -1
251 8 310 -1
328 13 325 356 373 -1
150 28 371 -1
336 31 310 325 356 371 -1
339 80 334 341 373 377 379 394 -1
340 30 304 396 -1
341 47 324 348 362 370 396 -1
344 3 348 -1
348 21 325 -1
345 9 348 371 -1
346 86 348 -1
350 2 356 -1
351 11 325 339 356 -1
355 1 356 -1
352 9 325 356 -1
353 6 339 356 -1
357 2 339 358 -1
193 21 325 358 -1
363 3 362 -1
362 1 363 -1
364 14 370 -1
365 8 370 377 391 -1
366 14 370 377 379 391 -1
369 1 370 -1
367 5 370 -1
368 1 370 -1
371 117 304 310 313 317 373 -1
372 4 373 391 -1
374 3 377 -1
375 1 377 -1
376 37 310 311 325 350 377 394 -1
386 3 310 -1
393 1 394 -1
395 42 321 396 -1
400 12 321 -1
406 34 306 310 319 325 -1
407 145 308 372 -1
424 6 310 -1
426 41 322 341 368 -1
432 157 308 310 317 321 332 -1
447 15 350 -1
455 4 322 -1
457 732 311 -1
463 6 368 -1
467 12 368 -1
501 10 322 325 -1
502 4 322 -1
530 7 313 -1
536 5 368 -1
542 7 372 -1
545 24 334 -1
546 142 372 -1
556 121 321 372 -1
564 15 310 311 -1
567 2 371 -1
583 26 372 -1
584 5 371 -1
585 3 310 371 -1
601 9 321 -1
600 214 308 311 313 321 324 350 372 -1
604 8 310 325 -1
615 35 306 319 325 -1
633 55 306 310 311 313 319 -1
634 150 334 -1
635 66 304 317 -1
637 25 311 317 -1
643 46 311 313 -1
644 27 313 -1
649 40 304 317 -1
650 98 308 311 332 -1
663 158 311 321 -1
667 19 332 -1
639 31 313 -1
674 16 308 310 317 325 -1
682 3 310 -1
686 83 334 338 372 -1
688 5 310 -1
689 47 310 -1
690 3 310 -1
691 24 306 -1
692 3 306 319 325 -1
695 118 317 324 325 346 372 -1
704 81 304 308 313 317 346 -1
705 28 317 -1
706 95 317 -1
707 123 311 321 372 -1
708 51 304 311 317 321 334 -1
710 105 321 -1
712 19 304 -1
713 4 332 -1
715 23 334 -1
722 264 308 346 -1
742 93 304 311 317 324 -1
697 100 311 313 321 332 -1
321 27 308 311 -1
759 77 311 313 317 -1
761 8 304 -1
766 773 332 346 350 -1
762 50 324 -1
769 146 311 313 314 321 332 338 350 -1
788 113 311 317 321 -1
784 224 311 338 346 -1
789 317 304 311 313 317 346 -1
795 60 304 311 313 317 321 372 -1
797 5 324 -1
805 90 313 -1
810 34 304 313 324 -1
813 272 332 350 -1
816 29 304 -1
334 41 313 317 -1
823 15 304 313 -1
826 249 332 372 -1
838 36 308 334 -1
844 45 308 313 -1
848 8 308 317 -1
852 39 308 -1
853 16 317 -1
859 13 308 -1
860 8 308 317 -1
861 16 308 -1
865 97 317 -1
871 59 311 -1
877 2 313 -1
882 7 317 -1
904 119 372 -1
911 27 304 321 -1
914 7 304 -1
918 17 321 334 -1
941 80 311 334 -1
943 30 313 -1
946 110 311 334 350 -1
948 29 324 -1
956 42 311 321 -1
957 3 304 -1
959 12 313 -1
960 22 313 -1
933 18 317 -1
970 11 338 -1
971 72 311 317 321 334 -1
978 65 304 324 -1
981 16 304 -1
982 47 338 -1
986 77 332 334 -1
988 292 332 -1
987 2 304 -1
993 238 304 311 317 334 -1
994 45 304 311 321 -1
996 297 332 334 346 350 -1
998 30 372 -1
1000 60 317 -1
1006 138 314 338 -1
1008 8 304 -1
1009 44 311 314 332 334 -1
1023 9 311 332 -1
1027 6 311 321 -1
1029 135 311 314 321 -1
1031 19 311 -1
1032 39 311 -1
1033 6 311 -1
1034 33 311 321 372 -1
1042 41 332 -1
1043 21 350 372 -1
1050 44 372 -1
1052 4 321 -1
1055 196 321 -1
1062 156 321 -1
1075 74 324 -1
1084 5 338 -1
1098 305 350 -1
1114 39 334 -1
1124 20 350 -1
1132 57 338 -1
1133 399 346 -1
1135 115 332 334 -1
1137 135 350 -1
1143 14 372 -1
1151 472 332 346 350 372 -1
922 149 334 -1
1160 24 334 -1
1166 599 332 346 350 372 -1
1169 29 350 -1
1203 22 334 -1
1210 218 334 350 372 -1
1245 10 334 -1
1253 51 314 -1
1259 45 334 -1
1279 124 332 -1
1301 3 334 -1
1302 1 334 -1
1303 1 334 -1
1304 1 334 -1
1305 290 314 334 -1
1306 20 334 -1
1319 181 314 -1
1350 117 372 -1
1352 121 314 372 -1
1395 199 332 -1
1419 41 350 -1
1442 20 314 -1
1468 20 346 -1
1473 91 372 -1
1480 44 372 -1
1487 117 372 -1
1497 28 346 -1
1522 139 332 -1
1538 81 372 -1
1542 244 332 -1
1549 587 332 350 -1
1555 79 350 -1
1010 6 314 -1
1582 13 314 -1
1583 87 314 -1
1594 114 372 -1
1608 355 332 350 -1
1614 73 372 -1
1615 162 372 -1
1692 3 372 -1
1691 50 372 -1
1716 6 372 -1
1717 96 372 -1
1748 76 350 -1
1756 89 332 372 -1
1766 27 332 -1
1772 141 332 -1
1820 90 350 -1
1919 112 332 -1
1991 66 350 -1
1997 88 332 -1
2009 63 350 -1
2062 121 332 -1
2072 121 332 350 -1
2093 55 350 -1
2116 20 350 -1
2118 113 350 -1
2120 122 332 -1
2133 129 332 350 -1
2168 3 350 -1
2172 29 332 -1
2209 31 350 -1
2230 49 332 -1
2231 66 332 -1
2229 143 350 -1
2232 12 332 -1
2233 36 332 -1
2256 247 350 -1
2274 48 332 -1
2297 164 332 -1
2322 19 332 -1
2323 111 346 -1
2328 215 332 350 -1
2369 189 332 -1
2407 4 332 -1
2416 37 332 -1
2417 7 332 -1
2418 1 332 -1
2472 75 350 -1
2473 103 350 -1
2506 46 350 -1
2469 3 350 -1
2560 180 346 -1
2565 893 346 -1
2593 32 350 -1
2623 108 350 -1
2658 307 346 -1
2672 13 350 -1
2676 7 350 -1
2708 9 346 -1
2688 618 346 -1
3449 314 346 -1
3453 319 346 -1
3498 114 346 -1
3601 52 346 -1
3666 144 346 -1
3787 232 346 -1
3835 35 346 -1
3976 145 346 -1
4013 21 346 -1
4044 89 346 -1
4072 29 346 -1
4099 155 346 -1
4076 86 346 -1
4150 16 346 -1
4211 65 346 -1
4574 40 346 -1
4662 46 346 -1
4688 59 346 -1
4774 13 346 -1
4821 2 346 -1