11 743 3404 3433 3439 3443 3447 3452 3453 3454 3458 3463 3464 3480 -1
20 187 3456 -1
24 309 3408 3410 3439 3443 3447 3452 3456 3458 3473 -1
36 227 3443 3454 3456 3480 3489 -1
37 20 3456 -1
42 89 3408 -1
46 59 3435 -1
59 94 3408 -1
27 102 3456 -1
66 44 3464 -1
72 164 3443 3459 3479 3498 -1
86 122 3443 -1
87 195 3443 3453 3460 3464 3473 3479 -1
89 29 3404 -1
90 72 3435 -1
68 275 3435 3439 3443 3454 3459 3473 3489 3498 -1
109 190 3459 -1
122 213 3404 3435 3439 3443 3453 3456 3458 3480 3489 -1
113 89 3439 3489 -1
127 132 3443 3456 -1
155 28 3459 -1
161 32 3429 -1
172 123 3408 3435 3473 3489 -1
173 334 3408 3443 3452 3456 -1
180 54 3480 -1
166 93 3459 -1
291 35 3455 3463 -1
290 71 3408 -1
306 244 3404 3408 3454 3480 -1
308 142 3443 3473 -1
310 230 3408 3417 3464 3473 3489 -1
311 321 3408 3443 3456 3459 -1
313 54 3456 -1
346 86 3446 3483 -1
371 117 3456 -1
383 45 3480 -1
405 19 3459 -1
432 157 3408 3417 3447 3480 -1
457 732 3404 3408 3409 3439 3443 3447 3454 3456 3459 3460 3463 3464 3479 3483 3498 -1
501 10 3473 -1
545 24 3459 -1
546 142 3443 3452 3479 -1
553 22 3408 -1
556 121 3408 3439 3458 -1
583 26 3443 -1
582 34 3460 3464 -1
600 214 3408 3443 3458 -1
634 150 3455 3456 -1
635 66 3489 -1
663 158 3452 3456 -1
667 19 3404 -1
665 7 3408 -1
690 3 3456 -1
695 118 3404 3443 -1
704 81 3473 -1
708 51 3473 -1
710 105 3456 -1
722 264 3408 3435 3443 3480 -1
724 4 3404 -1
727 32 3433 -1
737 232 3452 3458 3459 -1
742 93 3460 3464 -1
697 100 3456 3498 -1
749 66 3417 3435 -1
759 77 3473 -1
766 773 3408 3417 3433 3443 3447 3452 3453 3454 3455 3456 3458 3459 3460 3464 3473 3483 3486 3489 3498 -1
769 146 3408 3479 3480 -1
788 113 3479 -1
784 224 3439 3443 3489 -1
789 317 3417 3433 3447 3452 3455 3456 3458 3460 3498 -1
791 41 3459 -1
798 16 3439 -1
804 6 3435 -1
805 90 3435 3443 -1
813 272 3404 3433 3473 3489 -1
823 15 3465 -1
826 249 3408 3446 3473 3489 -1
825 165 3447 3456 3473 -1
836 26 3480 -1
854 99 3439 3456 -1
856 91 3435 3446 3459 3465 -1
852 39 3479 -1
879 122 3439 3443 3447 3453 3454 3456 -1
469 10 3408 -1
896 26 3498 -1
943 30 3473 -1
946 110 3404 -1
947 27 3456 -1
956 42 3433 -1
962 3 3456 -1
963 3 3473 -1
967 16 3456 -1
974 36 3443 -1
986 77 3456 -1
988 292 3404 3408 3435 3439 3454 3473 3480 3489 -1
996 297 3408 3456 3479 3489 -1
1024 41 3408 3433 -1
1037 86 3459 -1
1041 49 3417 -1
1048 2 3479 -1
1051 46 3439 3480 -1
1055 196 3483 -1
1062 156 3404 -1
1063 29 3456 -1
1097 88 3443 3456 -1
1098 305 3408 3435 3459 3473 3489 -1
1125 37 3473 -1
1127 62 3404 3489 -1
1132 57 3443 -1
1133 399 3433 3439 3443 3447 3452 3453 3454 3455 3456 3458 3460 3464 3498 -1
1147 3 3480 -1
1151 472 3443 3452 3456 3473 3480 3489 3498 -1
1166 599 3408 3433 3435 3439 3446 3452 3454 3456 3460 3473 3479 3480 3483 3486 3489 3498 -1
1167 158 3408 3446 -1
1179 10 3443 -1
1169 29 3408 -1
1185 43 3443 -1
1200 107 3455 3456 -1
1204 61 3433 3447 3452 3458 -1
1210 218 3456 3479 -1
1215 65 3410 -1
1247 77 3454 3473 -1
1253 51 3443 3456 -1
1259 45 3408 3410 3429 3435 3446 3473 3489 -1
1267 61 3456 -1
1286 65 3454 3456 3464 -1
1291 34 3473 -1
1305 290 3404 3408 3435 3461 3473 3480 3483 3489 -1
1306 20 3404 -1
1319 181 3473 -1
1335 62 3459 -1
1353 30 3408 3458 -1
1367 40 3465 -1
1374 462 3408 3417 3435 3456 3459 -1
1382 17 3480 -1
1384 37 3489 -1
1385 35 3439 -1
1395 199 3404 -1
1419 41 3408 3473 3489 -1
1424 52 3453 -1
1184 79 3443 3453 3455 -1
1462 48 3456 -1
1470 156 3452 3456 3458 3473 3479 3498 -1
1471 72 3456 3459 -1
1473 91 3408 3439 3473 -1
1487 117 3408 3435 3473 3489 -1
1496 210 3408 3456 3473 3489 -1
1498 6 3456 -1
1500 48 3480 -1
1521 99 3404 -1
1522 139 3404 3455 3463 3473 3480 -1
1524 4 3473 -1
1537 68 3433 3439 3454 -1
1542 244 3417 3443 3456 3460 3463 3498 -1
1549 587 3404 3408 3439 3443 3453 3454 3456 3459 3463 3473 3480 3489 3498 -1
1550 42 3439 3443 -1
1583 87 3489 -1
1585 102 3473 -1
1603 16 3479 -1
1571 24 3473 -1
1608 355 3435 3459 -1
1613 15 3443 -1
1621 80 3456 -1
1639 36 3417 -1
1661 66 3408 3443 3447 3456 -1
1667 55 3447 -1
1691 50 3489 -1
1701 112 3458 -1
1697 70 3408 3456 3473 3480 -1
1700 93 3463 -1
1717 96 3447 3498 -1
1730 45 3443 -1
1733 42 3433 -1
1734 55 3473 -1
1744 8 3435 -1
1747 3 3452 3480 -1
1748 76 3443 3452 3480 -1
1749 68 3435 3483 -1
1767 97 3408 3446 3473 3480 -1
1783 57 3464 -1
1795 44 3408 3439 -1
1796 38 3459 -1
1799 48 3452 3456 3498 -1
1808 129 3404 3408 3498 -1
1813 41 3439 3453 3454 -1
1814 105 3456 3459 -1
1820 90 3404 -1
1823 49 3456 3460 -1
1835 73 3456 3458 -1
1847 47 3460 -1
1859 3 3443 -1
1855 12 3408 -1
1875 33 3410 -1
1885 44 3404 3453 -1
1896 51 3435 -1
1915 33 3456 -1
1922 204 3404 3408 3435 3446 3452 3456 3473 3483 3486 -1
1925 22 3408 -1
1928 7 3408 -1
1931 15 3408 -1
1937 13 3456 -1
1951 29 3408 3480 -1
1972 181 3404 3408 3417 3456 3473 3480 3489 -1
1982 29 3459 -1
1985 56 3404 3443 3460 3464 -1
2009 63 3408 3443 3455 3460 3464 3473 -1
2014 10 3452 -1
2033 22 3408 -1
2065 50 3443 3454 3456 3458 -1
2109 47 3443 3480 3489 -1
2114 39 3404 -1
2118 113 3408 3417 3433 3439 3454 -1
2120 122 3409 3429 3459 3480 -1
2129 44 3404 3439 3454 -1
2135 146 3452 3456 3480 -1
2144 23 3454 3456 3459 -1
2145 145 3439 3473 -1
2172 29 3479 -1
2174 65 3439 3486 -1
2186 61 3408 -1
2209 31 3473 3489 -1
2225 34 3452 -1
2226 28 3459 -1
2229 143 3408 -1
2237 241 3404 3408 3417 3433 3439 3443 3447 3453 3454 3456 3464 3480 3498 -1
2240 108 3408 -1
2041 6 3408 -1
2249 38 3479 -1
2252 22 3461 -1
2256 247 3404 3409 3410 3429 3435 3443 3446 3456 3461 3473 3479 3483 3486 3489 -1
2257 49 3408 3435 3439 3464 3465 3473 -1
2258 95 3480 -1
2264 58 3456 -1
2276 32 3459 -1
2285 17 3408 -1
2290 120 3404 3480 -1
2297 164 3435 3454 3456 3473 3489 -1
2298 48 3483 -1
2299 67 3459 -1
2323 111 3443 3456 3480 -1
2326 252 3404 3408 3435 3439 3443 3446 3455 3460 3473 3480 3483 3486 3489 -1
2328 215 3459 3479 3480 -1
2332 36 3408 3409 3410 3429 -1
2365 77 3443 -1
2368 17 3443 -1
2369 189 3417 3447 3456 3459 3498 -1
2381 71 3443 3456 3459 3479 -1
2379 45 3480 3483 -1
2384 72 3417 3435 3443 3498 -1
2387 66 3417 3456 3460 -1
2398 62 3443 3454 -1
2410 34 3456 -1
2411 141 3408 3439 3446 3473 3483 3486 3489 -1
2427 11 3479 -1
2433 2 3439 -1
2440 50 3456 -1
2456 31 3498 -1
2485 324 3404 3409 3417 3443 3452 3458 3459 3473 3480 3489 3498 -1
2497 38 3489 -1
2502 30 3408 3459 -1
2504 100 3443 3452 3454 3456 -1
2506 46 3443 3479 3480 -1
2507 69 3408 -1
2510 68 3404 3489 -1
2516 44 3456 3479 -1
2535 47 3443 3454 3456 3458 -1
2541 37 3408 -1
2542 93 3408 3435 3443 3473 -1
2545 7 3480 -1
2546 34 3443 -1
2547 105 3439 3443 -1
2566 32 3479 -1
2557 77 3443 -1
2560 180 3417 3439 3473 3480 -1
2564 50 3456 -1
2565 893 3404 3408 3417 3435 3439 3443 3447 3452 3453 3454 3455 3456 3458 3459 3460 3461 3464 3473 3480 3483 3486 3489 -1
2576 146 3408 3443 3473 3489 -1
2585 60 3439 3454 -1
2594 45 3439 -1
2595 49 3443 3456 -1
2474 142 3443 -1
2605 64 3417 3489 -1
2612 29 3408 3439 3454 3458 -1
2613 25 3480 -1
2618 53 3473 -1
2645 7 3439 -1
2646 39 3473 -1
2651 269 3404 3408 3409 3410 3433 3435 3439 3446 3453 3454 3473 3483 3486 3489 -1
2653 113 3404 3435 3439 3443 3454 3456 3461 3480 3483 -1
2655 49 3443 3452 -1
2657 44 3404 -1
2658 307 3443 3452 3453 3454 3459 3464 -1
2674 103 3404 3456 3480 -1
2699 74 3404 3417 3460 3473 3480 3483 3489 -1
2700 168 3404 3408 3410 3473 3480 3483 3489 -1
2686 156 3408 3435 3439 3459 3465 3473 3489 -1
2702 80 3408 3456 3459 -1
2703 61 3408 3409 3410 3429 3473 3489 -1
2688 618 3404 3408 3417 3439 3443 3447 3452 3453 3454 3456 3458 3459 3460 3463 3473 3479 3480 3483 3489 3498 -1
2660 164 3408 3410 3435 3439 3443 3459 3464 3473 3480 -1
2689 38 3456 -1
2667 126 3456 3479 -1
2690 26 3435 -1
2692 19 3408 -1
2693 149 3408 3435 3439 3443 3447 3456 3459 3473 -1
2706 18 3408 3489 -1
2694 18 3456 -1
2696 64 3435 3456 -1
2724 10 3439 -1
2727 33 3404 3456 -1
2737 16 3443 -1
2747 79 3404 3439 3480 3483 -1
2752 7 3456 -1
2774 46 3456 3480 -1
2775 35 3443 3456 -1
2790 173 3404 3408 3439 3443 3446 3459 3464 3473 3480 3483 3486 -1
2791 15 3473 -1
2811 19 3456 -1
2819 18 3410 3439 -1
2822 43 3404 -1
2654 104 3404 3446 3486 -1
2799 8 3483 -1
2831 39 3480 -1
2832 50 3439 3443 -1
2859 139 3404 3408 3439 3443 3453 3454 3473 3486 3489 -1
2871 282 3439 3443 3447 3452 3455 3456 -1
2883 28 3408 -1
2568 4 3453 -1
2889 14 3459 -1
2909 57 3417 3443 3456 -1
2923 35 3454 -1
2932 62 3417 3439 3454 3480 -1
2935 36 3447 3452 3455 -1
2940 123 3404 3408 3480 3489 -1
2947 10 3489 -1
2951 19 3489 -1
2958 47 3439 -1
2964 70 3408 3453 -1
2967 238 3404 3435 3439 3447 3453 3455 3456 3458 3463 3479 -1
2968 55 3454 3456 3473 3489 -1
2972 357 3417 3433 3439 3447 3452 3453 3454 3456 3460 3479 3498 -1
2974 15 3480 -1
2988 55 3404 -1
3000 43 3408 3456 -1
3001 7 3408 -1
3002 5 3456 -1
3004 3 3443 -1
3005 28 3435 -1
3010 123 3404 3408 3435 3473 3480 3483 -1
2707 103 3408 3439 3455 -1
3015 44 3498 -1
3018 19 3408 -1
3024 52 3408 -1
3026 175 3404 3443 3452 3454 3456 3480 -1
3027 39 3456 -1
3028 189 3439 3454 3456 3473 3480 -1
3031 50 3408 3435 3439 -1
3032 216 3439 3452 3453 3454 3455 3456 3458 -1
3033 45 3443 -1
3034 38 3443 -1
3035 13 3417 -1
2713 200 3404 3408 3439 3480 3483 -1
3046 10 3489 -1
3056 44 3404 3460 -1
3055 52 3446 3473 3480 3489 -1
3057 48 3443 3456 -1
2356 57 3454 -1
2976 7 3463 -1
3073 34 3456 -1
3081 20 3480 -1
3084 62 3404 3480 -1
3086 8 3458 -1
3090 12 3456 -1
3092 81 3456 -1
3095 37 3410 -1
2842 124 3408 3410 3429 3435 3439 3473 3486 3489 -1
3110 21 3439 -1
2003 63 3408 3480 -1
3119 3 3408 -1
3137 4 3454 -1
3142 49 3433 -1
3144 88 3404 3408 3439 3443 3446 3454 3473 3480 3483 3486 -1
3145 18 3443 -1
3148 26 3480 3489 -1
3168 79 3439 3463 -1
3172 13 3458 -1
3175 41 3461 3483 -1
3180 24 3489 -1
3190 10 3408 -1
3192 56 3404 3439 3454 3461 3489 -1
3191 68 3417 3456 3460 -1
3196 22 3404 3473 3480 -1
3209 41 3447 3473 3489 -1
3211 2 3408 -1
3238 28 3456 -1
3252 37 3404 3439 3480 -1
3255 3 3408 -1
3256 19 3483 -1
3258 95 3404 3454 3480 -1
3262 9 3480 3489 -1
3274 69 3447 3454 3460 -1
3275 14 3410 3417 -1
3276 79 3404 3435 3439 3443 -1
3291 58 3439 -1
3297 51 3408 3498 -1
3301 15 3404 3483 -1
3304 31 3408 3435 3439 3473 -1
3290 36 3489 -1
3317 15 3439 -1
3321 18 3417 3456 -1
3326 18 3443 -1
3338 3 3408 -1
3345 35 3408 3473 -1
3346 5 3454 -1
3348 25 3459 -1
3350 55 3443 3447 3452 3453 3454 3464 3489 -1
3352 273 3404 3408 3417 3435 3443 3447 3452 3454 3455 3456 3464 3483 -1
3366 63 3456 -1
3374 4 3489 -1
3375 43 3464 -1
3377 4 3489 -1
3378 41 3417 3443 3452 -1
3379 19 3473 3489 -1
3380 42 3408 3409 3439 -1
3381 180 3489 -1
3392 33 3454 -1
3394 156 3404 3409 3410 3439 3446 3447 3453 3454 3455 3456 3473 3480 3483 -1
3397 3 3408 -1
3399 3 3408 -1
3403 3 3408 -1
3402 122 3433 3439 3443 3452 3453 3454 3455 3460 3464 3489 -1
3404 89 3408 3417 3454 3480 3489 -1
3405 1 3408 -1
3390 60 3408 3417 3435 3460 -1
3407 1 3408 -1
3406 4 3408 -1
3417 30 3404 3447 3460 -1
3443 20 3456 -1
3445 21 3439 3443 -1
3439 88 3456 3461 3473 -1
3447 271 3417 3452 3453 3455 3456 3458 3459 3464 3479 -1
3448 3 3464 -1
3449 314 3417 3433 3443 3447 3452 3453 3454 3456 3458 3460 3464 3479 3498 -1
3450 27 3443 3454 3464 -1
3451 98 3439 3453 3454 3460 3464 -1
3452 131 3417 3433 3439 3443 3447 3453 3455 3456 3464 3498 -1
3453 319 3417 3433 3443 3447 3452 3454 3456 3459 3460 3464 3479 -1
3454 148 3433 3439 3443 3447 3452 3455 3464 -1
3455 68 3433 3443 3447 3453 3460 3464 -1
3456 241 3417 3433 3439 3443 3447 3452 3453 3454 3458 3459 3460 3464 3498 -1
3457 166 3404 3417 3433 3455 3461 3464 -1
3458 69 3447 3453 3454 3456 3464 3480 3498 -1
3459 92 3456 3464 -1
3460 22 3464 -1
3461 101 3447 3454 3455 3456 3464 -1
3462 54 3433 3443 3464 -1
3463 56 3443 3454 3464 -1
3465 3 3459 -1
3466 17 3459 3473 -1
3467 1 3473 -1
3468 3 3473 3489 -1
3469 23 3433 3452 3473 -1
3470 21 3473 3489 -1
3472 15 3460 3473 -1
3471 2 3473 -1
3479 102 3417 3439 3456 -1
3480 18 3458 -1
3481 17 3480 -1
3482 24 3480 -1
3483 20 3417 -1
3477 53 3404 -1
3478 42 3479 -1
3487 1 3489 -1
3488 16 3489 -1
3498 114 3443 3452 3456 3460 -1
3519 48 3443 3456 -1
3521 29 3443 3498 -1
3522 71 3447 3453 3455 3456 -1
3525 16 3404 -1
3527 64 3480 3483 -1
3386 12 3456 -1
3541 81 3404 3454 3480 -1
3542 5 3453 -1
3564 2 3480 -1
3568 147 3417 3439 3443 3454 3456 3460 3463 3479 -1
3587 15 3459 -1
3586 156 3498 -1
3591 13 3454 -1
3593 26 3456 -1
3601 52 3459 -1
3597 13 3404 -1
3603 12 3433 -1
3607 24 3456 -1
3611 22 3404 -1
3614 205 3417 3443 3447 3452 3455 3456 3458 3459 3460 -1
3615 144 3404 3439 3443 3452 3453 3455 3456 3483 -1
3622 22 3480 -1
3624 64 3404 3461 -1
3630 32 3439 3454 -1
3631 91 3452 3456 3463 -1
3633 48 3480 -1
3634 82 3443 3456 -1
3635 63 3439 3454 -1
3641 212 3404 3417 3439 3454 3456 3459 3460 -1
3642 362 3459 3479 3498 -1
3643 44 3417 3461 -1
3645 40 3439 -1
3658 39 3417 -1
3659 38 3404 -1
3660 87 3447 3463 -1
3661 36 3463 -1
3665 20 3459 -1
3666 144 3452 3454 3456 3460 3483 -1
3678 17 3404 3480 3483 -1
3682 75 3404 3463 3483 -1
3691 95 3452 3456 3480 -1
3709 7 3404 -1
3723 7 3459 -1
3724 93 3439 3483 -1
3728 85 3456 3458 -1
3731 15 3480 -1
3742 3 3443 -1
3743 10 3443 3456 -1
3748 30 3452 3456 -1
3763 3 3452 -1
3766 9 3453 3480 -1
3771 3 3480 -1
3779 2 3480 -1
3780 3 3480 -1
3781 1 3480 -1
3782 3 3480 -1
3784 1 3480 -1
3783 1 3480 -1
3785 18 3483 -1
3786 99 3456 -1
3787 232 3439 3443 3454 3455 3456 3459 3460 3479 -1
3792 27 3456 -1
3796 113 3433 3447 3452 3453 -1
3794 46 3433 3443 3453 -1
3800 3 3454 -1
3806 45 3447 3458 -1
3812 53 3417 -1
3813 94 3456 -1
3830 20 3456 -1
3842 15 3404 -1
3843 18 3443 3453 3455 3458 -1
3854 82 3404 3443 3447 3452 3456 3498 -1
3855 6 3404 3483 -1
3648 9 3483 -1
3883 1 3483 -1
3902 43 3453 3455 3456 3460 -1
3910 33 3456 -1
3956 85 3439 3452 3454 3455 3456 3461 -1
3965 89 3454 3463 -1
3969 90 3452 3456 -1
3971 7 3458 -1
3976 145 3455 3456 3459 -1
3982 20 3456 -1
3985 32 3454 3460 3498 -1
4001 28 3454 -1
4036 147 3443 3456 3458 -1
4037 15 3498 -1
4040 104 3454 -1
4041 68 3458 3460 3498 -1
2981 44 3447 3456 3460 -1
4044 89 3433 3447 3452 3453 3454 3455 3460 -1
4045 257 3433 3447 3452 3453 3455 3498 -1
4046 89 3452 3453 3458 3459 -1
4056 23 3452 3458 -1
4063 27 3447 3454 -1
4077 77 3433 3447 3454 3456 3460 -1
4065 131 3433 3439 3443 3447 3452 3453 3454 -1
4066 5 3439 -1
4070 111 3417 3455 3458 -1
4071 17 3460 -1
4073 115 3443 3447 3452 3453 3454 3455 3456 -1
4074 33 3439 -1
4082 15 3456 -1
4089 3 3453 -1
4099 155 3417 3452 3453 3455 3456 3459 3460 3498 -1
4111 16 3463 -1
4076 86 3454 3456 3463 -1
4123 25 3463 -1
4124 50 3439 3447 3463 -1
4127 41 3443 3447 3452 -1
4138 64 3439 3456 -1
4142 37 3439 3453 3460 -1
4144 76 3447 3455 3498 -1
4151 84 3443 3447 3453 3454 3456 -1
4152 43 3439 3443 3453 3454 -1
4162 16 3452 -1
4175 8 3498 -1
4191 20 3456 -1
3995 57 3456 3479 3498 -1
4211 65 3439 3455 3460 -1
4212 53 3433 3439 3443 3447 3452 3456 -1
4215 2 3439 -1
4213 3 3439 -1
4214 9 3439 -1
4219 112 3433 3443 3453 3456 -1
4220 3 3443 -1
4223 7 3443 -1
4221 42 3447 3459 -1
4229 4 3463 -1
4257 2 3463 -1
4261 24 3447 -1
4273 23 3454 -1
4276 52 3417 3456 3460 -1
4312 5 3447 -1
4316 8 3447 3452 -1
4317 3 3454 -1
4338 40 3458 3459 -1
4353 80 3417 3456 -1
4354 6 3443 3452 -1
4355 50 3417 3447 3453 3455 3459 -1
4364 39 3443 3453 3456 -1
4363 22 3458 -1
4415 17 3433 -1
4430 6 3443 -1
4433 24 3454 -1
4437 70 3455 3459 3460 -1
4441 202 3417 3433 3443 3447 3452 3453 3455 3458 3479 -1
4442 18 3456 -1
4448 36 3417 3453 3460 -1
4455 22 3459 -1
4468 18 3456 -1
4474 2 3453 -1
4485 12 3453 3454 -1
4483 153 3447 3459 3479 -1
4486 20 3417 3443 3456 -1
4488 50 3443 3456 -1
4489 15 3456 3498 -1
4504 2 3443 -1
4511 15 3443 3453 -1
4531 14 3454 -1
4534 19 3456 3498 -1
4536 81 3447 3459 -1
4547 45 3447 3453 3454 3458 3460 -1
4550 100 3417 3456 3459 3460 -1
4563 11 3454 -1
4564 33 3443 3454 -1
4565 2 3454 -1
4566 3 3454 -1
4567 2 3454 -1
4568 1 3454 -1
4574 40 3455 3456 -1
4576 10 3447 -1
4581 3 3433 -1
4587 27 3452 3453 3498 -1
4588 11 3443 3460 -1
4595 3 3453 -1
4598 71 3459 3498 -1
4609 2 3443 -1
4618 4 3453 -1
4622 1 3443 -1
4623 2 3443 -1
4624 2 3443 -1
4625 4 3443 -1
4629 1 3443 -1
4626 5 3443 3456 -1
4627 1 3443 -1
4487 31 3456 -1
4632 228 3447 3460 3479 3498 -1
4651 2 3453 -1
4652 8 3453 -1
4653 114 3417 3447 3453 3455 3456 3459 3460 -1
4654 2 3453 -1
4655 2 3453 -1
4662 46 3460 -1
4647 11 3433 3447 3456 -1
4665 9 3417 3460 -1
4674 3 3460 -1
4681 20 3460 -1
4683 1 3460 -1
4682 14 3460 -1
4686 57 3456 -1
4687 23 3479 -1
4688 59 3433 3447 3452 3458 -1
4709 25 3456 -1
4717 62 3459 -1
4718 46 3456 3460 -1
4712 121 3459 -1
4725 36 3452 -1
4726 15 3459 -1
4746 18 3458 -1
4764 53 3459 -1
4781 27 3498 -1
4788 20 3460 -1
4792 62 3447 -1
4814 20 3455 -1
4813 46 3456 3479 3498 -1
4818 28 3455 -1
4824 101 3456 3459 -1
4829 78 3417 3456 3459 3460 -1
4837 2 3498 -1
4859 30 3447 3452 -1
4846 34 3456 -1
4852 3 3498 -1
4866 2 3433 -1
4879 28 3459 -1
4885 4 3447 3455 -1
4891 7 3433 -1
4893 5 3433 -1
4899 169 3417 3456 3460 -1
4929 9 3456 -1
4931 1 3433 -1
4932 2 3433 -1
4933 3 3433 -1
4934 6 3456 -1
4948 214 3417 3447 3452 3455 3456 3459 3460 -1
4963 13 3455 -1
4964 60 3447 -1
4967 361 3417 3456 3459 3460 3479 3498 -1
4938 12 3417 -1
4973 8 3452 -1
4974 44 3447 -1
4975 2 3455 -1
4982 43 3455 -1
4989 7 3447 3458 -1
5002 115 3456 3459 -1
4897 1 3458 -1
5006 28 3456 3458 3459 -1
5008 27 3447 3456 -1
5009 14 3447 -1
5010 4 3447 -1
5011 10 3447 -1
5012 14 3417 3447 -1
5013 7 3447 -1
5022 172 3459 3479 -1
5020 139 3417 3456 3459 3460 -1
5028 43 3452 -1
5029 26 3417 3452 3456 -1
5037 18 3459 -1
5039 7 3455 -1
5053 52 3498 -1
5068 10 3455 -1
5072 3 3498 -1
5079 271 3417 3456 3459 3460 3479 3498 -1
5089 8 3479 -1
5099 14 3459 -1
5102 54 3459 -1
5110 84 3417 3460 3479 3498 -1
5123 69 3456 -1
5125 54 3479 -1
5151 3 3456 -1
5166 48 3456 -1
5171 41 3498 -1
5172 29 3456 3498 -1
5173 122 3459 -1
5176 139 3456 3459 3460 -1
5177 101 3459 -1
4310 278 3417 3456 3459 -1
5179 217 3459 3479 -1
5181 41 3456 -1
5182 14 3498 -1
5184 68 3417 3456 3460 -1
5188 211 3456 3459 -1
5189 312 3417 3456 3459 3460 3498 -1
5190 80 3417 3456 -1
5198 6 3456 -1
5202 2 3460 -1
5203 15 3417 -1
5238 3 3459 -1
5243 19 3459 -1
5246 44 3459 -1
5255 8 3417 3460 -1
5267 2 3460 -1
5286 10 3417 3460 -1
5294 1 3417 -1
5295 22 3417 -1
5296 16 3417 -1
5301 61 3498 -1
5313 12 3456 -1
5316 24 3456 -1
5320 11 3456 -1
5323 3 3459 -1
5324 16 3456 -1
5333 3 3460 -1
5339 10 3456 -1
5352 3 3460 -1
5353 1 3460 -1
5382 19 3456 -1
5391 37 3498 -1
5405 4 3456 -1
5423 48 3479 -1
5421 4 3456 -1
5439 66 3459 -1
5457 44 3498 -1
5468 10 3456 -1
5478 9 3456 -1
5484 22 3459 -1
5462 19 3456 -1
5512 2 3456 -1
5521 3 3456 -1
5524 389 3459 3498 -1
5526 6 3459 -1
5531 243 3459 3479 -1
5542 1 3456 -1
5543 137 3456 3459 3498 -1
5544 4 3456 -1
5582 105 3498 -1
5612 66 3459 -1
5617 22 3459 -1
5620 7 3459 -1
5630 36 3498 -1
5691 49 3459 -1
5696 50 3479 -1
5697 230 3459 3479 3498 -1
5739 45 3459 -1
5775 42 3459 -1
5771 9 3459 -1
5772 15 3459 -1
5773 75 3459 -1
5787 32 3498 -1
5796 191 3459 3498 -1
5799 23 3479 -1
5802 385 3459 -1
5808 6 3479 -1
5812 41 3459 3479 -1
5814 144 3459 -1
5816 84 3459 3479 -1
5817 75 3459 -1
5818 67 3459 3479 3498 -1
5819 61 3498 -1
5822 98 3459 -1
5839 41 3459 -1
5855 8 3498 -1
5857 92 3459 -1
5895 1 3461 -1
5871 50 3459 -1
5928 4 3459 -1
5932 33 3459 -1
5999 20 3459 -1
6007 6 3498 -1
6020 25 3498 -1
6024 17 3459 -1
6023 30 3479 -1
6043 39 3498 -1
6068 32 3498 -1
6075 18 3498 -1
6097 26 3498 -1
6151 13 3498 -1
6174 10 3498 -1
6175 1 3498 -1
6176 3 3498 -1
6177 2 3498 -1
6198 14 3459 -1
6218 53 3459 -1
6270 88 3459 -1
6272 76 3459 -1
6274 9 3459 -1
6305 190 3459 3479 -1
6323 44 3459 -1
6317 5 3479 -1
6360 35 3479 -1
6377 17 3459 -1
6327 108 3459 -1
6443 70 3459 -1
6479 13 3459 -1
6488 22 3459 -1
6494 101 3459 -1
6501 17 3459 -1
6510 54 3459 -1
6518 33 3459 -1
6523 33 3459 -1
6538 21 3459 -1
6555 35 3459 -1
5273 12 3459 -1
6560 43 3459 -1
6123 24 3459 -1
6552 29 3459 -1
6615 160 3459 -1
6624 135 3459 -1
6627 50 3459 -1
6714 100 3459 -1
6611 15 3459 -1
6766 22 3459 -1
6784 42 3459 -1
6790 11 3459 -1
6620 93 3459 -1
6865 19 3459 -1
6900 31 3459 -1
6914 95 3459 -1
6916 54 3459 -1
6934 65 3459 -1
6941 57 3459 -1
5529 39 3459 -1
6951 47 3459 -1
6316 19 3459 -1
6971 6 3459 -1
6972 1 3459 -1
6974 2 3459 -1
6975 10 3459 -1
6976 41 3459 -1
7052 142 3459 -1
7053 31 3459 -1
7054 40 3459 -1
7046 21 3459 -1
7055 98 3459 -1
7057 118 3459 -1
7080 70 3459 -1
7090 11 3459 -1
7092 93 3459 -1
7096 5 3459 -1
7225 47 3459 -1
7294 39 3459 -1
7352 15 3459 -1
7428 2 3459 -1
7376 4 3459 -1
7549 2 3459 -1
7554 3 3459 -1