6 302 6765 6790 -1
11 743 6715 6739 -1
20 187 6780 -1
72 164 6715 6774 6790 -1
87 195 6737 -1
99 24 6737 6765 6774 -1
68 275 6774 6784 -1
109 190 6715 6765 6770 6774 6788 -1
136 99 6707 6725 6739 6777 -1
143 94 6770 6784 -1
145 18 6720 -1
199 17 6784 -1
237 41 6780 -1
265 31 6737 -1
311 321 6715 6770 -1
319 199 6715 6774 -1
346 86 6784 -1
406 34 6774 -1
407 145 6770 -1
425 79 6725 6770 -1
432 157 6780 -1
457 732 6715 6720 6725 6739 6770 6774 6780 6783 6784 6788 -1
546 142 6715 6784 -1
580 30 6784 -1
600 214 6739 6774 -1
663 158 6784 -1
695 118 6770 -1
722 264 6714 6784 -1
737 232 6700 6720 6725 6736 6739 6759 6765 6770 6772 6780 6784 6789 -1
742 93 6712 -1
697 100 6784 -1
766 773 6715 6739 6770 6774 6783 6784 6790 -1
789 317 6715 -1
805 90 6770 -1
840 7 6784 6790 -1
854 99 6715 -1
856 91 6700 6720 6739 -1
896 26 6780 -1
909 12 6789 -1
988 292 6737 6759 -1
996 297 6714 6780 -1
1008 8 6714 -1
1032 39 6774 -1
1037 86 6720 -1
1041 49 6715 -1
1055 196 6720 6739 -1
1074 95 6700 6725 6739 6755 6769 6770 6788 -1
1098 305 6712 6714 6736 6739 6765 6783 6784 6789 6790 -1
1151 472 6714 6715 6784 -1
1166 599 6700 6714 6715 6720 6784 6789 -1
1185 43 6790 -1
1210 218 6715 6790 -1
1319 181 6789 -1
1356 20 6770 -1
1365 7 6790 -1
1374 462 6774 6783 6784 6789 6790 -1
1395 199 6790 -1
1471 72 6720 6765 -1
1549 587 6774 6790 -1
1608 355 6770 6774 -1
1612 68 6780 6783 -1
1644 48 6765 -1
1647 19 6784 -1
1701 112 6723 6770 -1
1688 25 6739 -1
1733 42 6774 -1
1762 47 6700 6725 6755 6770 6777 6788 -1
1796 38 6736 6739 6774 -1
1799 48 6715 -1
1800 20 6715 -1
1823 49 6715 -1
1879 13 6765 -1
1924 5 6789 -1
1964 13 6762 -1
1982 29 6712 -1
1990 36 6707 6739 -1
2145 145 6784 -1
2240 108 6774 -1
2249 38 6736 -1
2258 95 6790 -1
2264 58 6714 6784 -1
2276 32 6725 6739 -1
2328 215 6770 6774 6783 -1
2369 189 6720 6725 6736 6765 6789 -1
2376 26 6774 -1
2381 71 6720 -1
2414 6 6788 -1
2452 42 6772 6784 -1
2456 31 6770 -1
2485 324 6780 -1
2504 100 6770 -1
2506 46 6759 -1
2565 893 6712 6714 6720 6736 6737 6759 6765 6770 6774 6780 6783 6789 6790 -1
2619 46 6784 6790 -1
2620 24 6765 -1
2655 49 6715 -1
2658 307 6737 -1
2677 40 6736 6790 -1
2688 618 6700 6739 6777 6783 -1
2693 149 6790 -1
2819 18 6780 -1
2834 5 6784 -1
2851 44 6725 -1
2855 16 6790 -1
2889 14 6790 -1
2909 57 6774 -1
2940 123 6755 6780 6784 -1
2972 357 6736 6765 6774 -1
2983 28 6720 6737 -1
3000 43 6715 -1
3010 123 6770 6783 -1
2707 103 6784 -1
3015 44 6723 6784 -1
3032 216 6737 6759 6770 6774 6784 -1
3057 48 6780 -1
3090 12 6784 -1
3092 81 6774 -1
3142 49 6737 6759 -1
3297 51 6759 -1
3310 18 6780 6784 -1
3320 5 6714 -1
3348 25 6755 -1
3381 180 6712 6715 6720 6736 6770 6774 6783 6784 6790 -1
3393 10 6774 -1
3445 21 6784 -1
3447 271 6714 6720 6724 6736 6765 6784 -1
3453 319 6724 6725 6770 6777 -1
3456 241 6736 -1
3479 102 6739 -1
3522 71 6770 -1
3538 2 6720 -1
3586 156 6715 6770 6780 6784 -1
3593 26 6736 -1
3607 24 6715 6770 -1
3614 205 6715 -1
3634 82 6784 -1
3641 212 6739 6770 6777 6783 -1
3642 362 6700 6714 6715 6720 6721 6736 6739 6765 6770 6774 6783 6789 -1
3643 44 6765 -1
3658 39 6790 -1
3665 20 6790 -1
3747 4 6737 -1
3764 10 6790 -1
3770 22 6736 6784 -1
3787 232 6720 -1
3812 53 6759 -1
3813 94 6762 -1
3877 13 6784 -1
3958 15 6774 -1
3969 90 6715 6721 -1
3976 145 6755 -1
4013 21 6789 -1
4036 147 6780 -1
4040 104 6709 -1
4041 68 6739 -1
2981 44 6774 -1
4045 257 6725 6765 6774 6790 -1
4046 89 6714 6736 -1
4065 131 6770 -1
4099 155 6714 6770 6789 -1
4076 86 6720 6770 -1
4140 12 6715 6739 -1
4144 76 6725 -1
4169 9 6789 -1
4192 7 6736 -1
4221 42 6720 6774 -1
4273 23 6715 6788 -1
4338 40 6739 6789 -1
4353 80 6780 -1
4364 39 6737 -1
4395 3 6736 6755 -1
4435 3 6770 -1
4437 70 6736 6789 -1
4441 202 6712 -1
4483 153 6715 6720 6724 6725 6739 6774 6784 -1
4527 14 6755 -1
4536 81 6714 6720 6790 -1
4550 100 6707 6765 -1
4574 40 6709 -1
4598 71 6700 6715 6720 6739 6765 -1
4626 5 6780 -1
4632 228 6737 6780 -1
4662 46 6774 -1
4666 24 6780 -1
4669 13 6736 -1
4687 23 6789 -1
2621 8 6770 6789 -1
4712 121 6715 6789 -1
4748 38 6739 -1
4764 53 6715 6784 -1
4788 20 6737 6783 -1
4792 62 6700 6783 -1
4813 46 6715 -1
4824 101 6720 6784 -1
4829 78 6720 6755 6788 -1
4833 6 6790 -1
4843 24 6790 -1
4883 5 6770 -1
4899 169 6715 6739 -1
4925 2 6714 -1
4933 3 6774 -1
4934 6 6784 -1
4943 31 6784 -1
4948 214 6737 6780 -1
4964 60 6755 6770 -1
4967 361 6715 6720 6721 6725 6770 6774 6777 6783 6784 6790 -1
4981 53 6725 6774 6790 -1
5002 115 6715 6720 6774 6784 -1
5022 172 6715 6720 6725 6755 6765 6769 6770 6783 6788 6789 6790 -1
5020 139 6725 -1
5028 43 6762 6784 -1
5053 52 6712 6780 -1
5059 26 6784 -1
5067 2 6720 -1
5079 271 6714 6715 6720 6736 6739 6765 6774 6778 6784 -1
5098 2 6784 -1
5103 127 6720 6780 6790 -1
4828 168 6721 6725 6765 6783 6790 -1
5123 69 6715 6784 -1
5125 54 6714 -1
5171 41 6720 6739 -1
5173 122 6714 6736 6777 6789 -1
4795 73 6736 -1
5177 101 6707 6774 -1
5178 19 6715 -1
4310 278 6715 6720 6774 6784 -1
5179 217 6714 6715 6765 6784 -1
5185 152 6720 6739 6755 6765 6770 6777 6783 6784 6788 6789 -1
5188 211 6715 6770 6774 6783 6784 6790 -1
5189 312 6715 6774 6784 -1
5190 80 6700 -1
5194 10 6737 -1
5233 24 6780 -1
5247 2 6737 -1
5254 33 6707 6765 -1
5285 21 6765 -1
5301 61 6714 6715 6739 6789 -1
5316 24 6774 -1
5378 17 6737 6780 -1
5391 37 6712 6790 -1
5404 40 6714 6715 -1
5423 48 6789 -1
5432 4 6784 -1
5439 66 6707 6715 6783 6788 6790 -1
5445 63 6715 -1
5482 12 6790 -1
5484 22 6790 -1
5485 21 6784 -1
5524 389 6712 6714 6715 6736 6765 6770 6774 6780 6784 6789 6790 -1
5531 243 6715 6720 6721 6723 6736 6770 6774 6777 6783 6790 -1
5532 26 6774 -1
5543 137 6736 6774 6784 6790 -1
5549 10 6770 6790 -1
5553 46 6759 6780 -1
5582 105 6715 6720 6739 6774 6783 6784 -1
5596 30 6723 6725 6783 -1
5604 7 6765 -1
5608 16 6783 -1
5612 66 6715 6720 6739 -1
5614 7 6780 -1
5655 139 6725 6736 6755 6790 -1
5692 21 6765 6784 -1
5696 50 6700 6720 6739 -1
5697 230 6707 6715 6739 6765 6770 6774 6783 6790 -1
5709 11 6707 -1
5720 3 6783 -1
5738 14 6774 -1
5739 45 6765 6774 6777 -1
5761 9 6736 -1
5773 75 6774 -1
5788 5 6715 -1
5796 191 6715 6739 6770 6774 6783 6784 -1
5800 222 6712 6715 6725 6736 6737 6769 6774 6780 6783 6784 6789 6790 -1
5802 385 6712 6714 6715 6725 6736 6739 6765 6770 6774 6777 6780 6784 6789 -1
5806 83 6724 6737 6739 6756 6772 6777 6789 -1
5804 33 6765 6784 -1
5807 27 6765 -1
5810 29 6715 -1
5811 79 6725 6736 6765 -1
5812 41 6784 -1
5814 144 6714 6715 6759 6774 6780 6784 6790 -1
5816 84 6700 6736 -1
5817 75 6720 6765 -1
5819 61 6780 -1
5820 20 6712 -1
5822 98 6774 6789 -1
5824 41 6715 6790 -1
5839 41 6712 -1
5857 92 6790 -1
5859 16 6762 -1
4767 14 6715 -1
5908 19 6770 -1
5871 50 6720 6774 -1
5920 10 6780 -1
5932 33 6789 -1
5934 42 6715 -1
5950 4 6725 -1
5958 3 6720 -1
5980 8 6714 -1
5997 2 6791 -1
5998 81 6774 -1
5999 20 6774 -1
6000 10 6709 -1
6006 68 6700 6783 -1
6016 10 6780 -1
6032 80 6700 6736 6765 6769 6774 6784 -1
6064 4 6780 -1
6082 18 6707 6720 -1
6093 5 6790 -1
6097 26 6715 -1
6134 7 6739 -1
6151 13 6780 -1
6198 14 6789 6790 -1
6217 31 6720 6725 6783 -1
6218 53 6784 -1
6219 4 6723 -1
6220 18 6715 -1
6221 31 6715 6780 -1
6229 19 6714 6784 -1
6241 75 6715 6784 6790 -1
6243 35 6700 6774 -1
6270 88 6714 6736 6765 6770 6772 6789 -1
6272 76 6714 6736 6774 -1
6280 52 6736 6789 -1
6299 78 6714 6715 6720 6736 6739 6755 6783 6784 6788 6789 -1
6305 190 6700 6714 6715 6720 6725 6759 6770 6777 6780 6783 6784 6789 6790 -1
6314 10 6765 -1
6323 44 6783 6784 6789 -1
6346 17 6739 6777 6789 -1
6359 81 6720 6739 6765 6772 6774 6784 -1
6360 35 6736 -1
6377 17 6770 6783 -1
6378 2 6739 -1
6327 108 6715 6720 6724 6736 6765 6783 6784 -1
6398 29 6770 6774 -1
6406 2 6770 -1
6422 11 6762 6770 -1
6443 70 6789 -1
6461 6 6715 -1
6471 5 6790 -1
6483 28 6707 6720 6721 6723 6755 6789 -1
6486 85 6715 6725 6736 6765 6774 6784 -1
6487 4 6755 -1
6488 22 6770 -1
6490 2 6790 -1
6494 101 6759 6765 6790 -1
6510 54 6720 6725 6736 6765 6789 -1
6518 33 6784 -1
6522 29 6770 6777 6783 6789 -1
6523 33 6774 -1
6525 17 6790 -1
6526 11 6770 6783 -1
6460 58 6759 -1
6538 21 6769 6789 -1
6555 35 6772 -1
6560 43 6736 6770 6789 -1
6123 24 6774 6784 -1
6595 12 6715 -1
6596 177 6712 6759 6774 6783 6789 -1
6608 18 6707 6770 6778 -1
6612 7 6765 -1
6618 91 6765 6780 6784 -1
6619 104 6765 6774 6784 6789 -1
6615 160 6714 6736 6765 6770 6772 6774 6783 6784 6789 6790 -1
6616 18 6714 -1
6622 5 6736 -1
6624 135 6712 6780 -1
6627 50 6790 -1
6626 9 6715 -1
6635 9 6784 -1
6655 7 6784 -1
6649 26 6784 -1
6657 11 6715 6774 -1
6658 5 6780 -1
6665 29 6715 -1
6666 6 6715 -1
6696 2 6770 -1
6701 1 6700 -1
6702 10 6700 -1
6710 2 6715 -1
6711 7 6715 -1
6712 11 6715 -1
3293 10 6715 -1
6713 4 6715 -1
6714 100 6715 6736 6770 6774 6784 6789 -1
6718 1 6720 -1
6717 4 6720 6778 -1
6719 3 6720 -1
6611 15 6784 -1
6735 1 6739 -1
6736 33 6739 6774 6783 6788 -1
6737 1 6739 -1
6738 1 6739 -1
6746 2 6736 -1
6751 2 6757 -1
6726 12 6770 -1
6755 2 6774 -1
6772 77 6783 6789 -1
6775 3 6770 -1
6781 8 6789 -1
6784 42 6790 -1
6787 1 6788 -1
6802 3 6755 -1
6804 6 6770 -1
6810 1 6770 -1
6812 2 6770 -1
6811 1 6770 -1
6815 4 6783 -1
6848 14 6774 6784 -1
6620 93 6736 6774 6784 6790 -1
6885 19 6784 -1
6886 7 6790 -1
6899 2 6774 -1
6913 44 6714 6736 6774 6784 -1
6914 95 6714 6736 6780 6784 -1
6906 49 6714 6736 6784 6789 -1
6907 191 6712 6714 6780 6784 6789 -1
6911 5 6714 6774 -1
6912 3 6790 -1
6918 29 6780 -1
6934 65 6736 6765 6784 -1
6941 57 6765 6784 -1
6949 5 6765 6790 -1
6947 1 6765 -1
6971 6 6784 -1
6975 10 6784 6790 -1
6976 41 6774 6784 -1
6984 7 6790 -1
6991 18 6736 6789 -1
6993 81 6774 6784 6790 -1
6995 1 6790 -1
6998 1 6774 -1
6999 1 6774 -1
7000 1 6774 -1
7001 1 6774 -1
7002 2 6774 -1
7003 1 6774 -1
7004 1 6774 -1
7005 13 6774 -1
7006 1 6774 -1
7007 1 6774 -1
7008 1 6774 -1
7009 1 6774 -1
7010 1 6774 -1
7011 3 6774 -1
7012 10 6774 6784 -1
7013 1 6774 -1
7014 2 6774 -1
7015 1 6774 -1
7016 1 6774 -1
7017 1 6774 -1
7018 1 6774 -1
7019 4 6774 -1
7020 3 6774 6780 -1
7021 15 6774 -1
7022 1 6774 -1
7023 8 6774 -1
7024 3 6774 -1
7025 1 6774 -1
7026 13 6774 -1
7027 1 6774 -1
7028 1 6774 -1
7029 2 6774 -1
7052 142 6712 6714 6736 6789 -1
7045 36 6712 6789 -1
7054 40 6712 -1
7046 21 6712 -1
7047 161 6712 6737 6759 6780 -1
7055 98 6712 -1
7063 16 6784 -1
7080 70 6736 6759 -1
6946 68 6780 -1
7086 123 6736 6737 6759 6780 6784 -1
7092 93 6736 6755 6784 -1
7099 18 6714 -1
7104 15 6784 -1
7120 18 6712 -1
7121 7 6714 -1
7128 2 6784 -1
7129 11 6784 -1
7132 30 6784 -1
6994 19 6714 6736 6784 -1
7164 4 6789 -1
7188 14 6789 -1
5143 16 6736 -1
7231 101 6712 -1
7241 21 6784 -1
7245 1 6736 -1
7265 1 6784 -1
7266 6 6714 6784 -1
7267 1 6784 -1
7268 1 6784 -1
7269 1 6784 -1
7270 5 6784 -1
7271 3 6714 6784 -1
7280 89 6737 6780 -1
7293 4 6714 -1
7301 27 6759 -1
7305 1 6714 -1
7171 9 6714 -1
7335 15 6789 -1
7363 1 6789 -1
7391 52 6737 -1
7402 5 6712 -1
7425 7 6780 -1
7449 39 6759 -1
7490 27 6712 6780 -1
7511 16 6780 -1
7564 31 6712 -1
7580 19 6712 -1
7598 33 6712 -1
7659 6 6712 -1
7666 14 6759 -1
7670 1 6712 -1
7675 25 6759 -1
7676 5 6737 -1
7682 36 6759 -1
7774 35 6780 -1
7810 9 6737 -1
7826 1 6709 -1
7827 1 6709 -1
7828 1 6709 -1
7901 30 6737 -1
7902 21 6737 -1
7980 15 6759 -1
8036 19 6780 -1
8047 20 6737 -1
8053 20 6780 -1
8069 4 6780 -1
8023 1 6780 -1
8084 1 6780 -1
8085 16 6780 -1
8086 1 6780 -1
8087 1 6780 -1
8211 11 6737 -1
8050 9 6737 -1
8260 1 6737 -1
8261 1 6737 -1